/*--------------------------------*- C++ -*----------------------------------*\
| =========                 |                                                 |
| \\      /  F ield         | OpenFOAM: The Open Source CFD Toolbox           |
|  \\    /   O peration     | Version:  v1706                                 |
|   \\  /    A nd           | Web:      www.OpenFOAM.com                      |
|    \\/     M anipulation  |                                                 |
\*---------------------------------------------------------------------------*/
FoamFile
{
    version     2.0;
    format      ascii;
    class       volVectorField;
    location    "0.00254";
    object      wallShearStress;
}
// * * * * * * * * * * * * * * * * * * * * * * * * * * * * * * * * * * * * * //

dimensions      [1 -1 -2 0 0 0 0];


internalField   uniform (0 0 0);

boundaryField
{
    inlet
    {
        type            calculated;
        value           uniform (0 0 0);
    }
    object
    {
        type            calculated;
        value           nonuniform List<vector> 
300
(
(-1.248207585 -0.7950003449 5.193082628e-15)
(-1.186186452 -1.297561158 -1.718634845e-15)
(-1.203421105 -2.008120258 -1.574802724e-14)
(-1.223411883 -2.750234701 -3.344751772e-15)
(-1.24964107 -3.499849226 -6.482944975e-15)
(-1.282427391 -4.24957327 -2.263023404e-14)
(-1.321922996 -4.995979378 -3.243866664e-14)
(-1.368290797 -5.737155733 -3.199357685e-14)
(-1.421703994 -6.472011201 -1.831118935e-14)
(-1.482331084 -7.200008131 -1.736373564e-14)
(-1.550323416 -7.921022225 -1.548225595e-14)
(-1.625806592 -8.635244345 -8.730076729e-15)
(-1.708874956 -9.343096963 -6.462135558e-15)
(-1.799588442 -10.04515749 -9.927481749e-15)
(-1.897971289 -10.74208629 -1.201732735e-14)
(-2.004012583 -11.43456116 -1.125654676e-14)
(-2.117668705 -12.12321999 -1.171671159e-14)
(-2.238867959 -12.80861494 -1.10680727e-14)
(-2.367517389 -13.49118061 -1.126211221e-14)
(-2.503511369 -14.17121806 -1.184334858e-14)
(-2.646741177 -14.84889576 -1.167435324e-14)
(-2.7971043 -15.52426518 -8.699634143e-15)
(-2.954512377 -16.19728837 -5.138198671e-15)
(-3.11889684 -16.86787226 -6.469635871e-15)
(-3.2902118 -17.53590427 -7.566438065e-15)
(-3.468434317 -18.20128526 -1.049792352e-14)
(-3.653562151 -18.86395485 -1.307404379e-14)
(-3.845609654 -19.52390763 -1.172991802e-14)
(-4.044602314 -20.18119903 -1.062934992e-14)
(-4.250570547 -20.83594087 -1.20876676e-14)
(-4.463543522 -21.48828854 -1.745083675e-14)
(-4.683543644 -22.13842171 -1.684016974e-14)
(-4.91058257 -22.78652243 -1.887210481e-14)
(-5.144659194 -23.4327533 -1.606134804e-14)
(-5.385760095 -24.07724035 -1.459007122e-14)
(-5.633862021 -24.72006223 -1.538984738e-14)
(-5.88893597 -25.36124811 -1.383249403e-14)
(-6.150951675 -26.0007832 -1.429448429e-14)
(-6.419881509 -26.63861978 -1.646069457e-14)
(-6.695703199 -27.27469154 -1.596177645e-14)
(-6.978400633 -27.90892662 -1.566845767e-14)
(-7.267963055 -28.54125827 -1.436998984e-14)
(-7.564382504 -29.17162965 -1.37946402e-14)
(-7.867650319 -29.79999345 -1.167409594e-14)
(-8.17775341 -30.42630644 -1.088721998e-14)
(-8.494671058 -31.05052024 -1.039899761e-14)
(-8.818373402 -31.67257184 -1.125876241e-14)
(-9.148822167 -32.29237683 -1.048477556e-14)
(-9.485973034 -32.90982534 -1.100710506e-14)
(-9.829780712 -33.52478865 -1.361394103e-14)
(-10.18020299 -34.13712627 -1.574623928e-14)
(-10.53720556 -34.74670258 -1.264119676e-14)
(-10.90076312 -35.35339713 -1.200864113e-14)
(-11.27085886 -35.95711475 -9.729875211e-15)
(-11.64748105 -36.55778832 -9.000568899e-15)
(-12.03061813 -37.15537451 -8.869567723e-15)
(-12.42025224 -37.74984011 -8.186215408e-15)
(-12.81635517 -38.34114979 -7.689441946e-15)
(-13.21888533 -38.92924899 -5.941868591e-15)
(-13.62778984 -39.51405659 -6.772738255e-15)
(-14.04300808 -40.09545956 -5.532483286e-15)
(-14.46447971 -40.67332464 -5.351939235e-15)
(-14.89215134 -41.24751373 -4.151349226e-15)
(-15.32598149 -41.81790204 -3.720477279e-15)
(-15.76594171 -42.38439403 -3.165559401e-15)
(-16.21201132 -42.94692562 -3.497143464e-15)
(-16.66417111 -43.50546272 -4.61595431e-15)
(-17.12239268 -44.05998125 -5.246533861e-15)
(-17.58662962 -44.61044258 -3.957188522e-15)
(-18.05681835 -45.15678296 -3.016209608e-15)
(-18.53287774 -45.69889078 -2.080519834e-15)
(-19.01472187 -46.23661828 -2.288435542e-15)
(-19.50227501 -46.76980563 -1.318761001e-15)
(-19.99548374 -47.29831133 -7.091007647e-16)
(-20.49432571 -47.82204792 -3.801025243e-16)
(-20.99880403 -48.34099253 -9.21169967e-16)
(-21.50893587 -48.85518871 -2.547434669e-15)
(-22.02473114 -49.36471757 -2.672187861e-15)
(-22.54617015 -49.86964987 -2.957212071e-15)
(-23.07318676 -50.36999168 -3.719841388e-15)
(-23.60566567 -50.86564708 -2.632032943e-15)
(-24.14346464 -51.35642871 -2.338877404e-15)
(-24.68643842 -51.84207988 -2.706483867e-15)
(-25.23447253 -52.32234528 -2.495469624e-15)
(-25.7875071 -52.79704227 -2.027785427e-15)
(-26.34553705 -53.26610068 -1.535413267e-15)
(-26.90859692 -53.7295769 -1.128416181e-15)
(-27.47671983 -54.18759964 -1.68569267e-16)
(-28.04989404 -54.64028627 5.652568605e-16)
(-28.62803592 -55.08766155 3.763866136e-16)
(-29.21098614 -55.52960072 1.28515176e-15)
(-29.79853729 -55.9658372 1.954912499e-15)
(-30.39048037 -56.3960267 1.471454996e-15)
(-30.98665135 -56.81984477 8.312154012e-16)
(-31.58696109 -57.2370782 1.363161948e-15)
(-32.19139256 -57.6476645 9.081011277e-16)
(-32.79997838 -58.05168366 5.200003628e-16)
(-33.41275386 -58.44928393 2.988415456e-16)
(-34.02972022 -58.8406023 -1.038593502e-16)
(-34.65082862 -59.22570455 -6.275473878e-16)
(-35.27597513 -59.60455046 -1.588501819e-15)
(-35.90501749 -59.97701385 -8.74173802e-16)
(-36.53778617 -60.34290171 -1.756817872e-15)
(-37.17410721 -60.70199194 -1.256728631e-15)
(-37.81382218 -61.05406644 -1.7719012e-15)
(-38.45682071 -61.39897184 -1.519915842e-15)
(-39.10305644 -61.7366552 -1.113013125e-15)
(-39.75254458 -62.06717716 -3.110502416e-16)
(-40.40534584 -62.39070443 -2.997258604e-16)
(-41.06152026 -62.70744216 -8.530547481e-17)
(-41.7210691 -63.01754297 7.405006851e-16)
(-42.38390479 -63.32103615 8.914012287e-16)
(-43.04982426 -63.61775899 -9.544175205e-17)
(-43.71856253 -63.90740656 -3.657316531e-16)
(-44.3898468 -64.18961313 -5.438729729e-16)
(-45.06350471 -64.46411576 -7.403356467e-16)
(-45.739522 -64.73088731 -5.712397609e-17)
(-46.41803277 -64.99016512 -4.801799125e-16)
(-47.09921208 -65.24231232 -1.788626478e-15)
(-47.78318814 -65.48766346 -1.847618335e-15)
(-48.46995458 -65.72636185 -1.587666137e-15)
(-49.15939843 -65.95835585 -1.728303758e-15)
(-49.85138126 -66.18349119 -1.772122812e-15)
(-50.54585563 -66.40178283 -2.973214435e-15)
(-51.24272569 -66.613049 -1.244953935e-15)
(-51.94246972 -66.81780939 -1.09878529e-15)
(-52.64677158 -67.01675262 -1.122131887e-16)
(-53.36402979 -67.22162102 -1.139388355e-15)
(-54.07796389 -67.41291971 -1.334140459e-15)
(-54.78040966 -67.58168528 -1.796431418e-15)
(-55.48247136 -67.73991783 -1.576171498e-15)
(-56.18555706 -67.89060716 -1.437119523e-15)
(-56.89014637 -68.03434024 -1.585691284e-15)
(-57.59632114 -68.17114423 -2.385954854e-15)
(-58.30398345 -68.30088393 -3.37491855e-15)
(-59.01302361 -68.42345413 -2.789772032e-15)
(-59.72329538 -68.53873883 -2.359761989e-15)
(-60.43467435 -68.64665868 -1.899927429e-15)
(-61.14702419 -68.74713033 -1.414886553e-15)
(-61.86021121 -68.84007951 -1.214508477e-15)
(-62.5741228 -68.92545809 -1.086557561e-15)
(-63.28864016 -69.00321379 -1.232460572e-15)
(-64.00364302 -69.07329851 -8.956987056e-16)
(-64.71902974 -69.1356849 -9.28590364e-17)
(-65.43469439 -69.1903421 -1.741377582e-16)
(-66.15052896 -69.2372409 -4.229335795e-16)
(-66.86642998 -69.2763604 -1.009374873e-16)
(-67.58230718 -69.30769427 1.288722308e-16)
(-68.29806234 -69.33122804 -2.357508923e-16)
(-69.01359843 -69.34695192 -3.41822005e-16)
(-69.72883848 -69.35487713 -6.092699632e-16)
(-70.44368394 -69.3549955 -8.287546592e-16)
(-71.15806219 -69.34732533 -8.325744316e-16)
(-71.87188385 -69.3318686 -8.242384051e-16)
(-72.58507657 -69.30864712 -8.695826058e-16)
(-73.29756652 -69.27768011 -8.667869438e-16)
(-74.00927156 -69.2389782 -1.293623506e-15)
(-74.72011912 -69.1925626 -1.024411807e-15)
(-75.43003023 -69.13844809 -1.133833306e-15)
(-76.13892125 -69.07664593 -1.290088572e-15)
(-76.84671639 -69.00717428 -1.292272049e-15)
(-77.55333425 -68.93004427 -1.518523923e-15)
(-78.25867307 -68.84525091 -1.519200728e-15)
(-78.96266638 -68.75282408 -1.426068606e-15)
(-79.66522016 -68.65276535 -1.053290792e-15)
(-80.36624707 -68.54508838 -7.208355151e-16)
(-81.06567131 -68.42981582 -4.979551057e-16)
(-81.76340591 -68.3069612 -6.568982052e-16)
(-82.45937079 -68.17654752 -1.218217484e-15)
(-83.15349203 -68.03860044 -1.037996287e-15)
(-83.8456964 -67.89315131 -1.206350391e-15)
(-84.53591078 -67.74022972 -1.574854454e-15)
(-85.22406248 -67.57986641 -1.777903265e-15)
(-85.91008958 -67.41209879 -1.001825934e-15)
(-86.59390867 -67.23694644 -1.107314393e-15)
(-87.27545284 -67.05444468 -1.346141147e-15)
(-87.95465648 -66.86463092 -9.582329951e-16)
(-88.63144127 -66.66753087 -1.133191205e-15)
(-89.30573229 -66.46316972 -1.377614255e-15)
(-89.97746041 -66.25158212 -1.530993174e-15)
(-90.64654294 -66.03279083 -1.756803507e-15)
(-91.31290612 -65.80682425 -1.698926693e-15)
(-91.97648386 -65.57372143 -2.009567261e-15)
(-92.63719297 -65.33350494 -1.9477167e-15)
(-93.29495608 -65.08620544 -1.906649048e-15)
(-93.94970425 -64.83186076 -1.924712772e-15)
(-94.60136187 -64.57050449 -1.636782011e-15)
(-95.24986691 -64.30218088 -1.086303148e-15)
(-95.89514741 -64.02692934 -8.419061388e-16)
(-96.53713133 -63.74479237 -9.085649591e-16)
(-97.17575724 -63.45581226 -5.72135882e-16)
(-97.81096806 -63.16003516 -9.1062405e-16)
(-98.44269057 -62.85749825 -1.139594366e-15)
(-99.07087274 -62.54825315 -8.741082432e-16)
(-99.69546247 -62.23235309 -1.021199236e-15)
(-100.3163927 -61.90983796 -1.34283024e-15)
(-100.9336109 -61.58076126 -1.539770426e-15)
(-101.5470597 -61.24516964 -1.875790072e-15)
(-102.1566869 -60.90314265 -2.134464813e-15)
(-102.7657299 -60.56926806 -1.998123857e-15)
(-103.5518835 -60.11481393 -2.181341205e-15)
(-103.9778836 -59.87688238 -1.963324365e-15)
(-104.210204 -59.8236412 -2.324227259e-15)
(-104.364915 -59.85952872 -2.436108478e-15)
(-104.4886488 -59.9255022 -2.754638992e-15)
(-104.5997947 -59.9970465 -3.338297487e-15)
(-104.7051524 -60.06643215 -3.436038121e-15)
(-104.8071799 -60.13233379 -2.956303278e-15)
(-104.9068583 -60.1952815 -2.761894411e-15)
(-105.0046751 -60.25603721 -2.945667115e-15)
(-105.1009338 -60.31517664 -2.91696722e-15)
(-105.1958631 -60.37307881 -2.635835374e-15)
(-105.289635 -60.4299827 -2.947752365e-15)
(-105.3823869 -60.48604597 -2.84292778e-15)
(-105.4742001 -60.54136093 -3.163335588e-15)
(-105.5651352 -60.59599419 -3.187927658e-15)
(-105.6552396 -60.6499956 -2.860385886e-15)
(-105.744552 -60.70340704 -2.815007164e-15)
(-105.8330947 -60.75625683 -2.785768193e-15)
(-105.9208729 -60.80855867 -2.854499755e-15)
(-106.0078997 -60.86033047 -2.906765647e-15)
(-106.0941769 -60.9115818 -3.048926836e-15)
(-106.1797155 -60.96232884 -2.903256197e-15)
(-106.2645208 -61.01258363 -2.656248478e-15)
(-106.3485901 -61.06235153 -2.552868803e-15)
(-106.4319368 -61.11164873 -2.717922893e-15)
(-106.5145697 -61.16048791 -2.530096557e-15)
(-106.5965113 -61.20889112 -2.460140593e-15)
(-106.6777801 -61.25687626 -2.294810582e-15)
(-106.7583847 -61.30445148 -2.419639133e-15)
(-106.8383407 -61.351627 -2.110630157e-15)
(-106.9176584 -61.39840831 -1.980709583e-15)
(-106.9963474 -61.44479623 -2.12375911e-15)
(-107.0743809 -61.49076403 -2.027371801e-15)
(-107.15172 -61.53627544 -2.3585617e-15)
(-107.2283111 -61.58128148 -2.047734151e-15)
(-107.3040845 -61.62572342 -2.118804011e-15)
(-107.3789424 -61.66952467 -2.181335485e-15)
(-107.4527571 -61.7125897 -2.187755027e-15)
(-107.5253976 -61.75482468 -2.055728447e-15)
(-107.5967133 -61.7961275 -2.094433324e-15)
(-107.6665586 -61.83640628 -2.437047279e-15)
(-107.7347831 -61.87557224 -2.387481684e-15)
(-107.8012353 -61.91354092 -2.248254197e-15)
(-107.8657935 -61.95025348 -2.357706417e-15)
(-107.9283497 -61.98566557 -2.106282802e-15)
(-107.9888346 -62.01976313 -2.110957572e-15)
(-108.0472043 -62.0525511 -2.062222928e-15)
(-108.1034385 -62.0840493 -1.934157402e-15)
(-108.1575615 -62.11430565 -1.687161943e-15)
(-108.2096315 -62.14338941 -1.578904266e-15)
(-108.2597468 -62.17139093 -1.966080133e-15)
(-108.3080096 -62.19839708 -1.926534001e-15)
(-108.3545488 -62.22450726 -2.23769531e-15)
(-108.3995146 -62.24982705 -2.171728408e-15)
(-108.4430727 -62.27446706 -2.269501122e-15)
(-108.4853856 -62.29852991 -1.996579439e-15)
(-108.5266046 -62.32210355 -2.356085747e-15)
(-108.5668876 -62.34527613 -2.134467807e-15)
(-108.6063738 -62.36811977 -1.753391608e-15)
(-108.6451995 -62.39070321 -1.854040054e-15)
(-108.6834787 -62.41307915 -1.709696907e-15)
(-108.7212982 -62.43528058 -1.833665604e-15)
(-108.7587411 -62.45733864 -1.593889489e-15)
(-108.7958644 -62.47926878 -1.976446402e-15)
(-108.8327201 -62.50108557 -1.991734393e-15)
(-108.8693378 -62.52279155 -2.11984e-15)
(-108.9057238 -62.54437464 -2.180465837e-15)
(-108.9418825 -62.56582412 -2.38931066e-15)
(-108.9778092 -62.58712768 -2.361792329e-15)
(-109.0135009 -62.60827548 -2.475453297e-15)
(-109.0489257 -62.6292404 -2.418480419e-15)
(-109.0840528 -62.64999911 -2.672545551e-15)
(-109.1188538 -62.67053058 -2.424540699e-15)
(-109.1533048 -62.69081947 -2.644356936e-15)
(-109.187374 -62.71084698 -2.661263776e-15)
(-109.2210201 -62.73058741 -2.480295217e-15)
(-109.2542164 -62.75002566 -2.535862933e-15)
(-109.286929 -62.76914261 -2.264495844e-15)
(-109.3191369 -62.78792896 -2.532982943e-15)
(-109.3508147 -62.80637278 -2.419898251e-15)
(-109.3819292 -62.82445562 -2.424955198e-15)
(-109.4124632 -62.84216985 -2.640065585e-15)
(-109.4423935 -62.85950366 -1.908243847e-15)
(-109.4717103 -62.87645479 -2.065417999e-15)
(-109.5003989 -62.89301794 -1.9770902e-15)
(-109.528437 -62.90918072 -1.803392375e-15)
(-109.555814 -62.92493836 -1.905330048e-15)
(-109.5825223 -62.94028941 -1.751145096e-15)
(-109.6085657 -62.95523867 -1.517826915e-15)
(-109.6339266 -62.96977626 -1.626518384e-15)
(-109.658595 -62.98389783 -1.938600694e-15)
(-109.682568 -62.99760238 -1.811909163e-15)
(-109.7058499 -63.01089502 -1.831800351e-15)
(-109.7284396 -63.02377724 -1.847099145e-15)
(-109.7503271 -63.03624311 -1.764676418e-15)
(-109.7715174 -63.0482966 -1.986135398e-15)
(-109.7920078 -63.05993673 -1.930158083e-15)
(-109.8118031 -63.07117615 -2.114671629e-15)
(-109.8303308 -63.08275441 -2.037072144e-15)
)
;
    }
    outlet
    {
        type            calculated;
        value           uniform (0 0 0);
    }
    front
    {
        type            wedge;
    }
    back
    {
        type            wedge;
    }
}


// ************************************************************************* //
