/*--------------------------------*- C++ -*----------------------------------*\
| =========                 |                                                 |
| \\      /  F ield         | OpenFOAM: The Open Source CFD Toolbox           |
|  \\    /   O peration     | Version:  v1706                                 |
|   \\  /    A nd           | Web:      www.OpenFOAM.com                      |
|    \\/     M anipulation  |                                                 |
\*---------------------------------------------------------------------------*/
FoamFile
{
    version     2.0;
    format      ascii;
    class       volVectorField;
    location    "0.00163";
    object      wallShearStress;
}
// * * * * * * * * * * * * * * * * * * * * * * * * * * * * * * * * * * * * * //

dimensions      [1 -1 -2 0 0 0 0];


internalField   uniform (0 0 0);

boundaryField
{
    inlet
    {
        type            calculated;
        value           nonuniform 0();
    }
    object
    {
        type            calculated;
        value           nonuniform List<vector> 
196
(
(-0.45750199 -0.2049719304 -6.08957618e-15)
(-0.4379401584 -0.3452801405 -1.607247815e-14)
(-0.4409075465 -0.540716792 -3.483607461e-14)
(-0.4428957078 -0.7432526711 -3.01656294e-14)
(-0.4454908675 -0.9480890565 -1.701181496e-14)
(-0.4487032223 -1.153830285 6.644782377e-15)
(-0.4524853785 -1.359834045 1.774047623e-14)
(-0.4568858242 -1.565737536 1.953817128e-14)
(-0.4619203674 -1.771353998 2.192051078e-14)
(-0.4675689481 -1.976541867 1.558117232e-14)
(-0.4738213093 -2.181177059 1.197813365e-14)
(-0.4806623337 -2.385156084 2.150771622e-15)
(-0.4880862081 -2.58836067 -1.695534149e-15)
(-0.4961176551 -2.790690011 -2.723677839e-17)
(-0.5047811231 -2.992095794 -3.156470218e-16)
(-0.5140629105 -3.192542776 -1.005675933e-15)
(-0.5239586789 -3.391980796 -5.380402858e-15)
(-0.5344777411 -3.590363819 -1.21956463e-14)
(-0.5456276674 -3.787672989 -1.698863232e-14)
(-0.5574078544 -3.983891474 -1.897754677e-14)
(-0.5698260969 -4.179010259 -2.178536596e-14)
(-0.5828868121 -4.373038335 -1.841595339e-14)
(-0.5965723774 -4.56596417 -1.300340364e-14)
(-0.6109190143 -4.757806389 -8.657160958e-15)
(-0.6258933207 -4.948590724 -2.475599353e-15)
(-0.6415191047 -5.138327062 -3.960686154e-16)
(-0.6577749889 -5.327038853 -1.003159817e-16)
(-0.6746994283 -5.514747298 3.345714976e-17)
(-0.692262899 -5.701505066 -4.364277687e-17)
(-0.7104554058 -5.887335481 -1.11989492e-15)
(-0.7292867303 -6.072254421 -1.011482224e-18)
(-0.7487734331 -6.256309647 1.637136274e-15)
(-0.7688903689 -6.439546113 6.876857186e-16)
(-0.7896390921 -6.621983119 -5.161236334e-16)
(-0.8110307121 -6.803661063 -1.555683149e-15)
(-0.8330562099 -6.984622441 -1.232223515e-16)
(-0.8557086869 -7.164894938 5.151617478e-17)
(-0.8789884541 -7.344503812 6.222653979e-17)
(-0.902904921 -7.523486589 5.396120004e-16)
(-0.9274441335 -7.701882947 2.085735276e-15)
(-0.9526029672 -7.879714777 7.779049499e-16)
(-0.9783829768 -8.057005986 6.629651971e-17)
(-1.004787726 -8.233785911 -6.401408812e-18)
(-1.031810277 -8.41008161 4.088738365e-17)
(-1.05945043 -8.585912805 1.544889085e-15)
(-1.087703433 -8.76129931 1.426540188e-15)
(-1.116566034 -8.936256774 8.505727107e-17)
(-1.146036921 -9.110800456 6.408115139e-16)
(-1.176116089 -9.284946015 -9.238376117e-17)
(-1.206802457 -9.45870839 1.370776201e-17)
(-1.238094072 -9.632100414 9.46087051e-17)
(-1.269988424 -9.805132689 3.902583049e-16)
(-1.302482986 -9.977813572 1.61601509e-15)
(-1.335575635 -10.15015005 1.389746662e-15)
(-1.369265377 -10.32214959 3.42431866e-15)
(-1.403551335 -10.49381905 1.297171948e-15)
(-1.43843131 -10.66516553 -1.010185357e-17)
(-1.473902079 -10.83619399 -1.275035227e-15)
(-1.509961325 -11.00690915 -1.256034837e-15)
(-1.546608407 -11.17731551 -3.701792812e-16)
(-1.583843357 -11.34741966 -3.983839248e-16)
(-1.621665535 -11.51722699 1.614443289e-16)
(-1.660074097 -11.68674337 2.897257372e-16)
(-1.699067393 -11.85597386 1.139822012e-17)
(-1.738643164 -12.02492268 3.355700805e-18)
(-1.778799486 -12.19359371 -4.379324207e-16)
(-1.819535389 -12.36199071 -1.400772696e-15)
(-1.86085087 -12.53011846 -1.212729181e-15)
(-1.902745787 -12.69798106 -6.157536568e-16)
(-1.945219477 -12.86558229 -1.874877329e-16)
(-1.988271022 -13.0329259 -5.579953948e-16)
(-2.031898935 -13.20001348 -6.412761441e-16)
(-2.076101506 -13.36684668 -1.240229982e-17)
(-2.120877023 -13.53342648 9.236979178e-17)
(-2.166223965 -13.69975322 2.864662503e-17)
(-2.21214125 -13.86582734 -3.216149658e-16)
(-2.258628096 -14.03164936 4.72968514e-16)
(-2.305683666 -14.19721889 -3.736278212e-17)
(-2.353307207 -14.36253635 2.6089031e-16)
(-2.401497622 -14.52760088 1.165021861e-16)
(-2.450253584 -14.69241121 7.000663855e-16)
(-2.499573731 -14.85696636 7.03236368e-16)
(-2.549456339 -15.02126404 1.012016489e-17)
(-2.599899767 -15.18530247 -1.761401805e-17)
(-2.650902217 -15.34907876 1.573840417e-16)
(-2.702461987 -15.51258999 5.510415618e-16)
(-2.754577355 -15.67583252 -6.604169056e-17)
(-2.807246727 -15.83880265 -1.918826311e-17)
(-2.860468386 -16.00149597 -2.192852038e-17)
(-2.914240557 -16.16390712 -8.53218051e-17)
(-2.96856157 -16.32603145 5.865336345e-17)
(-3.023429356 -16.48786236 -3.845784469e-16)
(-3.078842038 -16.6493946 -3.419294076e-16)
(-3.134797202 -16.8106207 -3.738102139e-16)
(-3.19129245 -16.9715341 -9.269635733e-16)
(-3.248325199 -17.13212783 -1.132909202e-16)
(-3.305892672 -17.29239428 -4.230987075e-16)
(-3.363992018 -17.45232522 1.319708005e-16)
(-3.422620799 -17.61191369 1.067716764e-16)
(-3.481776522 -17.7711513 8.595740334e-18)
(-3.541457313 -17.93003297 -3.057320266e-17)
(-3.601661368 -18.08856206 -7.248587936e-17)
(-3.662343674 -18.24676865 8.013075217e-17)
(-3.723340732 -18.40447328 8.373971028e-17)
(-3.785183974 -18.56157158 -3.071707009e-16)
(-3.847605049 -18.71847683 -8.175833363e-17)
(-3.910458854 -18.87508352 -2.555325911e-16)
(-3.973700047 -19.03130603 -1.026643399e-16)
(-4.037392964 -19.18704513 6.948162899e-16)
(-4.101606525 -19.34229862 1.003160714e-15)
(-4.166333437 -19.49709446 1.42410532e-15)
(-4.23155701 -19.6514304 1.475064005e-15)
(-4.297267303 -19.80529965 4.95019385e-16)
(-4.36345721 -19.95869063 -2.979259315e-16)
(-4.430121469 -20.1115918 -8.223189746e-16)
(-4.497255397 -20.2639916 -1.649630151e-15)
(-4.564853909 -20.41587662 -2.683711002e-15)
(-4.632911492 -20.5672325 -1.47217525e-15)
(-4.701422366 -20.71804453 3.823893882e-16)
(-4.770380271 -20.86829645 2.325521447e-16)
(-4.839778815 -21.01797198 1.086218923e-16)
(-4.909611366 -21.16705339 8.626179334e-17)
(-4.979871786 -21.31552256 1.132519382e-16)
(-5.050553518 -21.46336287 1.093156861e-16)
(-5.121640172 -21.61058232 5.63702557e-16)
(-5.192996372 -21.75707884 2.532433418e-16)
(-5.26487607 -21.90271185 -2.424747752e-16)
(-5.337236295 -22.04771312 -1.275049665e-15)
(-5.409976034 -22.19205059 -9.534376448e-16)
(-5.483027232 -22.33565905 -2.513669911e-16)
(-5.55638446 -22.47844625 -3.184682608e-16)
(-5.630086272 -22.62036906 -1.470126153e-16)
(-5.704135982 -22.76142567 1.014782076e-16)
(-5.778521743 -22.90159831 1.580041035e-16)
(-5.85323121 -23.04086516 9.308809857e-17)
(-5.928252936 -23.1792032 -3.623597286e-17)
(-6.003575562 -23.31658926 1.238322521e-17)
(-6.079189085 -23.45299947 -4.423510222e-16)
(-6.15508216 -23.58841156 -3.275416322e-16)
(-6.231245981 -23.72280366 -8.679357881e-17)
(-6.307671446 -23.85615489 3.942224505e-16)
(-6.384349668 -23.98844779 3.485344944e-16)
(-6.461264961 -24.11966146 8.522468328e-17)
(-6.538428683 -24.24979585 7.198399543e-17)
(-6.615730307 -24.37892754 -4.309512411e-16)
(-6.692779298 -24.50671254 -1.268489093e-16)
(-6.77067054 -24.63278374 4.323469675e-17)
(-6.848972398 -24.75813883 9.952493879e-17)
(-6.927251881 -24.88254863 1.196073124e-16)
(-7.005368075 -25.0057893 -1.492243569e-16)
(-7.083288036 -25.12749284 1.214020385e-16)
(-7.161747036 -25.24746701 2.208428156e-17)
(-7.240554157 -25.36628113 -5.282825475e-16)
(-7.319348214 -25.48396855 -5.564968073e-16)
(-7.398020656 -25.60031053 -8.391707539e-16)
(-7.476546851 -25.71510193 -2.96024657e-16)
(-7.555025484 -25.82813646 -1.47814771e-16)
(-7.634001722 -25.93949198 -5.941058893e-16)
(-7.712924942 -26.04965832 -4.44459357e-16)
(-7.791509549 -26.1581816 -2.590382758e-16)
(-7.870340036 -26.26489982 6.263640736e-17)
(-7.948943028 -26.37019564 5.361052292e-16)
(-8.027316959 -26.47361408 2.600315342e-16)
(-8.105820995 -26.57521476 1.585732422e-16)
(-8.184053955 -26.67518127 6.799414251e-16)
(-8.262251749 -26.77322808 2.827062377e-16)
(-8.340195698 -26.86953311 1.566979934e-16)
(-8.418043633 -26.96390103 7.258710455e-16)
(-8.49563452 -27.05644337 1.059621099e-15)
(-8.573114093 -27.14703357 1.381168385e-15)
(-8.65028473 -27.23577976 1.427361364e-15)
(-8.7273257 -27.32247703 9.967594593e-16)
(-8.804055985 -27.40731948 9.716908526e-16)
(-8.880460445 -27.4902058 5.311748517e-16)
(-8.95652232 -27.57110261 2.818641808e-16)
(-9.032231956 -27.64995368 -7.655856188e-18)
(-9.107599425 -27.72671465 -4.689069764e-16)
(-9.182643461 -27.80137365 -6.75221766e-16)
(-9.257344177 -27.87394994 -5.020465958e-16)
(-9.331662347 -27.94442213 -1.587179861e-16)
(-9.405612546 -28.01277651 1.389999871e-17)
(-9.479095401 -28.07902403 -2.399854223e-18)
(-9.552021806 -28.14301607 -7.186694209e-17)
(-9.624486055 -28.20468036 1.115225856e-16)
(-9.696324161 -28.26410913 1.012448676e-16)
(-9.767257226 -28.32096871 5.161198316e-16)
(-9.838024102 -28.37502379 4.098898039e-16)
(-9.907924672 -28.42690016 2.493326889e-16)
(-9.977129356 -28.47587998 1.371436012e-16)
(-10.04558365 -28.5221851 -1.690616977e-16)
(-10.11312283 -28.56573538 -3.335220852e-16)
(-10.17921129 -28.60625183 -8.362925408e-17)
(-10.24438712 -28.6431498 -9.318520896e-17)
(-10.30823011 -28.67670214 -3.256154584e-16)
(-10.3708936 -28.70642394 -1.521606953e-18)
(-10.43169282 -28.73249174 4.100510609e-17)
)
;
    }
    outlet
    {
        type            calculated;
        value           nonuniform 0();
    }
    front
    {
        type            wedge;
    }
    back
    {
        type            wedge;
    }
    procBoundary1to0
    {
        type            processor;
        value           uniform (0 0 0);
    }
    procBoundary1to2
    {
        type            processor;
        value           uniform (0 0 0);
    }
    procBoundary1to3
    {
        type            processor;
        value           uniform (0 0 0);
    }
}


// ************************************************************************* //
