/*--------------------------------*- C++ -*----------------------------------*\
| =========                 |                                                 |
| \\      /  F ield         | OpenFOAM: The Open Source CFD Toolbox           |
|  \\    /   O peration     | Version:  v1706                                 |
|   \\  /    A nd           | Web:      www.OpenFOAM.com                      |
|    \\/     M anipulation  |                                                 |
\*---------------------------------------------------------------------------*/
FoamFile
{
    version     2.0;
    format      ascii;
    class       volVectorField;
    location    "0.00216";
    object      wallShearStress;
}
// * * * * * * * * * * * * * * * * * * * * * * * * * * * * * * * * * * * * * //

dimensions      [1 -1 -2 0 0 0 0];


internalField   uniform (0 0 0);

boundaryField
{
    inlet
    {
        type            calculated;
        value           nonuniform 0();
    }
    object
    {
        type            calculated;
        value           nonuniform List<vector> 
196
(
(-0.1934934904 -0.09106732709 0.002072892024)
(-0.1840855608 -0.1492322929 0.002088134794)
(-0.1854336024 -0.2312840483 0.002106326466)
(-0.1865655974 -0.3172656616 0.002129389469)
(-0.1879904207 -0.4046261711 0.00215742502)
(-0.1897426348 -0.4926988777 0.002190206949)
(-0.1918216628 -0.5812366703 0.002227387387)
(-0.1942230492 -0.6701262874 0.002268568909)
(-0.1969424062 -0.759306701 0.0023133318)
(-0.1999759563 -0.8487398404 0.002361251158)
(-0.2033205699 -0.9383983571 0.002411906369)
(-0.2069737129 -1.02826017 0.002464883496)
(-0.2109333131 -1.118305747 0.002519778552)
(-0.2151977422 -1.208516795 0.002576202653)
(-0.2197656981 -1.298875619 0.002633778303)
(-0.2246361896 -1.38936484 0.002692140792)
(-0.2298084583 -1.479967292 0.002750941115)
(-0.2352819726 -1.570666033 0.002809842206)
(-0.2410563666 -1.661444414 0.002868519346)
(-0.2471314524 -1.752286127 0.002926661727)
(-0.2535071565 -1.843175416 0.002983969496)
(-0.2601834861 -1.934097034 0.003040154068)
(-0.2671605267 -2.02503637 0.003094936999)
(-0.2744384663 -2.115979581 0.003148050362)
(-0.2820175365 -2.206913535 0.003199235244)
(-0.2898980294 -2.297826062 0.003248241162)
(-0.2980802637 -2.388705768 0.003294826576)
(-0.3065645975 -2.479542368 0.003338756956)
(-0.3153513939 -2.570326308 0.00337980441)
(-0.3244410173 -2.661049161 0.003417749753)
(-0.3338338842 -2.751703346 0.003452378338)
(-0.3435303915 -2.842282257 0.003483481162)
(-0.3535309637 -2.932780283 0.00351085486)
(-0.3638360163 -3.023192627 0.003534300795)
(-0.374446003 -3.113515476 0.003553624652)
(-0.3853613279 -3.203745823 0.00356864039)
(-0.3965823956 -3.293881388 0.003579161583)
(-0.4081096657 -3.383920789 0.003585002222)
(-0.4199435275 -3.473863262 0.003585984206)
(-0.4320844642 -3.563708797 0.003581931154)
(-0.444532931 -3.653458042 0.00357267088)
(-0.457289335 -3.743112197 0.003558032856)
(-0.4703541111 -3.832673002 0.003537841927)
(-0.4837276999 -3.922142585 0.003511934003)
(-0.4974106607 -4.01152379 0.003480146662)
(-0.5114033768 -4.100819651 0.003442309831)
(-0.5257063653 -4.190033591 0.003398265524)
(-0.5403201384 -4.2791695 0.003347848322)
(-0.5552452005 -4.368231452 0.003290893986)
(-0.5704820317 -4.457223777 0.003227238882)
(-0.5860311887 -4.546150911 0.003156732476)
(-0.601893208 -4.635017708 0.003079213301)
(-0.6180686803 -4.723828927 0.00299451971)
(-0.6345581787 -4.812589569 0.002902497496)
(-0.6513622515 -4.901304903 0.002802979455)
(-0.6684815256 -4.989979722 0.002695809159)
(-0.6859166155 -5.078619352 0.002580830934)
(-0.7036682307 -5.167228995 0.002457875579)
(-0.7217370683 -5.255814027 0.00232679678)
(-0.7401237078 -5.344379397 0.00218743032)
(-0.7588288758 -5.43293056 0.002039609427)
(-0.7778532887 -5.52147235 0.001883172158)
(-0.797197719 -5.610009832 0.001717959718)
(-0.816862866 -5.698548148 0.001543812474)
(-0.8368494282 -5.787092066 0.00136056706)
(-0.8571583138 -5.87564643 0.001168065513)
(-0.8777902879 -5.964215911 0.0009661363383)
(-0.8987461448 -6.052805321 0.0007546296947)
(-0.9200266813 -6.141418801 0.0005333748489)
(-0.9416327257 -6.230060823 0.0003021989065)
(-0.9635651412 -6.318735811 6.093779659e-05)
(-0.9858247423 -6.407447519 -0.0001905697656)
(-1.008412486 -6.496200091 -0.0004524855538)
(-1.031329209 -6.58499745 -0.0007249966401)
(-1.054575695 -6.673843041 -0.001008255073)
(-1.078152998 -6.762740433 -0.001302434117)
(-1.102061972 -6.851693139 -0.001607706331)
(-1.126303493 -6.940704151 -0.001924240421)
(-1.150878378 -7.029776814 -0.002252210749)
(-1.175787663 -7.118913905 -0.00259176685)
(-1.20103212 -7.208118042 -0.002943092647)
(-1.226612705 -7.297391992 -0.003306367408)
(-1.252530261 -7.386737871 -0.003681736634)
(-1.278785872 -7.476158258 -0.004069403526)
(-1.305380191 -7.56565498 -0.004469536798)
(-1.332314215 -7.655230009 -0.004882292125)
(-1.359588764 -7.744885026 -0.00530785134)
(-1.387204808 -7.834621678 -0.005746386761)
(-1.415163053 -7.924441397 -0.006198063546)
(-1.44346431 -8.014345041 -0.006663041208)
(-1.472109542 -8.104334084 -0.007141509202)
(-1.501099405 -8.194408835 -0.007633647281)
(-1.530434838 -8.284570553 -0.008139641712)
(-1.560116443 -8.374819269 -0.008659650612)
(-1.590145004 -8.4651554 -0.0091938221)
(-1.620521346 -8.555579148 -0.009742333867)
(-1.651246079 -8.646090623 -0.01030535974)
(-1.682319717 -8.736689046 -0.01088309551)
(-1.71374311 -8.827374467 -0.01147567692)
(-1.745516717 -8.918145815 -0.01208328188)
(-1.777641144 -9.009002553 -0.01270608505)
(-1.810116914 -9.099943622 -0.01334423449)
(-1.842944614 -9.190967739 -0.0139979087)
(-1.876124558 -9.282073419 -0.01466726818)
(-1.909657222 -9.373259225 -0.01535246286)
(-1.943543138 -9.464523508 -0.01605368491)
(-1.977782282 -9.555863857 -0.01677109629)
(-2.012375202 -9.647278391 -0.01750485371)
(-2.047322048 -9.73876448 -0.01825506513)
(-2.082623101 -9.830319885 -0.01902189533)
(-2.118278289 -9.921941554 -0.01980553638)
(-2.154287898 -10.01362625 -0.02060609608)
(-2.190651922 -10.10537158 -0.02142374809)
(-2.227370308 -10.19717342 -0.02225859339)
(-2.264442807 -10.28902821 -0.02311079814)
(-2.301869404 -10.38093241 -0.02398051712)
(-2.339649888 -10.47288195 -0.0248678599)
(-2.377784026 -10.5648726 -0.02577297243)
(-2.416271407 -10.6569 -0.02669594429)
(-2.455111484 -10.74895925 -0.02763694262)
(-2.494303817 -10.84104562 -0.02859606717)
(-2.533848001 -10.93315405 -0.0295734803)
(-2.573743174 -11.02527922 -0.03056920215)
(-2.61398856 -11.11741531 -0.03158339647)
(-2.654583482 -11.20955707 -0.03261617669)
(-2.695527128 -11.30169843 -0.03366764551)
(-2.736818312 -11.39383311 -0.03473782975)
(-2.778456045 -11.48595467 -0.03582688906)
(-2.820439216 -11.57805682 -0.03693483476)
(-2.862766401 -11.67013208 -0.03806174433)
(-2.905436613 -11.76217436 -0.03920773615)
(-2.94844796 -11.85417564 -0.04037283705)
(-2.991799306 -11.94612884 -0.04155713332)
(-3.035488912 -12.03802636 -0.04276067975)
(-3.079514748 -12.12986013 -0.04398343447)
(-3.123875281 -12.22162195 -0.04522553479)
(-3.168568644 -12.31330394 -0.0464869205)
(-3.213592801 -12.40489732 -0.04776766229)
(-3.25894529 -12.49639312 -0.04906782666)
(-3.30462426 -12.58778334 -0.05038735498)
(-3.350626989 -12.67905793 -0.0517262831)
(-3.396951151 -12.7702078 -0.0530845305)
(-3.443594247 -12.86122355 -0.05446217234)
(-3.490553525 -12.95209564 -0.0558590653)
(-3.53782621 -13.04281434 -0.05727526698)
(-3.58540926 -13.1333685 -0.05871075575)
(-3.633299957 -13.22374911 -0.0601654156)
(-3.681494793 -13.31394534 -0.06163927416)
(-3.729990512 -13.40394619 -0.06313210932)
(-3.778783821 -13.49374097 -0.06464391287)
(-3.827871124 -13.58331865 -0.06617457786)
(-3.877248726 -13.67266803 -0.06772398893)
(-3.926912974 -13.76177768 -0.06929210679)
(-3.976859594 -13.8506357 -0.07087880345)
(-4.027084777 -13.93923094 -0.0724839649)
(-4.077584156 -14.02755075 -0.07410735874)
(-4.128353513 -14.11558308 -0.07574896578)
(-4.179388036 -14.2033153 -0.07740861951)
(-4.230683138 -14.29073526 -0.07908603477)
(-4.282233817 -14.37782977 -0.08078112459)
(-4.334035014 -14.46458547 -0.08249363311)
(-4.38608144 -14.5509885 -0.08422339567)
(-4.438367456 -14.63702567 -0.08597027105)
(-4.490887583 -14.72268293 -0.08773398979)
(-4.543635591 -14.80794544 -0.08951426628)
(-4.596605741 -14.89279893 -0.09131088789)
(-4.649791323 -14.97722809 -0.09312362097)
(-4.703185404 -15.06121692 -0.09495230155)
(-4.756781461 -15.14475054 -0.09679658187)
(-4.810571759 -15.22781186 -0.09865616202)
(-4.864548721 -15.31038358 -0.1005307194)
(-4.918703895 -15.39244797 -0.1024199457)
(-4.973029394 -15.4739878 -0.1043235951)
(-5.027515961 -15.55498367 -0.1062412477)
(-5.082153875 -15.63541544 -0.1081727181)
(-5.136933702 -15.715263 -0.1101176101)
(-5.191844327 -15.79450438 -0.1120755983)
(-5.246874525 -15.87311673 -0.1140463796)
(-5.302012094 -15.95107657 -0.1160294598)
(-5.357244233 -16.02835814 -0.1180245573)
(-5.412556623 -16.10493397 -0.1200311298)
(-5.467933924 -16.18077495 -0.1220489343)
(-5.523360134 -16.25585098 -0.1240775074)
(-5.578816853 -16.33012771 -0.1261164421)
(-5.63428432 -16.40356874 -0.1281653107)
(-5.689740202 -16.47613373 -0.1302236825)
(-5.74516021 -16.54777912 -0.1322911749)
(-5.800516506 -16.61845594 -0.1343671999)
(-5.85577712 -16.6881089 -0.1364514234)
(-5.910906444 -16.75667707 -0.1385435639)
(-5.965861893 -16.82408946 -0.14064313)
(-6.020593688 -16.89026498 -0.1427497652)
(-6.075041791 -16.95510829 -0.1448634452)
(-6.129133033 -17.0185079 -0.1469842454)
(-6.182771998 -17.08032825 -0.1491126127)
(-6.235825788 -17.14040622 -0.1512496818)
)
;
    }
    outlet
    {
        type            calculated;
        value           nonuniform 0();
    }
    front
    {
        type            wedge;
    }
    back
    {
        type            wedge;
    }
    procBoundary1to0
    {
        type            processor;
        value           uniform (0 0 0);
    }
    procBoundary1to2
    {
        type            processor;
        value           uniform (0 0 0);
    }
    procBoundary1to3
    {
        type            processor;
        value           uniform (0 0 0);
    }
}


// ************************************************************************* //
