/*--------------------------------*- C++ -*----------------------------------*\
| =========                 |                                                 |
| \\      /  F ield         | OpenFOAM: The Open Source CFD Toolbox           |
|  \\    /   O peration     | Version:  v1706                                 |
|   \\  /    A nd           | Web:      www.OpenFOAM.com                      |
|    \\/     M anipulation  |                                                 |
\*---------------------------------------------------------------------------*/
FoamFile
{
    version     2.0;
    format      ascii;
    class       volVectorField;
    location    "0.00134";
    object      wallShearStress;
}
// * * * * * * * * * * * * * * * * * * * * * * * * * * * * * * * * * * * * * //

dimensions      [1 -1 -2 0 0 0 0];


internalField   uniform (0 0 0);

boundaryField
{
    inlet
    {
        type            calculated;
        value           uniform (0 0 0);
    }
    object
    {
        type            calculated;
        value           nonuniform List<vector> 
300
(
(-2.657016611 -0.8510318151 2.588635323e-14)
(-2.510762398 -1.386494877 4.719092677e-14)
(-2.522803607 -2.138891658 5.013750734e-14)
(-2.531076844 -2.91937372 1.477539816e-14)
(-2.543722768 -3.702354669 2.756247234e-14)
(-2.5618442 -4.480087762 2.537775428e-14)
(-2.586057562 -5.249213455 5.137609657e-14)
(-2.616889257 -6.008070896 6.445712261e-14)
(-2.654800006 -6.755893477 6.982408289e-14)
(-2.700170775 -7.492475167 7.852710173e-14)
(-2.753293398 -8.217987777 6.016401436e-14)
(-2.814370658 -8.932859138 5.142297641e-14)
(-2.883523867 -9.637683353 3.991696947e-14)
(-2.960804817 -10.33315224 3.4517265e-14)
(-3.04620956 -11.02000335 2.732166323e-14)
(-3.139692062 -11.69898129 1.723342378e-14)
(-3.24117665 -12.37081026 5.245576991e-17)
(-3.350568627 -13.03617556 -2.03024417e-15)
(-3.467762919 -13.69571235 -4.700196764e-15)
(-3.592650719 -14.34999957 -4.122795612e-15)
(-3.725124523 -14.99955824 -4.752982608e-15)
(-3.865081724 -15.64485257 -8.631490067e-15)
(-4.012427038 -16.28629295 -9.449017436e-15)
(-4.167074123 -16.92424035 -4.88050844e-15)
(-4.328946638 -17.55901168 -7.216259578e-16)
(-4.497978766 -18.19088524 3.55302765e-16)
(-4.674115534 -18.82010647 1.071117541e-15)
(-4.857313032 -19.44689403 2.410929441e-15)
(-5.047538342 -20.07144506 6.321037945e-15)
(-5.244769602 -20.69394076 9.90435337e-15)
(-5.448995823 -21.31455163 7.613880954e-15)
(-5.660216717 -21.93344214 6.892076817e-15)
(-5.878442009 -22.55077477 5.98994479e-15)
(-6.103690668 -23.16671366 5.138324135e-15)
(-6.335989281 -23.78142699 4.245271073e-15)
(-6.57536982 -24.39508829 3.661832039e-15)
(-6.821866108 -25.00787554 1.82440425e-15)
(-7.075509438 -25.61996848 -2.43911313e-15)
(-7.336322349 -26.23154183 -1.176078849e-15)
(-7.604312116 -26.84275655 4.993459232e-16)
(-7.879463349 -27.45374653 4.116550207e-15)
(-8.161731572 -28.06460271 5.363242186e-15)
(-8.451039029 -28.67535595 4.650281393e-15)
(-8.747273961 -29.28596076 4.076164301e-15)
(-9.0502938 -29.89628316 1.707628631e-15)
(-9.359932275 -30.50609614 1.569507354e-15)
(-9.676007899 -31.11508302 2.087769704e-15)
(-9.998332835 -31.7228475 2.390905085e-15)
(-10.32672121 -32.32893019 3.19278615e-15)
(-10.66099587 -32.93282773 8.376470384e-15)
(-11.00099412 -33.53401392 7.60504455e-15)
(-11.34657161 -34.13196025 9.677001121e-15)
(-11.69760562 -34.72615599 7.871386724e-15)
(-12.0539972 -35.3161261 6.127985496e-15)
(-12.41567187 -35.90144511 9.47229728e-15)
(-12.78258104 -36.48175017 7.572379211e-15)
(-13.15470239 -37.05675015 6.214527434e-15)
(-13.53203996 -37.62623262 4.67953192e-15)
(-13.91462456 -38.19006805 3.990143398e-15)
(-14.30251397 -38.74821376 2.525719697e-15)
(-14.6957919 -39.300714 2.990182164e-15)
(-15.09456646 -39.84769959 3.073535204e-15)
(-15.49896661 -40.38938427 1.999315805e-15)
(-15.90913489 -40.92605794 8.33342527e-17)
(-16.32521778 -41.45807358 -2.72866795e-16)
(-16.74735083 -41.98582983 -1.132160573e-15)
(-17.17564042 -42.50974078 -1.27517766e-15)
(-17.61014497 -43.03019989 -1.205822051e-15)
(-18.05085957 -43.54753656 -2.021852251e-15)
(-18.49770873 -44.06197478 -3.571489882e-15)
(-18.9505515 -44.57360168 -3.892544751e-15)
(-19.40919437 -45.08235419 -7.789811098e-16)
(-19.87341125 -45.58802695 -3.064713318e-16)
(-20.34296323 -46.09029812 -2.08835192e-15)
(-20.81761519 -46.58876176 -1.538140623e-15)
(-21.29715028 -47.08296604 -1.704953461e-15)
(-21.78138099 -47.57245103 -3.22815241e-15)
(-22.27015847 -48.0567836 -5.638606197e-15)
(-22.76337758 -48.53558837 -6.812051832e-15)
(-23.26098291 -49.00856976 -5.41353808e-15)
(-23.76297369 -49.47553459 -3.957716362e-15)
(-24.26940709 -49.93640581 -1.76397048e-15)
(-24.78040109 -50.3912343 -4.557325479e-16)
(-25.29613372 -50.8402091 -5.779956322e-16)
(-25.81683286 -51.28365747 7.781613702e-16)
(-26.34275218 -51.72203219 6.031550957e-16)
(-26.8741322 -52.15587051 2.029596591e-16)
(-27.4111531 -52.58572745 -2.011506385e-16)
(-27.95389545 -53.01208569 4.751792214e-16)
(-28.50232096 -53.43527305 1.417786845e-15)
(-29.05627397 -53.85540989 9.683501912e-16)
(-29.61549701 -54.27238969 1.348545363e-15)
(-30.17965592 -54.68588779 3.28404995e-15)
(-30.74837551 -55.0953961 2.842351933e-15)
(-31.32128206 -55.50028657 3.590320176e-15)
(-31.89804543 -55.89989203 2.504300567e-15)
(-32.47841263 -56.29359081 5.988934924e-16)
(-33.0622236 -56.68088058 -4.579958657e-17)
(-33.64941017 -57.06142616 -2.47426494e-16)
(-34.23997091 -57.43507219 -4.496349203e-16)
(-34.83393627 -57.80179532 -1.46129484e-15)
(-35.43134705 -58.16167205 -1.285519701e-15)
(-36.03223927 -58.51482451 -2.419836828e-15)
(-36.63663414 -58.86138962 -6.578020005e-16)
(-37.24452965 -59.20148786 -5.896267952e-16)
(-37.85591356 -59.53521464 -4.206092653e-16)
(-38.47075195 -59.86265317 -6.575471204e-16)
(-39.08898876 -60.18381355 -1.049024166e-15)
(-39.71058383 -60.49872202 -1.515693821e-15)
(-40.33550813 -60.80735391 2.344529876e-16)
(-40.96383099 -61.10978478 -1.941406769e-15)
(-41.59571821 -61.4061976 -2.334024979e-15)
(-42.23144552 -61.69699178 -1.32937247e-15)
(-42.87129291 -61.98267403 -1.231838932e-15)
(-43.51546245 -62.26374386 -7.065224381e-16)
(-44.16402474 -62.54051098 -6.159036752e-16)
(-44.81687711 -62.81316622 -1.745208031e-15)
(-45.47373706 -63.08122905 -9.05614325e-16)
(-46.13448057 -63.34491085 -2.332420767e-16)
(-46.79817663 -63.60294096 7.782709652e-17)
(-47.46467581 -63.85458143 1.923708196e-15)
(-48.13424917 -64.09978702 2.3974678e-15)
(-48.80830918 -64.33855523 9.035927313e-16)
(-49.49135858 -64.57657643 9.931455648e-16)
(-50.18063864 -64.81430599 2.02577192e-15)
(-50.85385849 -65.02523315 3.383048416e-15)
(-51.52831543 -65.22325512 1.657344142e-15)
(-52.20441864 -65.41383577 5.91579111e-16)
(-52.88312984 -65.59892967 2.421545644e-16)
(-53.56491374 -65.77934013 -1.286435232e-15)
(-54.24988388 -65.9552289 -1.194762829e-15)
(-54.93793352 -66.12640198 -1.971179257e-15)
(-55.6287979 -66.29242777 -6.465807657e-16)
(-56.32214594 -66.45276292 -8.935676424e-16)
(-57.01766485 -66.60689734 -1.016069815e-15)
(-57.71508555 -66.75439196 -1.283704767e-15)
(-58.41423591 -66.89498366 -2.096311944e-15)
(-59.11501533 -67.02854227 -1.687043368e-15)
(-59.8174115 -67.15510754 -1.46681897e-15)
(-60.5214353 -67.27478508 -7.640191953e-16)
(-61.22711438 -67.3877245 -8.990918204e-16)
(-61.93446195 -67.49405657 -1.156633357e-15)
(-62.64346602 -67.59387145 -8.854644365e-16)
(-63.35408687 -67.68720148 -5.649906684e-16)
(-64.06625193 -67.77402058 -2.593431784e-16)
(-64.77987295 -67.85426033 -3.891638591e-16)
(-65.49486591 -67.92786091 -1.532529675e-16)
(-66.21114011 -67.99475143 1.698510135e-16)
(-66.92861617 -68.05487913 -1.280337445e-17)
(-67.64722985 -68.10822718 5.710311233e-16)
(-68.3669225 -68.15478215 4.417107657e-16)
(-69.08763041 -68.19454622 -2.278993396e-16)
(-69.80929885 -68.22752049 1.46908365e-16)
(-70.53187346 -68.2537107 2.634792265e-16)
(-71.255297 -68.2731233 -1.615229094e-16)
(-71.97950842 -68.2857484 -2.186904693e-16)
(-72.70445202 -68.29158633 -3.533408225e-16)
(-73.43007214 -68.29063449 -1.174098889e-15)
(-74.15630179 -68.28288232 -1.001981687e-15)
(-74.88308866 -68.26832759 -5.197333477e-16)
(-75.6103801 -68.24698281 -1.438126207e-16)
(-76.33811404 -68.21883439 9.733258506e-16)
(-77.06624314 -68.18389821 2.723233745e-16)
(-77.79470641 -68.14217329 2.511202444e-17)
(-78.52344776 -68.09365814 -3.242826561e-17)
(-79.25241921 -68.03836549 1.239872216e-16)
(-79.98155871 -67.97629293 5.03815667e-16)
(-80.71081434 -67.90744502 -9.338214755e-17)
(-81.44013393 -67.83182922 -2.65102834e-16)
(-82.16945253 -67.74944124 -7.923400039e-16)
(-82.89871813 -67.66028061 -9.830627398e-16)
(-83.62788116 -67.56436344 -1.434329743e-15)
(-84.35687793 -67.46168522 -1.060916865e-15)
(-85.08565207 -67.35224179 -2.837441022e-16)
(-85.81414287 -67.23604912 -5.654770466e-17)
(-86.54230065 -67.11310679 4.215196079e-16)
(-87.27006778 -66.98342632 3.696844247e-16)
(-87.99737561 -66.84700151 1.408766537e-16)
(-88.72417445 -66.70384344 3.154869958e-16)
(-89.45040902 -66.5539558 3.138864379e-16)
(-90.17601616 -66.39734593 2.36789549e-16)
(-90.90094075 -66.23402307 2.401993606e-16)
(-91.62513118 -66.06399262 3.844931689e-17)
(-92.34853106 -65.88726939 -1.150860509e-16)
(-93.07108177 -65.70386221 -1.835717816e-16)
(-93.79273467 -65.51378089 -1.372517232e-15)
(-94.51343115 -65.31703975 -1.208142693e-15)
(-95.23310976 -65.11364393 -1.164815957e-15)
(-95.95172419 -64.90360396 -1.487147994e-15)
(-96.66922724 -64.68694914 -1.461432636e-15)
(-97.38555525 -64.46368027 -1.498331523e-15)
(-98.10065364 -64.23380599 -2.235487105e-15)
(-98.81447523 -63.99735903 -1.998462965e-15)
(-99.52695151 -63.75435676 -1.854364239e-15)
(-100.2380315 -63.50481385 -1.721633829e-15)
(-100.947663 -63.24874157 -2.049372639e-15)
(-101.6558006 -62.9861548 -2.495026025e-15)
(-102.3623922 -62.71706842 -1.811759462e-15)
(-103.0673887 -62.44159262 -1.595607833e-15)
(-103.7760155 -62.18978184 -1.340424873e-15)
(-105.5186994 -61.21679823 6.208591209e-16)
(-106.3435948 -60.93067824 -1.231922059e-16)
(-106.8057866 -60.98287847 -1.722070333e-15)
(-107.1531001 -61.15473476 -1.410489147e-15)
(-107.4600615 -61.34816959 -1.565590921e-15)
(-107.7499149 -61.53588591 -1.493597504e-15)
(-108.0296694 -61.71389908 -9.375826512e-16)
(-108.3016555 -61.88368937 -1.393483199e-15)
(-108.5668689 -62.04705485 -9.374275087e-16)
(-108.8258292 -62.20512779 -2.180178661e-15)
(-109.0786519 -62.3583436 -2.522482069e-15)
(-109.3250543 -62.50660709 -3.170761236e-15)
(-109.5643736 -62.64944038 -4.519961287e-15)
(-109.7956097 -62.78612242 -3.861322875e-15)
(-110.0176224 -62.91589407 -4.966343938e-15)
(-110.2292716 -63.03810013 -5.452807605e-15)
(-110.4296045 -63.15233793 -4.922352261e-15)
(-110.618051 -63.25856341 -3.136337078e-15)
(-110.7944845 -63.35709426 -3.474247259e-15)
(-110.9592783 -63.44858752 -3.719724054e-15)
(-111.1132334 -63.53392979 -3.818578494e-15)
(-111.2574626 -63.61412215 -3.685525579e-15)
(-111.3933099 -63.69019575 -4.189757781e-15)
(-111.5221608 -63.76308277 -2.939684106e-15)
(-111.6453402 -63.83356894 -3.613262479e-15)
(-111.7640274 -63.90226108 -2.917726397e-15)
(-111.8791667 -63.96956625 -3.669690625e-15)
(-111.9915008 -64.03574217 -5.144936419e-15)
(-112.1015318 -64.10089573 -5.113373771e-15)
(-112.2095434 -64.16502221 -5.345584495e-15)
(-112.3156739 -64.22805575 -6.195925859e-15)
(-112.4199187 -64.28987884 -5.320497728e-15)
(-112.5222007 -64.35036486 -5.18542688e-15)
(-112.6223786 -64.40937471 -4.058146179e-15)
(-112.7202672 -64.4667712 -3.93871109e-15)
(-112.8156987 -64.52244677 -3.412417354e-15)
(-112.908506 -64.57631416 -3.42395003e-15)
(-112.9985751 -64.62833594 -2.998857871e-15)
(-113.0858353 -64.67851177 -3.71856143e-15)
(-113.1702589 -64.72688033 -3.59305162e-15)
(-113.2519171 -64.77354655 -3.996991849e-15)
(-113.3309312 -64.81864076 -3.090112262e-15)
(-113.4074583 -64.86230867 -2.984519078e-15)
(-113.4817095 -64.90471123 -4.014085466e-15)
(-113.553892 -64.94598858 -3.6854945e-15)
(-113.6242214 -64.98626822 -2.860822935e-15)
(-113.692882 -65.02563938 -3.736392613e-15)
(-113.7600112 -65.06415682 -3.330844e-15)
(-113.8257376 -65.10186684 -3.054053741e-15)
(-113.8901529 -65.13880062 -2.702613301e-15)
(-113.9533588 -65.17500881 -2.965092287e-15)
(-114.0154578 -65.21055366 -3.09355888e-15)
(-114.0765557 -65.24551589 -3.268482397e-15)
(-114.1368243 -65.28002766 -3.457646653e-15)
(-114.1964535 -65.31423457 -2.943290413e-15)
(-114.2556701 -65.34830573 -2.447902696e-15)
(-114.3147353 -65.38242319 -3.235816423e-15)
(-114.3738998 -65.41675269 -2.598324458e-15)
(-114.4334465 -65.45146717 -2.348761267e-15)
(-114.4936314 -65.48670729 -2.673816774e-15)
(-114.5546719 -65.52258311 -2.124774092e-15)
(-114.6167794 -65.55919406 -1.828338672e-15)
(-114.680125 -65.59661665 -1.777412887e-15)
(-114.7448803 -65.63493616 -1.671373033e-15)
(-114.8112052 -65.67423875 -1.392669677e-15)
(-114.879254 -65.71462422 -1.405854952e-15)
(-114.9492257 -65.75623061 -1.760466459e-15)
(-115.0213334 -65.79921514 -1.107306826e-15)
(-115.0958389 -65.84376871 -6.388194393e-16)
(-115.1730182 -65.8900828 -1.462056155e-15)
(-115.253135 -65.93833091 -1.042001901e-15)
(-115.3364721 -65.98868049 -1.313962318e-15)
(-115.4232625 -66.0412442 -1.376023683e-15)
(-115.5136678 -66.09607338 -1.07711675e-15)
(-115.6078006 -66.15317212 -9.939875282e-16)
(-115.7056823 -66.21248245 -8.185217482e-16)
(-115.8072816 -66.27391803 -4.185819382e-16)
(-115.9125031 -66.33736228 -3.658127052e-16)
(-116.0212018 -66.40269089 -1.739878167e-16)
(-116.1332443 -66.46980932 -1.192620882e-16)
(-116.2484958 -66.53864761 2.233141355e-16)
(-116.3668717 -66.60918887 3.19704868e-16)
(-116.4883222 -66.68144807 3.857210371e-16)
(-116.6128228 -66.75546222 -1.078042315e-16)
(-116.740419 -66.83130723 -4.429725814e-18)
(-116.87116 -66.90904497 1.487947984e-16)
(-117.0051008 -66.98872449 -9.133673433e-17)
(-117.1422899 -67.07036907 -2.461990488e-16)
(-117.2827201 -67.15395052 -4.242959706e-16)
(-117.4263764 -67.23942364 -3.283130762e-16)
(-117.5731866 -67.32669962 -6.098303172e-16)
(-117.7230248 -67.41566239 -3.458576511e-16)
(-117.8757599 -67.50620225 -2.81420375e-16)
(-118.0312357 -67.59821169 -2.806314113e-16)
(-118.1893227 -67.69162129 -2.892656388e-16)
(-118.3499088 -67.78638892 -2.997162454e-16)
(-118.5129009 -67.88250267 -3.863037652e-16)
(-118.678285 -67.98001048 -8.986685361e-16)
(-118.846066 -68.0789784 -7.323389438e-16)
(-119.0127145 -68.1852064 -7.478088803e-16)
)
;
    }
    outlet
    {
        type            calculated;
        value           uniform (0 0 0);
    }
    front
    {
        type            wedge;
    }
    back
    {
        type            wedge;
    }
}


// ************************************************************************* //
