/*--------------------------------*- C++ -*----------------------------------*\
| =========                 |                                                 |
| \\      /  F ield         | OpenFOAM: The Open Source CFD Toolbox           |
|  \\    /   O peration     | Version:  v1706                                 |
|   \\  /    A nd           | Web:      www.OpenFOAM.com                      |
|    \\/     M anipulation  |                                                 |
\*---------------------------------------------------------------------------*/
FoamFile
{
    version     2.0;
    format      ascii;
    class       volScalarField;
    location    "0.00134";
    object      wallHeatFlux;
}
// * * * * * * * * * * * * * * * * * * * * * * * * * * * * * * * * * * * * * //

dimensions      [1 0 -3 0 0 0 0];


internalField   uniform 0;

boundaryField
{
    inlet
    {
        type            calculated;
        value           uniform 0;
    }
    object
    {
        type            calculated;
        value           nonuniform List<scalar> 
300
(
635108.7769
636376.0665
636840.4221
637090.4783
637229.1691
637294.8329
637306.8063
637276.6839
637212.2117
637118.929
637000.9642
636861.4603
636702.8381
636526.9651
636335.2814
636128.8871
635908.6137
635675.082
635428.7525
635169.9517
634898.9092
634615.7799
634320.6581
634013.5926
633694.602
633363.6774
633020.7852
632665.8832
632298.9083
631919.7836
631528.4211
631124.7209
630708.5608
630279.8036
629838.2894
629383.8397
628916.2485
628435.2952
627940.7266
627432.2834
626909.7001
626372.7201
625821.1196
625254.7276
624673.4405
624077.2508
623466.2553
622840.653
622200.7512
621546.9475
620879.7193
620199.5945
619507.1405
618802.945
618087.5735
617361.5711
616625.432
615879.5789
615124.348
614359.9858
613586.6208
612804.2666
612012.8116
611212.0127
610401.5112
609580.8544
608749.5138
607906.9403
607052.6215
606186.1478
605307.2816
604415.9601
603512.3249
602596.7101
601669.5884
600731.5325
599783.1632
598825.1086
597857.9346
596882.1197
595898.0146
594905.7913
593905.4117
592896.6144
591878.8898
590851.4917
589813.5012
588763.9376
587701.9247
586626.8299
585538.3751
584436.6895
583322.2988
582196.0796
581059.1505
579912.7365
578758.0102
577595.925
576427.1641
575252.0881
574070.7836
572883.1517
571689.1008
570488.4246
569280.9108
568066.4821
566845.0173
565616.5466
564381.1058
563138.7034
561889.162
560632.0247
559366.2942
558090.7664
556804.1921
555505.8862
554195.3971
552873.8511
551540.7369
550199.3531
548851.2131
547496.0364
546131.8796
544742.913
543338.5743
541993.7431
540655.5604
539314.3441
537965.4234
536606.5352
535237.0794
533857.4174
532468.5651
531071.9287
529668.8077
528260.393
526847.3752
525430.2213
524008.9314
522583.2428
521152.8337
519717.4751
518276.9595
516831.2502
515380.3932
513924.6651
512464.2596
510999.3741
509530.2391
508056.9835
506579.8061
505098.6268
503613.5748
502124.7444
500632.1331
499135.8327
497635.9364
496132.5452
494625.665
493115.4577
491601.9347
490085.198
488565.3335
487042.3341
485516.2891
483987.2904
482455.3529
480920.577
479383.0302
477842.7124
476299.7841
474754.3179
473206.3187
471655.9243
470103.1191
468548.082
466990.8628
465431.4675
463870.0124
462306.6132
460741.2837
459174.0781
457605.1307
456034.4908
454462.1853
452888.3384
451312.9626
449736.078
448157.8417
446578.2966
444997.4531
443415.3988
441832.1873
440247.906
438662.5864
437076.2577
435489.0016
433900.8906
432311.9743
430723.9629
429297.285
428812.8393
428258.4251
427530.751
426705.0376
425838.2983
424957.9198
424075.1759
423194.8527
422319.9482
421453.4208
420599.1755
419762.1855
418948.2552
418163.6125
417413.9672
416703.8326
416035.9439
415410.9065
414827.2679
414281.7064
413769.5851
413285.6915
412824.6188
412381.4221
411951.8701
411532.6122
411121.3686
410716.675
410317.8328
409924.7637
409537.8131
409157.6632
408785.0927
408420.9384
408066.0263
407721.0644
407386.6334
407063.0128
406750.1814
406447.9367
406155.7352
405872.8375
405598.4122
405331.6013
405071.6653
404817.9259
404569.8501
404327.0499
404089.2031
403856.0466
403627.1903
403402.098
403180.1778
402960.5698
402742.3306
402524.3898
402305.5962
402084.9251
401861.3477
401633.9487
401401.9528
401164.6758
400921.54
400671.9
400415.0419
400150.1495
399876.2491
399592.2786
399297.0211
398989.2222
398667.8136
398331.8292
397980.5713
397613.6798
397231.1117
396833.1647
396420.2872
395993.0393
395551.9976
395097.6251
394630.2593
394149.9668
393656.591
393149.9256
392629.5898
392095.2778
391546.757
390983.9217
390406.9668
389816.2072
389212.1223
388595.3071
387966.3618
387325.8645
386674.1873
386011.4846
385337.7951
384652.8626
383956.3933
)
;
    }
    outlet
    {
        type            calculated;
        value           uniform 0;
    }
    front
    {
        type            wedge;
    }
    back
    {
        type            wedge;
    }
}


// ************************************************************************* //
