/*--------------------------------*- C++ -*----------------------------------*\
| =========                 |                                                 |
| \\      /  F ield         | OpenFOAM: The Open Source CFD Toolbox           |
|  \\    /   O peration     | Version:  v1706                                 |
|   \\  /    A nd           | Web:      www.OpenFOAM.com                      |
|    \\/     M anipulation  |                                                 |
\*---------------------------------------------------------------------------*/
FoamFile
{
    version     2.0;
    format      ascii;
    class       volScalarField;
    location    "0.00069";
    object      wallHeatFlux;
}
// * * * * * * * * * * * * * * * * * * * * * * * * * * * * * * * * * * * * * //

dimensions      [1 0 -3 0 0 0 0];


internalField   uniform 0;

boundaryField
{
    inlet
    {
        type            calculated;
        value           uniform 0;
    }
    object
    {
        type            calculated;
        value           nonuniform List<scalar> 
300
(
638153.6437
639478.2178
639953.0894
640206.8209
640345.6228
640409.349
640418.251
640384.4708
640316.0442
640218.6108
640096.2642
639952.0262
639788.1381
639606.2623
639407.6208
639193.1011
638963.3371
638718.7724
638459.7066
638186.332
637898.7703
637597.0855
637281.3018
636951.4288
636607.4471
636249.345
635877.0919
635490.6734
635090.0664
634675.2515
634246.2201
633802.9589
633345.4679
632873.7354
632387.7651
631887.5437
631373.0671
630844.3174
630301.2689
629743.8813
629172.0956
628585.8312
627984.9748
627369.3863
626738.8837
626093.2406
625432.1917
624755.4367
624062.6387
623353.4657
622627.5919
621884.7593
621124.8085
620347.7039
619553.5552
618742.6234
617915.3006
617072.1102
616213.6746
615340.7176
614453.9983
613554.3343
612642.537
611719.4212
610785.7658
609842.3072
608889.7405
607928.6843
606959.6992
605983.2732
604999.8222
604009.7057
603013.2071
602010.5431
601001.8826
599987.3459
598966.9842
597940.8195
596908.8287
595870.943
594827.0517
593776.9903
592720.5401
591657.3858
590587.1025
589509.0923
588422.5323
587326.3421
586219.1731
585099.5898
583966.2744
582818.2452
581654.8804
580475.8414
579280.9976
578070.404
576844.3193
575603.1874
574347.417
573077.5862
571794.5946
570499.6174
569193.5124
567877.2538
566552.229
565219.9906
563881.1451
562536.2493
561186.7277
559832.5157
558471.7332
557103.4886
555728.9589
554344.7084
552950.0712
551547.9182
550127.3737
548701.8486
547254.1944
545749.8794
544276.1152
542836.9563
541402.1677
539967.7372
538532.0666
537094.5763
535655.21
534214.1203
532771.4694
531327.2081
529881.0024
528432.2173
526979.9133
525522.9714
524060.2242
522590.5183
521112.8671
519626.5534
518131.1541
516626.5788
515113.0735
513591.1883
512061.7508
510525.7634
508984.3303
507438.583
505889.5982
504338.2716
502785.3189
501231.2055
499676.1571
498120.1692
496563.0532
495004.4752
493444.0285
491881.2808
490315.8315
488747.3481
487175.6018
485600.4687
484021.934
482440.073
480855.0428
479267.0463
477676.2917
476083.0152
474487.4127
472889.6621
471289.9006
469688.2475
468084.7894
466479.5804
464872.656
463264.0534
461653.8011
460041.928
458428.483
456813.5007
455197.0361
453579.1395
451959.8593
450339.2642
448717.4033
447094.3369
445470.1243
443844.8173
442218.4773
440591.1495
438962.8963
437333.7592
435703.7899
434073.0431
432441.5626
430809.3968
429176.5921
427543.1938
425909.2498
424274.8483
422640.0945
421009.6523
418267.7272
416849.2039
415167.128
413176.6598
411080.5025
409022.4343
407082.737
405298.1644
403673.2822
402189.6252
400816.2941
399519.7296
398270.5451
397046.7373
395834.1836
394625.8216
393419.9437
392217.859
391021.581
389831.6198
388645.5095
387457.5196
386259.115
385040.2298
383790.72
382501.5103
381165.4857
379777.8311
378335.8912
376838.986
375287.8243
373683.7224
372027.824
370320.1724
368559.3282
366742.5631
364866.5138
362928.3825
360926.8983
358863.0698
356740.3954
354564.4691
352342.3857
350081.9318
347790.7443
345475.8877
343143.5746
340799.0074
338446.5398
336089.7531
333731.7367
331375.3517
329023.4113
326678.834
324344.7146
322024.2547
319720.8506
317437.9692
315178.9146
312946.629
310743.2683
308570.0089
306427.0409
304313.7541
302229.3155
300173.1782
298145.6445
296148.1186
294182.8874
292252.7069
290360.1747
288507.1132
286694.428
284922.1485
283189.6741
281496.1878
279840.8124
278222.7633
276641.3646
275095.9462
273585.8634
272110.4788
270669.0926
269261.0557
267885.7386
266542.4868
265230.6905
263949.6979
262698.8593
261477.5401
260285.0566
259120.7341
257983.8234
256873.562
255789.2171
254730.0574
253695.4158
252684.6842
251697.2398
250732.5683
)
;
    }
    outlet
    {
        type            calculated;
        value           uniform 0;
    }
    front
    {
        type            wedge;
    }
    back
    {
        type            wedge;
    }
}


// ************************************************************************* //
