/*--------------------------------*- C++ -*----------------------------------*\
| =========                 |                                                 |
| \\      /  F ield         | OpenFOAM: The Open Source CFD Toolbox           |
|  \\    /   O peration     | Version:  v1706                                 |
|   \\  /    A nd           | Web:      www.OpenFOAM.com                      |
|    \\/     M anipulation  |                                                 |
\*---------------------------------------------------------------------------*/
FoamFile
{
    version     2.0;
    format      ascii;
    class       volVectorField;
    location    "0.00069";
    object      wallShearStress;
}
// * * * * * * * * * * * * * * * * * * * * * * * * * * * * * * * * * * * * * //

dimensions      [1 -1 -2 0 0 0 0];


internalField   uniform (0 0 0);

boundaryField
{
    inlet
    {
        type            calculated;
        value           uniform (0 0 0);
    }
    object
    {
        type            calculated;
        value           nonuniform List<vector> 
300
(
(-5.443240443 -0.8723655277 1.66286447e-15)
(-5.136061854 -1.423784845 -4.640166549e-15)
(-5.138710623 -2.193613066 -1.791192043e-15)
(-5.122929978 -2.989245674 1.220649656e-15)
(-5.106381527 -3.784457738 2.703654507e-14)
(-5.092383773 -4.57134553 4.845879982e-14)
(-5.08315968 -5.346768108 5.731693662e-14)
(-5.080517438 -6.109515208 7.071033583e-14)
(-5.085909448 -6.859392096 9.24988954e-14)
(-5.100438339 -7.596803128 7.67410443e-14)
(-5.124878067 -8.322510543 5.482900811e-14)
(-5.159712516 -9.037475374 3.994127986e-14)
(-5.205184061 -9.742747339 3.105000041e-14)
(-5.261344669 -10.4393888 2.886664006e-14)
(-5.328104192 -11.1284237 2.891356404e-14)
(-5.405272792 -11.81080528 2.008071735e-14)
(-5.492596178 -12.48739768 1.76268654e-14)
(-5.589783502 -13.15896756 8.483161507e-15)
(-5.696528437 -13.82618257 4.362525973e-15)
(-5.812524442 -14.48961454 6.467492551e-15)
(-5.937475328 -15.14974574 1.033069887e-14)
(-6.071101872 -15.80697632 4.021694055e-15)
(-6.213145723 -16.4616328 -2.764191813e-15)
(-6.363371337 -17.11397693 -1.145794821e-14)
(-6.521566144 -17.76421333 -1.301909528e-14)
(-6.687540236 -18.41249816 -3.825384125e-15)
(-6.861124947 -19.05894538 2.264103631e-15)
(-7.042171716 -19.70363419 9.408765676e-15)
(-7.230550283 -20.34661414 1.365359884e-14)
(-7.426147208 -20.98791074 9.340149728e-15)
(-7.628864784 -21.6275303 1.029962527e-14)
(-7.838619378 -22.26546386 1.093032268e-14)
(-8.055341101 -22.90169148 1.109843351e-14)
(-8.278972522 -23.53618518 9.734317021e-15)
(-8.509468864 -24.16891313 7.1689169e-15)
(-8.746797497 -24.79984183 7.449941448e-15)
(-8.990938542 -25.42894033 8.233461137e-15)
(-9.241885094 -26.05618271 8.874230379e-15)
(-9.499644137 -26.68155165 1.132058618e-14)
(-9.764237369 -27.30504194 9.285745329e-15)
(-10.03570217 -27.92666409 1.075692319e-14)
(-10.31409243 -28.54644831 6.812186136e-15)
(-10.59947876 -29.16444845 9.666625467e-15)
(-10.89194807 -29.78074638 6.565449597e-15)
(-11.19160131 -30.39545535 4.49052995e-15)
(-11.4985489 -31.00872273 5.104178897e-15)
(-11.81290327 -31.6207312 7.191560817e-15)
(-12.13476691 -32.2316966 8.576525819e-15)
(-12.46421553 -32.8418599 9.322624381e-15)
(-12.80127813 -33.45147352 1.018430787e-14)
(-13.14591457 -34.0607755 9.269643047e-15)
(-13.49799993 -34.66995635 9.486625434e-15)
(-13.85732234 -35.27912041 1.051311499e-14)
(-14.22359735 -35.88825678 1.299537882e-14)
(-14.59649044 -36.49722853 1.109731944e-14)
(-14.97563899 -37.1057742 9.333521886e-15)
(-15.36067297 -37.71351683 8.695994026e-15)
(-15.75123395 -38.31998115 8.60473952e-15)
(-16.14699039 -38.92461409 9.539492684e-15)
(-16.5476499 -39.52681047 1.260849953e-14)
(-16.95296444 -40.12593562 1.454978258e-14)
(-17.36273501 -40.72135101 1.268542436e-14)
(-17.77680897 -41.3124334 1.042906542e-14)
(-18.19507742 -41.89859332 8.483684391e-15)
(-18.61746908 -42.47928726 7.412792149e-15)
(-19.04394418 -43.05402725 6.95158548e-15)
(-19.47448817 -43.62238752 7.283958709e-15)
(-19.90910455 -44.18400504 6.607387531e-15)
(-20.34780995 -44.73858085 5.742099782e-15)
(-20.79062915 -45.2858769 3.602787819e-15)
(-21.23759117 -45.82571265 4.079101602e-15)
(-21.68872672 -46.35796143 6.292428392e-15)
(-22.14406522 -46.8825436 8.162843029e-15)
(-22.60363342 -47.39942124 9.602488438e-15)
(-23.06745562 -47.90859349 7.340599587e-15)
(-23.53555277 -48.41009173 4.249381575e-15)
(-24.00794165 -48.90397221 2.546656176e-15)
(-24.48463797 -49.39031391 2.325840171e-15)
(-24.96565696 -49.86921466 3.057484253e-15)
(-25.45101578 -50.34078813 3.804488794e-15)
(-25.94073843 -50.80516249 3.795599324e-15)
(-26.43486178 -51.26248114 3.35310688e-15)
(-26.93344537 -51.71290726 2.830020708e-15)
(-27.43658389 -52.15662966 1.899347217e-15)
(-27.94442541 -52.593879 1.48137567e-15)
(-28.45718878 -53.02495051 8.006267465e-16)
(-28.97517476 -53.45023745 3.455630247e-16)
(-29.49875226 -53.87026885 1.5539581e-16)
(-30.02829761 -54.28571842 1.056854306e-15)
(-30.56409531 -54.69735545 4.808185323e-16)
(-31.10626064 -55.10590418 2.62827426e-16)
(-31.65474504 -55.51192038 -1.968355906e-16)
(-32.20939679 -55.91574423 -2.964443477e-16)
(-32.77002384 -56.3175335 -1.317436076e-16)
(-33.33641283 -56.71732275 1.662739985e-15)
(-33.90831562 -57.11503311 7.137939619e-16)
(-34.48546474 -57.5104659 2.006225309e-15)
(-35.06762817 -57.90333658 9.426500784e-16)
(-35.65458746 -58.29337773 1.928553685e-16)
(-36.24604543 -58.68028199 -2.54748885e-16)
(-36.8416238 -59.06360712 -4.932647481e-16)
(-37.4410209 -59.442748 -7.127266985e-16)
(-38.04403651 -59.81726271 -5.651534826e-16)
(-38.65034181 -60.18672419 -7.390312764e-16)
(-39.25951647 -60.55053238 -8.670685326e-16)
(-39.87134634 -60.90792757 -3.988337313e-16)
(-40.48586585 -61.25858944 5.856478507e-16)
(-41.10284388 -61.60234567 8.530866009e-16)
(-41.7221008 -61.93854888 2.327226401e-16)
(-42.34417544 -62.26702087 5.439194036e-18)
(-42.9696553 -62.58856028 8.73129245e-16)
(-43.59833605 -62.90380203 2.871545631e-15)
(-44.23032939 -63.2121752 3.587881117e-16)
(-44.86659916 -63.51499859 9.893193797e-16)
(-45.50646469 -63.81299011 2.604952372e-15)
(-46.15056761 -64.10442124 4.209655036e-15)
(-46.79998605 -64.39416719 3.782141306e-15)
(-47.45246495 -64.67672505 3.47414944e-15)
(-48.11685724 -64.95388595 2.991403773e-15)
(-48.79425815 -65.24480251 1.45474253e-15)
(-49.4597355 -65.52376755 1.472661357e-15)
(-50.12009351 -65.78176581 2.390891145e-15)
(-50.78310664 -66.02714652 2.324245114e-15)
(-51.44708873 -66.26358222 2.326360415e-15)
(-52.11207798 -66.49199811 1.673729163e-15)
(-52.77809586 -66.71270293 1.904220641e-16)
(-53.44513962 -66.92572925 -2.223676098e-16)
(-54.11321211 -67.13100274 -1.407036383e-15)
(-54.78235381 -67.32844084 -1.350211741e-15)
(-55.45266717 -67.51803993 -1.187009134e-15)
(-56.12431672 -67.6999199 -9.029272196e-16)
(-56.79751768 -67.87432918 -7.084817286e-16)
(-57.47251561 -68.04164351 1.21976162e-16)
(-58.14955434 -68.20231482 4.799528913e-16)
(-58.82885704 -68.35682966 1.293397111e-15)
(-59.51059881 -68.5056546 1.759464053e-15)
(-60.19489263 -68.64918917 1.624481876e-15)
(-60.8817819 -68.78772334 1.411873191e-15)
(-61.57124073 -68.92142494 8.169817779e-16)
(-62.26317474 -69.05032308 9.843765055e-16)
(-62.95743021 -69.17431138 6.846450725e-16)
(-63.65380566 -69.29316476 5.409812375e-16)
(-64.35206815 -69.40656148 6.238247636e-16)
(-65.05196731 -69.51411428 4.147466279e-16)
(-65.75325168 -69.61540028 -1.512505953e-15)
(-66.45568808 -69.71000456 -1.121062057e-15)
(-67.15907502 -69.79755162 -1.208297401e-15)
(-67.86324731 -69.87773779 -1.179935004e-15)
(-68.568084 -69.95034455 -2.202629651e-15)
(-69.27350772 -70.01526188 -1.594254509e-15)
(-69.97947773 -70.07247372 -1.418909804e-15)
(-70.68598359 -70.12205582 -1.881074651e-15)
(-71.39303627 -70.16415515 -1.868286498e-15)
(-72.10065629 -70.19896604 -1.472923077e-15)
(-72.80886609 -70.22670585 -2.562329405e-15)
(-73.51768012 -70.24758826 -2.056042183e-15)
(-74.22710101 -70.26180526 -2.02050512e-15)
(-74.93711629 -70.26951441 -1.946035077e-15)
(-75.64769593 -70.27082019 -1.54273516e-15)
(-76.35879509 -70.26578163 -9.100934823e-16)
(-77.07035769 -70.25441253 -1.950130729e-15)
(-77.78231822 -70.23668866 -1.097999848e-15)
(-78.49460671 -70.21255734 -8.14193098e-16)
(-79.20715313 -70.18195354 -9.489574579e-16)
(-79.91988666 -70.14480651 -9.053325911e-16)
(-80.63274257 -70.10105141 -1.308539807e-15)
(-81.34565557 -70.05063311 -1.892172655e-15)
(-82.05856831 -69.99351252 -3.037183524e-15)
(-82.77142595 -69.9296661 -2.207678689e-15)
(-83.48417668 -69.85908972 -2.112223907e-15)
(-84.1967707 -69.78178413 -2.028205938e-15)
(-84.90916217 -69.69776737 -1.780703453e-15)
(-85.62130239 -69.60706708 -8.298964037e-16)
(-86.33314136 -69.50970879 -9.022638931e-16)
(-87.04462779 -69.40572175 -6.12079666e-16)
(-87.75570807 -69.29512582 -3.0605188e-16)
(-88.46633172 -69.17794401 -4.734954367e-16)
(-89.17644458 -69.05419177 -5.879384533e-16)
(-89.88599543 -68.92388357 -9.664618059e-16)
(-90.5949317 -68.78703099 -1.407451171e-15)
(-91.30320068 -68.64364457 -1.255661305e-15)
(-92.01075333 -68.49373462 -9.198161418e-16)
(-92.71753663 -68.33730934 -4.141141192e-16)
(-93.42350087 -68.17437975 -6.053299162e-16)
(-94.1285963 -68.00495599 -6.607487769e-16)
(-94.83277205 -67.82904873 -5.663880657e-16)
(-95.53598004 -67.64667084 -1.012688416e-15)
(-96.23816914 -67.45783412 -1.342159372e-15)
(-96.93929126 -67.26254984 -1.064591763e-15)
(-97.63929631 -67.06083537 -9.181361441e-16)
(-98.33813545 -66.85270153 -7.253176411e-16)
(-99.03576073 -66.63816443 -7.159485413e-16)
(-99.73212333 -66.41724056 -6.872801878e-16)
(-100.4271747 -66.18994306 -7.931483269e-16)
(-101.1208677 -65.9562923 -8.068552723e-16)
(-101.8131536 -65.71630025 -1.314131906e-15)
(-102.5039968 -65.4699988 -1.22869289e-15)
(-103.19331 -65.21744867 -1.112009144e-15)
(-103.8810493 -64.95897716 -1.042496772e-15)
(-104.5778109 -64.75457177 -9.979324677e-16)
(-108.0706003 -62.76306339 -9.224815067e-16)
(-109.7263522 -62.37119161 -2.81415651e-16)
(-110.6951214 -62.6054177 -4.46072208e-15)
(-111.4562868 -63.02705415 -1.229483669e-15)
(-112.1346574 -63.45835577 -4.630221001e-16)
(-112.7601914 -63.85229953 8.264989288e-18)
(-113.336386 -64.20071494 -1.160207072e-15)
(-113.8625228 -64.5062134 -1.882848916e-15)
(-114.3403702 -64.77545075 -1.629048405e-15)
(-114.7752599 -65.016929 -5.126673697e-16)
(-115.1749944 -65.23920237 -1.339225077e-15)
(-115.548105 -65.44941512 -2.835884553e-15)
(-115.9024143 -65.65265002 -2.008769699e-15)
(-116.2442447 -65.85199648 -3.146285028e-15)
(-116.5781102 -66.04891813 -2.039872544e-15)
(-116.9068139 -66.24371579 -1.688064501e-15)
(-117.2317561 -66.43598214 -1.476659994e-15)
(-117.5533819 -66.62505766 -1.855705563e-15)
(-117.8717382 -66.81049513 -2.316683394e-15)
(-118.1869852 -66.99240122 -2.943727963e-15)
(-118.4997339 -67.17156382 -1.517610814e-15)
(-118.8112283 -67.34939817 -2.565414791e-15)
(-119.1232688 -67.52769677 -2.439201376e-15)
(-119.4380017 -67.7083326 -2.305633166e-15)
(-119.7576768 -67.89300469 -1.943789828e-15)
(-120.0843581 -68.08303622 -2.713855018e-15)
(-120.4197495 -68.27931011 -2.870241016e-15)
(-120.7650776 -68.48227595 -2.133416593e-15)
(-121.1210476 -68.69200354 -2.321954684e-15)
(-121.4879109 -68.90829972 -2.755450446e-15)
(-121.8655823 -69.1308404 -2.880245911e-15)
(-122.2537582 -69.35930642 -3.565590774e-15)
(-122.6521189 -69.59356557 -4.279918149e-15)
(-123.0604687 -69.83378168 -3.310395879e-15)
(-123.4788366 -70.08044308 -3.229342199e-15)
(-123.9075097 -70.33427384 -3.5708219e-15)
(-124.3469013 -70.59600327 -3.382084671e-15)
(-124.7973927 -70.866138 -2.918764545e-15)
(-125.2591071 -71.14475121 -3.062846344e-15)
(-125.7317637 -71.43140657 -3.535076102e-15)
(-126.2146535 -71.72522339 -2.499567073e-15)
(-126.7066441 -72.02499557 -2.397900777e-15)
(-127.2063073 -72.32938354 -3.007382868e-15)
(-127.7120481 -72.63707586 -3.493769068e-15)
(-128.222224 -72.94689547 -4.112167248e-15)
(-128.735283 -73.25788276 -3.407320894e-15)
(-129.249833 -73.56930805 -3.168007842e-15)
(-129.7646605 -73.88062605 -3.017770896e-15)
(-130.2787642 -74.1914449 -3.512784411e-15)
(-130.7913025 -74.50144976 -2.775479551e-15)
(-131.3015553 -74.81035118 -2.980554312e-15)
(-131.8089146 -75.1178632 -3.415632902e-15)
(-132.3128034 -75.42365005 -3.891901371e-15)
(-132.8126835 -75.72733318 -2.957271808e-15)
(-133.3080226 -76.02848581 -3.918843408e-15)
(-133.7982568 -76.32662435 -3.897092366e-15)
(-134.2828151 -76.62124303 -3.424832837e-15)
(-134.7611373 -76.91185037 -4.493727651e-15)
(-135.2326738 -77.19800018 -3.544990371e-15)
(-135.6969533 -77.4793757 -3.478283824e-15)
(-136.1535975 -77.75583236 -3.992709395e-15)
(-136.6023578 -78.0274283 -3.056295596e-15)
(-137.0431652 -78.29441498 -3.143224039e-15)
(-137.4760799 -78.55712026 -3.544943683e-15)
(-137.9012679 -78.81583054 -3.779596368e-15)
(-138.31889 -79.07063765 -3.121193258e-15)
(-138.7290199 -79.32136353 -2.42990542e-15)
(-139.1316232 -79.56759666 -1.853743988e-15)
(-139.5265172 -79.80877668 -2.197778047e-15)
(-139.9134324 -80.04436733 -2.786509959e-15)
(-140.2920697 -80.27399727 -2.943736036e-15)
(-140.6621506 -80.49752309 -2.992381034e-15)
(-141.0235011 -80.7150383 -3.000838511e-15)
(-141.3760818 -80.92679949 -3.355288861e-15)
(-141.7199497 -81.13310089 -3.792029589e-15)
(-142.0552595 -81.33421138 -4.576675335e-15)
(-142.3821938 -81.53032011 -3.732486972e-15)
(-142.700935 -81.72154824 -3.267469051e-15)
(-143.0116836 -81.90800226 -3.241589544e-15)
(-143.3146226 -82.08977729 -3.557677042e-15)
(-143.6099451 -82.26698271 -4.311855907e-15)
(-143.8978455 -82.43973366 -4.632097361e-15)
(-144.1784908 -82.60812707 -4.949921494e-15)
(-144.4520487 -82.7722579 -3.838442678e-15)
(-144.7186958 -82.93222946 -3.403769591e-15)
(-144.9785923 -83.08813646 -3.485115526e-15)
(-145.231916 -83.24008554 -5.055773505e-15)
(-145.4788283 -83.38817281 -4.102469563e-15)
(-145.7194744 -83.5324848 -3.965029835e-15)
(-145.9540169 -83.6731248 -3.739573856e-15)
(-146.1826052 -83.81019365 -3.36862874e-15)
(-146.4054108 -83.94381165 -3.780064753e-15)
(-146.6225936 -84.07409412 -3.180452136e-15)
(-146.8343014 -84.20114573 -3.493521623e-15)
(-147.0407011 -84.32507852 -3.108961417e-15)
(-147.2419435 -84.44598587 -2.696669372e-15)
(-147.4381892 -84.56395909 -3.113967764e-15)
(-147.6295972 -84.67908289 -4.150633838e-15)
(-147.8162922 -84.79141967 -3.343733864e-15)
(-147.9951491 -84.90631483 -3.313680554e-15)
)
;
    }
    outlet
    {
        type            calculated;
        value           uniform (0 0 0);
    }
    front
    {
        type            wedge;
    }
    back
    {
        type            wedge;
    }
}


// ************************************************************************* //
