/*--------------------------------*- C++ -*----------------------------------*\
| =========                 |                                                 |
| \\      /  F ield         | OpenFOAM: The Open Source CFD Toolbox           |
|  \\    /   O peration     | Version:  v1706                                 |
|   \\  /    A nd           | Web:      www.OpenFOAM.com                      |
|    \\/     M anipulation  |                                                 |
\*---------------------------------------------------------------------------*/
FoamFile
{
    version     2.0;
    format      ascii;
    class       volVectorField;
    location    "0.00258";
    object      wallShearStress;
}
// * * * * * * * * * * * * * * * * * * * * * * * * * * * * * * * * * * * * * //

dimensions      [1 -1 -2 0 0 0 0];


internalField   uniform (0 0 0);

boundaryField
{
    inlet
    {
        type            calculated;
        value           uniform (0 0 0);
    }
    object
    {
        type            calculated;
        value           nonuniform List<vector> 
300
(
(-1.248207586 -0.7950003454 5.193082986e-15)
(-1.186186452 -1.297561159 -1.698056892e-15)
(-1.203421105 -2.008120259 -1.579498802e-14)
(-1.223411884 -2.750234702 -3.522732727e-15)
(-1.249641071 -3.499849228 -6.362605443e-15)
(-1.282427391 -4.249573272 -2.251316391e-14)
(-1.321922996 -4.99597938 -3.240346374e-14)
(-1.368290798 -5.737155735 -3.201402954e-14)
(-1.421703994 -6.472011203 -1.846069878e-14)
(-1.482331085 -7.200008134 -1.776051957e-14)
(-1.550323416 -7.921022228 -1.5449105e-14)
(-1.625806593 -8.635244348 -8.762345024e-15)
(-1.708874957 -9.343096966 -6.382975096e-15)
(-1.799588442 -10.0451575 -9.885447452e-15)
(-1.89797129 -10.7420863 -1.201343664e-14)
(-2.004012584 -11.43456116 -1.125172875e-14)
(-2.117668706 -12.12322 -1.160122522e-14)
(-2.238867959 -12.80861494 -1.104659419e-14)
(-2.367517389 -13.49118061 -1.135641331e-14)
(-2.503511369 -14.17121806 -1.187197553e-14)
(-2.646741177 -14.84889576 -1.167776322e-14)
(-2.797104301 -15.52426518 -8.872491052e-15)
(-2.954512377 -16.19728837 -5.185695697e-15)
(-3.11889684 -16.86787226 -6.467104555e-15)
(-3.2902118 -17.53590427 -7.579090149e-15)
(-3.468434317 -18.20128526 -1.05053402e-14)
(-3.653562152 -18.86395485 -1.306251842e-14)
(-3.845609654 -19.52390763 -1.175636232e-14)
(-4.044602314 -20.18119903 -1.048256333e-14)
(-4.250570547 -20.83594088 -1.213400152e-14)
(-4.463543522 -21.48828854 -1.754791196e-14)
(-4.683543644 -22.13842171 -1.6717145e-14)
(-4.91058257 -22.78652243 -1.878619503e-14)
(-5.144659194 -23.4327533 -1.587663293e-14)
(-5.385760095 -24.07724035 -1.456988527e-14)
(-5.633862022 -24.72006223 -1.536551585e-14)
(-5.88893597 -25.36124811 -1.379049767e-14)
(-6.150951675 -26.0007832 -1.426313275e-14)
(-6.419881509 -26.63861978 -1.644864751e-14)
(-6.695703199 -27.27469154 -1.585422943e-14)
(-6.978400634 -27.90892663 -1.563453634e-14)
(-7.267963056 -28.54125828 -1.434489339e-14)
(-7.564382504 -29.17162965 -1.381131572e-14)
(-7.867650319 -29.79999345 -1.165077675e-14)
(-8.177753411 -30.42630644 -1.084940565e-14)
(-8.494671058 -31.05052024 -1.041291356e-14)
(-8.818373403 -31.67257184 -1.119949787e-14)
(-9.148822167 -32.29237683 -1.046621426e-14)
(-9.485973035 -32.90982534 -1.098598829e-14)
(-9.829780713 -33.52478865 -1.360427124e-14)
(-10.18020299 -34.13712627 -1.582739209e-14)
(-10.53720556 -34.74670258 -1.265295014e-14)
(-10.90076312 -35.35339713 -1.201970919e-14)
(-11.27085886 -35.95711475 -9.646450172e-15)
(-11.64748105 -36.55778832 -8.944416318e-15)
(-12.03061813 -37.15537451 -9.090769671e-15)
(-12.42025224 -37.74984011 -8.139024602e-15)
(-12.81635517 -38.34114979 -7.630949296e-15)
(-13.21888533 -38.92924899 -6.068592093e-15)
(-13.62778984 -39.51405659 -6.680343358e-15)
(-14.04300808 -40.09545957 -5.431608477e-15)
(-14.46447971 -40.67332465 -5.349493134e-15)
(-14.89215134 -41.24751374 -4.233620288e-15)
(-15.3259815 -41.81790205 -3.650821387e-15)
(-15.76594171 -42.38439404 -3.155771175e-15)
(-16.21201132 -42.94692562 -3.562622376e-15)
(-16.66417111 -43.50546273 -4.657409792e-15)
(-17.12239268 -44.05998125 -5.273618136e-15)
(-17.58662962 -44.61044258 -3.928327473e-15)
(-18.05681835 -45.15678296 -2.951538574e-15)
(-18.53287774 -45.69889078 -2.016462319e-15)
(-19.01472187 -46.23661828 -2.270852232e-15)
(-19.50227501 -46.76980563 -1.324570461e-15)
(-19.99548374 -47.29831133 -7.047399589e-16)
(-20.49432572 -47.82204793 -3.843855764e-16)
(-20.99880403 -48.34099253 -9.355841101e-16)
(-21.50893587 -48.85518871 -2.72755789e-15)
(-22.02473114 -49.36471757 -2.730221771e-15)
(-22.54617015 -49.86964988 -3.103447448e-15)
(-23.07318676 -50.36999168 -3.747340911e-15)
(-23.60566567 -50.86564709 -2.629287699e-15)
(-24.14346465 -51.35642871 -2.349770746e-15)
(-24.68643843 -51.84207989 -2.734968749e-15)
(-25.23447253 -52.32234529 -2.513617619e-15)
(-25.7875071 -52.79704228 -2.165990294e-15)
(-26.34553705 -53.26610068 -1.556143104e-15)
(-26.90859692 -53.72957691 -1.137309501e-15)
(-27.47671983 -54.18759964 -1.665511813e-16)
(-28.04989404 -54.64028628 4.648792822e-16)
(-28.62803592 -55.08766156 3.894648575e-16)
(-29.21098614 -55.52960072 1.354172803e-15)
(-29.7985373 -55.9658372 1.977258621e-15)
(-30.39048038 -56.3960267 1.483939441e-15)
(-30.98665136 -56.81984477 8.430479712e-16)
(-31.5869611 -57.23707821 1.393361894e-15)
(-32.19139257 -57.64766451 1.057582011e-15)
(-32.79997838 -58.05168366 5.507564925e-16)
(-33.41275386 -58.44928393 3.270892088e-16)
(-34.02972022 -58.84060231 -9.537841938e-17)
(-34.65082862 -59.22570455 -6.31865042e-16)
(-35.27597513 -59.60455046 -1.720290613e-15)
(-35.90501749 -59.97701385 -8.767801929e-16)
(-36.53778618 -60.34290171 -1.759397017e-15)
(-37.17410721 -60.70199195 -1.242473446e-15)
(-37.81382219 -61.05406645 -1.789263619e-15)
(-38.45682071 -61.39897185 -1.503756684e-15)
(-39.10305645 -61.7366552 -9.761356449e-16)
(-39.75254458 -62.06717717 -4.943610183e-16)
(-40.40534584 -62.39070443 -2.894884426e-16)
(-41.06152026 -62.70744217 -9.764491146e-17)
(-41.7210691 -63.01754297 9.07373389e-16)
(-42.3839048 -63.32103616 1.035638927e-15)
(-43.04982427 -63.61775899 -7.695053159e-17)
(-43.71856253 -63.90740656 -2.168519987e-16)
(-44.38984681 -64.18961313 -5.08275569e-16)
(-45.06350471 -64.46411577 -7.46901707e-16)
(-45.73952201 -64.73088732 -9.169074056e-17)
(-46.41803277 -64.99016513 -6.659112866e-16)
(-47.09921208 -65.24231233 -1.49939986e-15)
(-47.78318814 -65.48766347 -1.861063544e-15)
(-48.46995459 -65.72636186 -1.754744872e-15)
(-49.15939844 -65.95835585 -1.715825792e-15)
(-49.85138127 -66.18349119 -1.766440363e-15)
(-50.54585563 -66.40178283 -2.668102758e-15)
(-51.24272569 -66.61304901 -1.329519099e-15)
(-51.94246972 -66.81780939 -1.225748499e-15)
(-52.64677158 -67.01675263 -1.036255016e-16)
(-53.36402979 -67.22162102 -1.162178878e-15)
(-54.07796389 -67.41291972 -1.331161062e-15)
(-54.78040967 -67.58168529 -1.778246573e-15)
(-55.48247136 -67.73991784 -1.579934776e-15)
(-56.18555707 -67.89060716 -1.444042336e-15)
(-56.89014638 -68.03434025 -1.584941278e-15)
(-57.59632114 -68.17114424 -2.236764553e-15)
(-58.30398345 -68.30088394 -3.237551059e-15)
(-59.01302362 -68.42345414 -2.774202218e-15)
(-59.72329538 -68.53873883 -2.358469553e-15)
(-60.43467436 -68.64665869 -2.022103653e-15)
(-61.14702419 -68.74713034 -1.270386716e-15)
(-61.86021121 -68.84007952 -1.292424355e-15)
(-62.5741228 -68.9254581 -1.155853089e-15)
(-63.28864016 -69.0032138 -1.285692793e-15)
(-64.00364303 -69.07329851 -9.054444523e-16)
(-64.71902974 -69.1356849 -1.273509721e-16)
(-65.43469439 -69.19034211 3.340384966e-17)
(-66.15052897 -69.23724091 -4.620477633e-16)
(-66.86642998 -69.27636041 -1.113183867e-16)
(-67.58230719 -69.30769428 1.506049846e-16)
(-68.29806235 -69.33122805 -2.328006872e-16)
(-69.01359844 -69.34695193 -3.308678592e-16)
(-69.72883848 -69.35487714 -6.150711096e-16)
(-70.44368395 -69.35499551 -8.183075451e-16)
(-71.15806219 -69.34732534 -8.258681181e-16)
(-71.87188386 -69.33186861 -8.201180971e-16)
(-72.58507657 -69.30864713 -8.646831049e-16)
(-73.29756653 -69.27768012 -8.506603435e-16)
(-74.00927157 -69.23897821 -1.306956099e-15)
(-74.72011912 -69.1925626 -1.007652465e-15)
(-75.43003024 -69.13844809 -1.114440602e-15)
(-76.13892126 -69.07664594 -1.276895792e-15)
(-76.8467164 -69.00717429 -1.274894719e-15)
(-77.55333425 -68.93004428 -1.518728138e-15)
(-78.25867308 -68.84525092 -1.51313505e-15)
(-78.96266639 -68.75282409 -1.408086839e-15)
(-79.66522016 -68.65276536 -1.056202042e-15)
(-80.36624707 -68.54508838 -7.049231126e-16)
(-81.06567132 -68.42981583 -4.863341649e-16)
(-81.76340592 -68.3069612 -6.274698423e-16)
(-82.4593708 -68.17654752 -1.212945045e-15)
(-83.15349203 -68.03860044 -1.004445651e-15)
(-83.8456964 -67.89315132 -1.207082795e-15)
(-84.53591078 -67.74022973 -1.569154995e-15)
(-85.22406249 -67.57986641 -1.762626854e-15)
(-85.91008958 -67.41209879 -1.11722666e-15)
(-86.59390868 -67.23694644 -1.076219508e-15)
(-87.27545285 -67.05444469 -1.316409736e-15)
(-87.95465649 -66.86463093 -9.504511135e-16)
(-88.63144127 -66.66753087 -1.103693109e-15)
(-89.3057323 -66.46316972 -1.349135672e-15)
(-89.97746042 -66.25158213 -1.500622451e-15)
(-90.64654295 -66.03279083 -1.545139245e-15)
(-91.31290612 -65.80682426 -1.361246467e-15)
(-91.97648387 -65.57372143 -1.694922692e-15)
(-92.63719298 -65.33350495 -1.917307407e-15)
(-93.29495609 -65.08620545 -1.882127666e-15)
(-93.94970426 -64.83186076 -1.894691571e-15)
(-94.60136188 -64.5705045 -1.611094466e-15)
(-95.24986692 -64.30218089 -9.457008955e-16)
(-95.89514742 -64.02692934 -8.106412235e-16)
(-96.53713134 -63.74479238 -8.749373693e-16)
(-97.17575725 -63.45581227 -4.422549893e-16)
(-97.81096807 -63.16003517 -9.002778135e-16)
(-98.44269058 -62.85749826 -1.098060843e-15)
(-99.07087275 -62.54825316 -8.740602527e-16)
(-99.69546248 -62.2323531 -9.808056952e-16)
(-100.3163928 -61.90983796 -1.306916424e-15)
(-100.9336109 -61.58076126 -1.5217068e-15)
(-101.5470597 -61.24516965 -1.847833681e-15)
(-102.1566869 -60.90314265 -2.242232679e-15)
(-102.7657299 -60.56926807 -1.972838075e-15)
(-103.5518836 -60.11481393 -2.321745071e-15)
(-103.9778836 -59.87688239 -1.945479413e-15)
(-104.210204 -59.8236412 -2.311099585e-15)
(-104.364915 -59.85952873 -2.422228567e-15)
(-104.4886488 -59.92550221 -3.038299287e-15)
(-104.5997947 -59.9970465 -3.173297574e-15)
(-104.7051524 -60.06643216 -3.274731285e-15)
(-104.8071799 -60.13233379 -2.94384198e-15)
(-104.9068583 -60.19528151 -2.777756612e-15)
(-105.0046751 -60.25603722 -2.871809396e-15)
(-105.1009338 -60.31517665 -3.117304293e-15)
(-105.1958631 -60.37307882 -2.606382622e-15)
(-105.289635 -60.4299827 -3.082922027e-15)
(-105.382387 -60.48604598 -2.830428197e-15)
(-105.4742001 -60.54136093 -3.149917134e-15)
(-105.5651352 -60.59599419 -3.331825218e-15)
(-105.6552396 -60.64999561 -2.847524174e-15)
(-105.744552 -60.70340705 -2.952161853e-15)
(-105.8330947 -60.75625684 -2.772445934e-15)
(-105.9208729 -60.80855868 -2.857508293e-15)
(-106.0078997 -60.86033047 -2.87630037e-15)
(-106.0941769 -60.91158181 -2.753789936e-15)
(-106.1797155 -60.96232884 -2.742557181e-15)
(-106.2645208 -61.01258363 -2.523985037e-15)
(-106.3485901 -61.06235154 -2.563468923e-15)
(-106.4319368 -61.11164874 -2.715643359e-15)
(-106.5145697 -61.16048792 -2.525529859e-15)
(-106.5965113 -61.20889112 -2.448556044e-15)
(-106.6777801 -61.25687627 -2.286466592e-15)
(-106.7583847 -61.30445148 -2.4143818e-15)
(-106.8383408 -61.35162701 -2.096729266e-15)
(-106.9176584 -61.39840832 -1.962582511e-15)
(-106.9963474 -61.44479624 -2.226469815e-15)
(-107.0743809 -61.49076404 -1.991546226e-15)
(-107.15172 -61.53627545 -2.448645617e-15)
(-107.2283111 -61.58128149 -2.010579118e-15)
(-107.3040846 -61.62572343 -2.083758544e-15)
(-107.3789424 -61.66952468 -2.003482722e-15)
(-107.4527571 -61.71258971 -2.172192795e-15)
(-107.5253977 -61.75482469 -2.044597527e-15)
(-107.5967133 -61.79612751 -2.230736488e-15)
(-107.6665586 -61.83640628 -2.422061291e-15)
(-107.7347831 -61.87557225 -2.253704162e-15)
(-107.8012354 -61.91354093 -2.223043928e-15)
(-107.8657935 -61.95025349 -2.194222787e-15)
(-107.9283497 -61.98566558 -2.071465512e-15)
(-107.9888346 -62.01976314 -2.076956313e-15)
(-108.0472043 -62.05255111 -2.029060778e-15)
(-108.1034385 -62.08404931 -1.900704792e-15)
(-108.1575615 -62.11430566 -1.408130789e-15)
(-108.2096315 -62.14338942 -1.406100701e-15)
(-108.2597469 -62.17139094 -1.913791481e-15)
(-108.3080096 -62.19839709 -1.886417522e-15)
(-108.3545489 -62.22450727 -2.190904558e-15)
(-108.3995146 -62.24982706 -2.135580988e-15)
(-108.4430727 -62.27446707 -2.232827994e-15)
(-108.4853856 -62.29852992 -1.952446251e-15)
(-108.5266046 -62.32210356 -2.270547985e-15)
(-108.5668876 -62.34527614 -2.095284937e-15)
(-108.6063738 -62.36811978 -1.834939821e-15)
(-108.6451995 -62.39070322 -1.819747228e-15)
(-108.6834787 -62.41307916 -1.781828089e-15)
(-108.7212982 -62.43528059 -1.652806656e-15)
(-108.7587411 -62.45733866 -1.633857569e-15)
(-108.7958645 -62.47926879 -1.789220778e-15)
(-108.8327201 -62.50108558 -1.953070745e-15)
(-108.8693378 -62.52279156 -2.080088744e-15)
(-108.9057238 -62.54437465 -1.900741872e-15)
(-108.9418825 -62.56582413 -2.513449901e-15)
(-108.9778092 -62.58712769 -2.34746967e-15)
(-109.0135009 -62.6082755 -2.268998294e-15)
(-109.0489257 -62.62924042 -2.402685061e-15)
(-109.0840528 -62.64999913 -2.648820677e-15)
(-109.1188538 -62.67053059 -2.40613796e-15)
(-109.1533048 -62.69081948 -2.621812153e-15)
(-109.187374 -62.710847 -2.638926571e-15)
(-109.2210201 -62.73058743 -2.459311369e-15)
(-109.2542164 -62.75002567 -2.513196492e-15)
(-109.286929 -62.76914262 -2.240539283e-15)
(-109.319137 -62.78792898 -2.409262163e-15)
(-109.3508147 -62.80637279 -2.419016686e-15)
(-109.3819292 -62.82445564 -2.529465258e-15)
(-109.4124633 -62.84216986 -2.480385701e-15)
(-109.4423936 -62.85950367 -1.964803556e-15)
(-109.4717104 -62.87645481 -2.171729632e-15)
(-109.500399 -62.89301796 -1.96520834e-15)
(-109.528437 -62.90918074 -2.010331224e-15)
(-109.555814 -62.92493837 -1.791582736e-15)
(-109.5825224 -62.94028942 -1.736937124e-15)
(-109.6085657 -62.95523869 -1.498959718e-15)
(-109.6339266 -62.96977627 -1.608877891e-15)
(-109.6585951 -62.98389784 -1.920534863e-15)
(-109.682568 -62.9976024 -1.686860337e-15)
(-109.7058499 -63.01089503 -1.69713275e-15)
(-109.7284396 -63.02377725 -1.925315491e-15)
(-109.7503271 -63.03624313 -1.743978849e-15)
(-109.7715174 -63.04829662 -1.965086566e-15)
(-109.7920078 -63.05993675 -1.907353504e-15)
(-109.8118031 -63.07117616 -1.980133978e-15)
(-109.8303308 -63.08275442 -2.017813217e-15)
)
;
    }
    outlet
    {
        type            calculated;
        value           uniform (0 0 0);
    }
    front
    {
        type            wedge;
    }
    back
    {
        type            wedge;
    }
}


// ************************************************************************* //
