/*--------------------------------*- C++ -*----------------------------------*\
| =========                 |                                                 |
| \\      /  F ield         | OpenFOAM: The Open Source CFD Toolbox           |
|  \\    /   O peration     | Version:  v1706                                 |
|   \\  /    A nd           | Web:      www.OpenFOAM.com                      |
|    \\/     M anipulation  |                                                 |
\*---------------------------------------------------------------------------*/
FoamFile
{
    version     2.0;
    format      ascii;
    class       volVectorField;
    location    "0.00215";
    object      wallShearStress;
}
// * * * * * * * * * * * * * * * * * * * * * * * * * * * * * * * * * * * * * //

dimensions      [1 -1 -2 0 0 0 0];


internalField   uniform (0 0 0);

boundaryField
{
    inlet
    {
        type            calculated;
        value           nonuniform 0();
    }
    object
    {
        type            calculated;
        value           nonuniform List<vector> 
204
(
(-6.287582071 -17.19728094 -0.1533092443)
(-6.338541341 -17.25322045 -0.1554707721)
(-6.386985001 -17.30694551 -0.1576559583)
(-6.429500913 -17.35842167 -0.1598788159)
(-6.467138712 -17.41281049 -0.162203547)
(-6.503708716 -17.47845328 -0.1645659596)
(-6.538147236 -17.55289387 -0.1669421204)
(-6.571677154 -17.63278269 -0.1693316031)
(-6.605202548 -17.71626954 -0.1717338401)
(-6.639111611 -17.80247837 -0.1741480829)
(-6.673552371 -17.89096783 -0.1765734632)
(-6.708575468 -17.98149635 -0.1790090362)
(-6.744195071 -18.07391738 -0.1814540237)
(-6.780413933 -18.16813759 -0.1839075914)
(-6.817232133 -18.2640937 -0.1863687865)
(-6.85465012 -18.36174328 -0.1888368923)
(-6.892669372 -18.46105825 -0.1913108829)
(-6.931293285 -18.56202324 -0.1937899452)
(-6.970526021 -18.66463023 -0.1962731359)
(-7.010372778 -18.76887836 -0.1987597964)
(-7.050841131 -18.8747735 -0.2012489762)
(-7.091938659 -18.9823258 -0.2037398359)
(-7.133674235 -19.09154927 -0.2062315695)
(-7.176057404 -19.20246223 -0.2087233704)
(-7.219099444 -19.31508693 -0.2112143828)
(-7.262811312 -19.42944735 -0.2137036278)
(-7.307205979 -19.54557167 -0.2161904949)
(-7.352295798 -19.66348858 -0.2186742664)
(-7.398095274 -19.78323207 -0.221154003)
(-7.444619246 -19.9048368 -0.2236290334)
(-7.491883003 -20.02833977 -0.2260985353)
(-7.539902549 -20.15378008 -0.228561766)
(-7.588695496 -20.28120071 -0.2310180161)
(-7.638279522 -20.41064472 -0.2334665336)
(-7.688673154 -20.54215851 -0.2359065874)
(-7.739896251 -20.67579111 -0.2383374032)
(-7.791968992 -20.81159262 -0.2407585409)
(-7.844912744 -20.94961668 -0.2431692364)
(-7.89874932 -21.08991768 -0.2455688278)
(-7.953502189 -21.23255445 -0.247956826)
(-8.009195341 -21.37758697 -0.2503323033)
(-8.065853949 -21.52507828 -0.2526947583)
(-8.123503538 -21.67509264 -0.2550436851)
(-8.182171888 -21.82769963 -0.2573783126)
(-8.241887633 -21.98297069 -0.2596983076)
(-8.302679659 -22.14097829 -0.2620030891)
(-8.364579221 -22.30180064 -0.2642921535)
(-8.427618369 -22.46551817 -0.2665648022)
(-8.491830824 -22.63221484 -0.2688207562)
(-8.557251584 -22.80197755 -0.271059523)
(-8.623916534 -22.97489668 -0.2732806944)
(-8.691865087 -23.15106942 -0.2754837054)
(-8.761136825 -23.3305946 -0.2776680543)
(-8.831773223 -23.51357517 -0.2798333851)
(-8.903819112 -23.70012143 -0.2819794964)
(-8.977319468 -23.89034491 -0.284105888)
(-9.052322266 -24.08436403 -0.2862123287)
(-9.128878249 -24.28230409 -0.2882985105)
(-9.207041223 -24.48429624 -0.2903638454)
(-9.286866298 -24.69047645 -0.292408361)
(-9.368412676 -24.90098901 -0.2944315993)
(-9.451741778 -25.11598479 -0.2964335744)
(-9.536918988 -25.33562229 -0.2984138016)
(-9.624014246 -25.56007051 -0.3003720852)
(-9.713098492 -25.78950235 -0.3023083621)
(-9.804250044 -26.02410721 -0.3042225358)
(-9.897549692 -26.26407903 -0.3061144172)
(-9.993084633 -26.50962727 -0.3079837468)
(-10.09094714 -26.76097313 -0.3098305884)
(-10.19123501 -27.01835019 -0.3116547263)
(-10.29405339 -27.28200758 -0.3134563151)
(-10.39951228 -27.55220693 -0.315235051)
(-10.50773273 -27.82923303 -0.316991078)
(-10.61884281 -28.11338792 -0.3187242347)
(-10.73298055 -28.40499326 -0.3204348001)
(-10.85029331 -28.70439359 -0.3221226167)
(-10.97094317 -29.01196438 -0.3237878857)
(-11.09510298 -29.3281042 -0.3254307759)
(-11.22296225 -29.65324764 -0.3270512485)
(-11.35472762 -29.98786528 -0.3286494475)
(-11.49062298 -30.33246462 -0.3302255463)
(-11.63089725 -30.68760634 -0.3317795914)
(-11.77582118 -31.05389484 -0.3333120685)
(-11.92569839 -31.43200304 -0.334823147)
(-12.08086372 -31.8226671 -0.336313041)
(-12.24169394 -32.22670698 -0.3377821219)
(-12.40860897 -32.64502854 -0.3392305812)
(-12.58208842 -33.07865529 -0.340658867)
(-12.76267758 -33.52873392 -0.3420672876)
(-12.95099919 -33.99655924 -0.3434562948)
(-13.14777832 -34.4836167 -0.3448264212)
(-13.353863 -34.99161509 -0.3461783065)
(-13.57025753 -35.52253952 -0.3475122684)
(-13.79816459 -36.07871747 -0.3488291354)
(-14.03904654 -36.66290903 -0.3501295262)
(-14.2947209 -37.27844984 -0.351414297)
(-14.56748315 -37.92941159 -0.3526842792)
(-14.86031531 -38.62087575 -0.3539405808)
(-15.17721811 -39.35933275 -0.35518399)
(-15.52377727 -40.15327456 -0.3564159677)
(-15.9082854 -41.01410005 -0.3576376645)
(-16.34450108 -41.95710696 -0.3588496135)
(-16.86118496 -43.00009994 -0.3600482856)
(-17.55173861 -44.14466547 -0.3612156791)
(-18.45387287 -45.20452288 -0.3609120652)
(-19.23639461 -46.11036411 -0.3601964916)
(-20.01679023 -46.87078468 -0.3594406026)
(-20.81703538 -47.50266157 -0.3586423732)
(-21.63305907 -48.03684999 -0.3578010528)
(-22.46061057 -48.49557949 -0.3569163886)
(-23.29627747 -48.89421442 -0.3559889222)
(-24.13754068 -49.24317028 -0.3550191328)
(-24.98258433 -49.54947864 -0.3540078397)
(-25.8300818 -49.81791724 -0.35295617)
(-26.67901505 -50.05177603 -0.3518652576)
(-27.52855198 -50.25336653 -0.3507364001)
(-28.37797581 -50.4243677 -0.3495708054)
(-29.22663177 -50.56603405 -0.3483697285)
(-30.07390692 -50.67934928 -0.3471346593)
(-30.9192098 -50.7651098 -0.3458669494)
(-31.7619642 -50.82398521 -0.3445679117)
(-32.6016122 -50.85656737 -0.3432391655)
(-33.43759787 -50.86338372 -0.3418820345)
(-34.26938972 -50.84493301 -0.3404981017)
(-35.09645067 -50.8016728 -0.3390886673)
(-35.91826571 -50.73405652 -0.3376551615)
(-36.73433721 -50.64252543 -0.3361989899)
(-37.54416994 -50.52751096 -0.3347217669)
(-38.34729384 -50.38944839 -0.3332247912)
(-39.14324828 -50.22877002 -0.3317093676)
(-39.93161479 -50.04592507 -0.3301771829)
(-40.71200735 -49.84134974 -0.3286294292)
(-41.48429248 -49.61546166 -0.3270674077)
(-42.2520327 -49.36205044 -0.3254927434)
(-43.06474001 -49.11516839 -0.3239105228)
(-43.844234 -48.85723767 -0.322318982)
(-44.59821869 -48.57374978 -0.3207185875)
(-45.33817587 -48.26764852 -0.3191106866)
(-46.06546871 -47.94073497 -0.3174964238)
(-46.78050104 -47.59362264 -0.3158769356)
(-47.4832926 -47.22690777 -0.3142532256)
(-48.17370579 -46.84120803 -0.3126266312)
(-48.85155383 -46.43715235 -0.310998139)
(-49.51662738 -46.01535683 -0.3093687138)
(-50.16873122 -45.57642951 -0.3077395949)
(-50.80767958 -45.12096275 -0.3061114391)
(-51.4332929 -44.64952801 -0.3044853773)
(-52.04541317 -44.1626859 -0.3028623514)
(-52.6439129 -43.66099961 -0.3012434412)
(-53.22868736 -43.14503282 -0.2996291453)
(-53.79964236 -42.61533737 -0.2980205683)
(-54.35670588 -42.07246336 -0.2964184448)
(-54.89983076 -41.51696592 -0.2948235156)
(-55.42893794 -40.9494187 -0.2932364875)
(-55.94401519 -40.37034546 -0.291658333)
(-56.44507269 -39.78027584 -0.2900893921)
(-56.93212819 -39.17972912 -0.2885306338)
(-57.40520318 -38.56921486 -0.2869828571)
(-57.86434102 -37.949238 -0.2854464363)
(-58.30958783 -37.32029353 -0.2839218696)
(-58.74100563 -36.68286598 -0.2824100033)
(-59.15866599 -36.03743145 -0.2809112732)
(-59.56264481 -35.38445117 -0.2794261676)
(-59.95303224 -34.72437747 -0.2779551536)
(-60.32992502 -34.05765138 -0.2764987295)
(-60.69342396 -33.38469791 -0.2750575554)
(-61.04364115 -32.70593625 -0.2736317557)
(-61.38069324 -32.02176815 -0.2722219528)
(-61.70469933 -31.33258405 -0.2708284899)
(-62.01578748 -30.63876407 -0.2694517086)
(-62.31409155 -29.94067631 -0.2680919268)
(-62.59974717 -29.23867868 -0.266749765)
(-62.872898 -28.53311314 -0.2654251859)
(-63.13368839 -27.82431773 -0.2641187086)
(-63.38226509 -27.11261124 -0.2628303153)
(-63.61878375 -26.39830793 -0.2615605778)
(-63.8433951 -25.68170936 -0.2603096819)
(-64.05625925 -24.96310563 -0.2590778308)
(-64.25753369 -24.24277994 -0.2578654721)
(-64.44738351 -23.52100128 -0.2566724825)
(-64.62597366 -22.79803626 -0.2554990808)
(-64.7934709 -22.07413617 -0.2543456803)
(-64.95003625 -21.34954214 -0.2532124062)
(-65.09584499 -20.62449004 -0.252099083)
(-65.23106538 -19.89920851 -0.2510061562)
(-65.35586609 -19.17391345 -0.2499337396)
(-65.47042183 -18.44881409 -0.2488819363)
(-65.5749037 -17.72411424 -0.2478508351)
(-65.66948458 -17.00000544 -0.2468408133)
(-65.75434079 -16.27667511 -0.2458516345)
(-65.82964159 -15.55430387 -0.2448834098)
(-65.89555788 -14.83306125 -0.2439364731)
(-65.952266 -14.11311012 -0.2430105696)
(-65.99993812 -13.3946102 -0.2421061029)
(-66.03874756 -12.67771475 -0.24122308)
(-66.0688643 -11.9625633 -0.2403615567)
(-66.09045814 -11.24929732 -0.2395212862)
(-66.10370279 -10.53804609 -0.2387026531)
(-66.10876667 -9.82893973 -0.2379056367)
(-66.10581835 -9.122092565 -0.2371302915)
(-66.09502632 -8.417622744 -0.2363766639)
(-66.0765594 -7.715653582 -0.2356447891)
(-66.05125508 -7.016449578 -0.2349350056)
(-66.24699719 -6.390385691 -0.2342470351)
)
;
    }
    outlet
    {
        type            calculated;
        value           uniform (0 0 0);
    }
    front
    {
        type            wedge;
    }
    back
    {
        type            wedge;
    }
    procBoundary3to1
    {
        type            processor;
        value           uniform (0 0 0);
    }
    procBoundary3to2
    {
        type            processor;
        value           uniform (0 0 0);
    }
}


// ************************************************************************* //
