/*--------------------------------*- C++ -*----------------------------------*\
| =========                 |                                                 |
| \\      /  F ield         | OpenFOAM: The Open Source CFD Toolbox           |
|  \\    /   O peration     | Version:  v1706                                 |
|   \\  /    A nd           | Web:      www.OpenFOAM.com                      |
|    \\/     M anipulation  |                                                 |
\*---------------------------------------------------------------------------*/
FoamFile
{
    version     2.0;
    format      ascii;
    class       volVectorField;
    location    "0.00253";
    object      wallShearStress;
}
// * * * * * * * * * * * * * * * * * * * * * * * * * * * * * * * * * * * * * //

dimensions      [1 -1 -2 0 0 0 0];


internalField   uniform (0 0 0);

boundaryField
{
    inlet
    {
        type            calculated;
        value           uniform (0 0 0);
    }
    object
    {
        type            calculated;
        value           nonuniform List<vector> 
300
(
(-1.248207585 -0.7950003448 5.190815846e-15)
(-1.186186451 -1.297561158 -1.723623253e-15)
(-1.203421104 -2.008120257 -1.58723496e-14)
(-1.223411883 -2.7502347 -3.608855756e-15)
(-1.24964107 -3.499849225 -6.515082449e-15)
(-1.282427391 -4.24957327 -2.26599769e-14)
(-1.321922995 -4.995979377 -3.244825647e-14)
(-1.368290797 -5.737155732 -3.23312962e-14)
(-1.421703993 -6.4720112 -1.83605528e-14)
(-1.482331084 -7.200008131 -1.784529246e-14)
(-1.550323416 -7.921022224 -1.549153971e-14)
(-1.625806592 -8.635244345 -8.818965201e-15)
(-1.708874956 -9.343096962 -6.656808356e-15)
(-1.799588442 -10.04515749 -9.938949231e-15)
(-1.897971289 -10.74208629 -1.201783306e-14)
(-2.004012583 -11.43456116 -1.12581026e-14)
(-2.117668705 -12.12321999 -1.160768626e-14)
(-2.238867959 -12.80861494 -1.113750957e-14)
(-2.367517389 -13.49118061 -1.128619153e-14)
(-2.503511369 -14.17121806 -1.192402436e-14)
(-2.646741177 -14.84889576 -1.163803363e-14)
(-2.7971043 -15.52426518 -8.974348652e-15)
(-2.954512377 -16.19728837 -5.142763375e-15)
(-3.11889684 -16.86787226 -6.471094941e-15)
(-3.2902118 -17.53590427 -7.563265121e-15)
(-3.468434317 -18.20128526 -1.049588398e-14)
(-3.653562151 -18.86395485 -1.30729688e-14)
(-3.845609654 -19.52390763 -1.16939501e-14)
(-4.044602313 -20.18119903 -1.047476441e-14)
(-4.250570547 -20.83594087 -1.211513874e-14)
(-4.463543521 -21.48828854 -1.787658957e-14)
(-4.683543644 -22.13842171 -1.683651858e-14)
(-4.91058257 -22.78652243 -1.880922098e-14)
(-5.144659194 -23.4327533 -1.601475902e-14)
(-5.385760095 -24.07724035 -1.4584085e-14)
(-5.633862021 -24.72006223 -1.53457335e-14)
(-5.88893597 -25.3612481 -1.382137453e-14)
(-6.150951675 -26.0007832 -1.432924428e-14)
(-6.419881509 -26.63861978 -1.65463507e-14)
(-6.695703199 -27.27469154 -1.591151413e-14)
(-6.978400633 -27.90892662 -1.569716264e-14)
(-7.267963055 -28.54125827 -1.436691222e-14)
(-7.564382504 -29.17162965 -1.378672823e-14)
(-7.867650319 -29.79999345 -1.166076049e-14)
(-8.17775341 -30.42630644 -1.089648892e-14)
(-8.494671058 -31.05052024 -1.040022158e-14)
(-8.818373402 -31.67257184 -1.072906243e-14)
(-9.148822167 -32.29237683 -1.048693088e-14)
(-9.485973034 -32.90982534 -1.102918212e-14)
(-9.829780712 -33.52478865 -1.36164846e-14)
(-10.18020299 -34.13712627 -1.587106027e-14)
(-10.53720556 -34.74670257 -1.257230204e-14)
(-10.90076312 -35.35339713 -1.208455236e-14)
(-11.27085886 -35.95711475 -9.742832004e-15)
(-11.64748105 -36.55778832 -8.995208014e-15)
(-12.03061813 -37.15537451 -8.587644478e-15)
(-12.42025224 -37.74984011 -8.152072893e-15)
(-12.81635517 -38.34114979 -7.704423601e-15)
(-13.21888533 -38.92924899 -6.055822621e-15)
(-13.62778984 -39.51405659 -6.823125897e-15)
(-14.04300808 -40.09545956 -5.644398048e-15)
(-14.46447971 -40.67332464 -5.519635407e-15)
(-14.89215134 -41.24751373 -4.182123523e-15)
(-15.32598149 -41.81790204 -3.631897615e-15)
(-15.76594171 -42.38439403 -3.126396425e-15)
(-16.21201132 -42.94692562 -3.5114109e-15)
(-16.66417111 -43.50546272 -4.625812311e-15)
(-17.12239268 -44.05998125 -5.246248817e-15)
(-17.58662962 -44.61044258 -3.964733118e-15)
(-18.05681835 -45.15678296 -3.033280335e-15)
(-18.53287774 -45.69889078 -2.096982791e-15)
(-19.01472186 -46.23661827 -2.284809431e-15)
(-19.50227501 -46.76980563 -1.317076737e-15)
(-19.99548374 -47.29831133 -7.101222067e-16)
(-20.49432571 -47.82204792 -3.790426234e-16)
(-20.99880403 -48.34099253 -9.17779956e-16)
(-21.50893587 -48.85518871 -2.615866286e-15)
(-22.02473114 -49.36471757 -2.519369003e-15)
(-22.54617015 -49.86964987 -3.053423157e-15)
(-23.07318676 -50.36999168 -3.706644421e-15)
(-23.60566567 -50.86564708 -2.586352335e-15)
(-24.14346464 -51.3564287 -2.32390829e-15)
(-24.68643842 -51.84207988 -2.69009298e-15)
(-25.23447253 -52.32234528 -2.455468638e-15)
(-25.7875071 -52.79704227 -2.139665163e-15)
(-26.34553705 -53.26610067 -1.535985483e-15)
(-26.90859692 -53.7295769 -1.112269375e-15)
(-27.47671983 -54.18759964 -1.688652047e-16)
(-28.04989404 -54.64028627 4.499382418e-16)
(-28.62803592 -55.08766155 3.729727347e-16)
(-29.21098614 -55.52960071 1.268624638e-15)
(-29.79853729 -55.9658372 2.053396353e-15)
(-30.39048037 -56.3960267 1.468139218e-15)
(-30.98665135 -56.81984477 8.45123572e-16)
(-31.58696109 -57.2370782 1.355188188e-15)
(-32.19139256 -57.6476645 9.182797747e-16)
(-32.79997838 -58.05168365 5.233813673e-16)
(-33.41275386 -58.44928393 3.029424914e-16)
(-34.02972022 -58.8406023 -1.064492829e-16)
(-34.65082862 -59.22570455 -6.262386958e-16)
(-35.27597513 -59.60455046 -1.73581976e-15)
(-35.90501749 -59.97701384 -1.021090696e-15)
(-36.53778617 -60.34290171 -1.92515244e-15)
(-37.17410721 -60.70199194 -1.25008496e-15)
(-37.81382218 -61.05406644 -1.730446925e-15)
(-38.45682071 -61.39897184 -1.523964443e-15)
(-39.10305644 -61.7366552 -1.131498148e-15)
(-39.75254458 -62.06717716 -4.424357028e-16)
(-40.40534584 -62.39070443 -3.128593008e-16)
(-41.06152026 -62.70744216 -6.937642674e-17)
(-41.7210691 -63.01754296 6.987492138e-16)
(-42.38390479 -63.32103615 9.79607587e-16)
(-43.04982426 -63.61775899 -9.479309582e-17)
(-43.71856253 -63.90740656 -3.60883894e-16)
(-44.3898468 -64.18961313 -5.21356396e-16)
(-45.06350471 -64.46411576 -7.384768898e-16)
(-45.739522 -64.73088731 6.91607959e-17)
(-46.41803277 -64.99016512 -4.936016266e-16)
(-47.09921208 -65.24231232 -1.468307142e-15)
(-47.78318814 -65.48766346 -1.875254337e-15)
(-48.46995458 -65.72636185 -1.5887285e-15)
(-49.15939843 -65.95835585 -1.710570895e-15)
(-49.85138126 -66.18349119 -1.773550648e-15)
(-50.54585563 -66.40178283 -2.845788674e-15)
(-51.24272568 -66.613049 -1.355053063e-15)
(-51.94246972 -66.81780939 -1.097302584e-15)
(-52.64677158 -67.01675262 -2.701779671e-16)
(-53.36402978 -67.22162101 -1.042360733e-15)
(-54.07796389 -67.41291971 -1.345130611e-15)
(-54.78040966 -67.58168528 -1.783164909e-15)
(-55.48247135 -67.73991783 -1.57518927e-15)
(-56.18555706 -67.89060715 -1.432797859e-15)
(-56.89014637 -68.03434024 -1.58087469e-15)
(-57.59632114 -68.17114423 -2.518667335e-15)
(-58.30398345 -68.30088393 -3.452031502e-15)
(-59.01302361 -68.42345413 -2.79679248e-15)
(-59.72329538 -68.53873883 -2.357456617e-15)
(-60.43467435 -68.64665868 -1.898065585e-15)
(-61.14702418 -68.74713033 -1.40856485e-15)
(-61.8602112 -68.84007951 -1.171260267e-15)
(-62.5741228 -68.92545809 -1.208897198e-15)
(-63.28864016 -69.00321379 -1.322968174e-15)
(-64.00364302 -69.07329851 -9.0686418e-16)
(-64.71902973 -69.1356849 -3.331576668e-16)
(-65.43469439 -69.1903421 -4.009206663e-17)
(-66.15052896 -69.2372409 -4.174609315e-16)
(-66.86642998 -69.2763604 -1.065766037e-16)
(-67.58230718 -69.30769427 1.228375935e-16)
(-68.29806234 -69.33122804 -2.418921969e-16)
(-69.01359843 -69.34695192 -3.445720913e-16)
(-69.72883848 -69.35487713 -6.183587997e-16)
(-70.44368394 -69.3549955 -8.419247413e-16)
(-71.15806218 -69.34732533 -8.342093667e-16)
(-71.87188385 -69.3318686 -8.252620176e-16)
(-72.58507657 -69.30864712 -8.629152096e-16)
(-73.29756652 -69.27768011 -8.739205036e-16)
(-74.00927156 -69.2389782 -1.191119249e-15)
(-74.72011911 -69.1925626 -1.020610703e-15)
(-75.43003023 -69.13844808 -1.128067336e-15)
(-76.13892125 -69.07664593 -1.288302929e-15)
(-76.84671639 -69.00717428 -1.288375654e-15)
(-77.55333425 -68.93004427 -1.52640754e-15)
(-78.25867307 -68.84525091 -1.51537225e-15)
(-78.96266638 -68.75282408 -1.408874796e-15)
(-79.66522016 -68.65276535 -1.060725918e-15)
(-80.36624706 -68.54508837 -7.250040998e-16)
(-81.06567131 -68.42981582 -5.065996751e-16)
(-81.76340591 -68.30696119 -6.647496421e-16)
(-82.45937079 -68.17654751 -1.230963604e-15)
(-83.15349202 -68.03860043 -1.049849922e-15)
(-83.8456964 -67.89315131 -1.227910418e-15)
(-84.53591077 -67.74022972 -1.590125437e-15)
(-85.22406248 -67.5798664 -1.781555814e-15)
(-85.91008957 -67.41209879 -1.025666807e-15)
(-86.59390867 -67.23694643 -1.115480544e-15)
(-87.27545284 -67.05444468 -1.347993836e-15)
(-87.95465648 -66.86463092 -1.155673318e-15)
(-88.63144126 -66.66753087 -1.143278617e-15)
(-89.30573229 -66.46316971 -1.387696589e-15)
(-89.97746041 -66.25158212 -1.538761154e-15)
(-90.64654294 -66.03279082 -1.58153853e-15)
(-91.31290611 -65.80682425 -1.700827195e-15)
(-91.97648385 -65.57372142 -2.035841453e-15)
(-92.63719296 -65.33350494 -1.9584308e-15)
(-93.29495608 -65.08620544 -1.912550463e-15)
(-93.94970425 -64.83186075 -1.932280527e-15)
(-94.60136187 -64.57050449 -1.646179907e-15)
(-95.2498669 -64.30218088 -9.64175931e-16)
(-95.89514741 -64.02692933 -8.557980044e-16)
(-96.53713133 -63.74479237 -9.081177343e-16)
(-97.17575724 -63.45581226 -5.812428956e-16)
(-97.81096806 -63.16003516 -9.283594335e-16)
(-98.44269057 -62.85749825 -1.147212957e-15)
(-99.07087274 -62.54825315 -9.140407336e-16)
(-99.69546247 -62.23235309 -1.037461401e-15)
(-100.3163927 -61.90983796 -1.348052467e-15)
(-100.9336109 -61.58076125 -1.561584251e-15)
(-101.5470597 -61.24516964 -1.882805605e-15)
(-102.1566869 -60.90314265 -2.02675026e-15)
(-102.7657299 -60.56926806 -2.004869411e-15)
(-103.5518835 -60.11481393 -2.346462625e-15)
(-103.9778836 -59.87688238 -1.967804324e-15)
(-104.2102039 -59.8236412 -2.169049417e-15)
(-104.364915 -59.85952872 -2.441571375e-15)
(-104.4886488 -59.9255022 -2.923109592e-15)
(-104.5997947 -59.9970465 -3.326728181e-15)
(-104.7051524 -60.06643215 -3.457238334e-15)
(-104.8071799 -60.13233379 -2.963182697e-15)
(-104.9068583 -60.1952815 -2.756445767e-15)
(-105.0046751 -60.25603721 -2.94442629e-15)
(-105.1009338 -60.31517664 -2.765753701e-15)
(-105.1958631 -60.37307881 -2.644321795e-15)
(-105.289635 -60.42998269 -3.104920458e-15)
(-105.3823869 -60.48604597 -2.842380138e-15)
(-105.4742001 -60.54136092 -3.170401128e-15)
(-105.5651352 -60.59599419 -3.330341377e-15)
(-105.6552396 -60.6499956 -2.86575852e-15)
(-105.744552 -60.70340704 -2.974298687e-15)
(-105.8330947 -60.75625683 -2.790966451e-15)
(-105.9208729 -60.80855867 -3.018768141e-15)
(-106.0078996 -60.86033046 -2.900174761e-15)
(-106.0941769 -60.9115818 -2.773268268e-15)
(-106.1797155 -60.96232883 -2.766827697e-15)
(-106.2645208 -61.01258362 -2.674223745e-15)
(-106.3485901 -61.06235153 -2.5483535e-15)
(-106.4319368 -61.11164872 -2.716480013e-15)
(-106.5145697 -61.16048791 -2.671117759e-15)
(-106.5965113 -61.20889111 -2.445110486e-15)
(-106.6777801 -61.25687626 -2.30047864e-15)
(-106.7583846 -61.30445147 -2.428057952e-15)
(-106.8383407 -61.35162699 -2.117533542e-15)
(-106.9176584 -61.39840831 -1.988857716e-15)
(-106.9963474 -61.44479623 -2.260876253e-15)
(-107.0743809 -61.49076403 -2.036339005e-15)
(-107.15172 -61.53627543 -2.370669512e-15)
(-107.2283111 -61.58128148 -2.052212299e-15)
(-107.3040845 -61.62572341 -2.124411508e-15)
(-107.3789424 -61.66952467 -1.923273554e-15)
(-107.4527571 -61.71258969 -2.187186064e-15)
(-107.5253976 -61.75482467 -2.056958888e-15)
(-107.5967133 -61.79612749 -2.221994164e-15)
(-107.6665586 -61.83640627 -2.435346505e-15)
(-107.7347831 -61.87557224 -2.251567441e-15)
(-107.8012353 -61.91354092 -2.262527207e-15)
(-107.8657935 -61.95025348 -2.12184317e-15)
(-107.9283497 -61.98566557 -2.120231028e-15)
(-107.9888346 -62.01976313 -2.121300788e-15)
(-108.0472042 -62.05255109 -2.07413007e-15)
(-108.1034385 -62.0840493 -1.945997136e-15)
(-108.1575615 -62.11430564 -1.590842571e-15)
(-108.2096315 -62.14338941 -1.452621117e-15)
(-108.2597468 -62.17139093 -1.976048055e-15)
(-108.3080096 -62.19839708 -1.940251956e-15)
(-108.3545488 -62.22450726 -2.251591628e-15)
(-108.3995146 -62.24982705 -2.180839802e-15)
(-108.4430727 -62.27446706 -2.270743199e-15)
(-108.4853856 -62.29852991 -2.250454021e-15)
(-108.5266045 -62.32210355 -2.233974909e-15)
(-108.5668876 -62.34527613 -2.144367689e-15)
(-108.6063738 -62.36811976 -2.007056235e-15)
(-108.6451995 -62.39070321 -1.875943852e-15)
(-108.6834786 -62.41307914 -1.83538883e-15)
(-108.7212982 -62.43528058 -1.612752406e-15)
(-108.758741 -62.45733864 -1.850904486e-15)
(-108.7958644 -62.47926878 -1.991213742e-15)
(-108.8327201 -62.50108557 -2.001470835e-15)
(-108.8693378 -62.52279154 -2.129882174e-15)
(-108.9057238 -62.54437463 -2.187502582e-15)
(-108.9418825 -62.56582412 -2.517391794e-15)
(-108.9778092 -62.58712768 -2.366333352e-15)
(-109.0135009 -62.60827548 -2.33404398e-15)
(-109.0489257 -62.6292404 -2.431714655e-15)
(-109.0840528 -62.64999911 -2.66521247e-15)
(-109.1188538 -62.67053057 -2.427615543e-15)
(-109.1533048 -62.69081946 -2.65593276e-15)
(-109.187374 -62.71084698 -2.682344209e-15)
(-109.2210201 -62.73058741 -2.497829856e-15)
(-109.2542164 -62.75002565 -2.541391206e-15)
(-109.2869289 -62.76914261 -2.273562317e-15)
(-109.3191369 -62.78792896 -2.55991805e-15)
(-109.3508147 -62.80637277 -2.448914856e-15)
(-109.3819292 -62.82445562 -2.435994926e-15)
(-109.4124632 -62.84216984 -2.716105753e-15)
(-109.4423935 -62.85950365 -1.951318661e-15)
(-109.4717103 -62.87645479 -2.068878226e-15)
(-109.5003989 -62.89301794 -1.866340696e-15)
(-109.528437 -62.90918072 -1.911545061e-15)
(-109.555814 -62.92493835 -1.810849367e-15)
(-109.5825223 -62.9402894 -1.751984998e-15)
(-109.6085657 -62.95523867 -1.518202681e-15)
(-109.6339266 -62.96977625 -1.626592786e-15)
(-109.658595 -62.98389782 -1.943192701e-15)
(-109.682568 -62.99760238 -1.814367994e-15)
(-109.7058499 -63.01089501 -1.835747077e-15)
(-109.7284396 -63.02377723 -1.849327618e-15)
(-109.7503271 -63.0362431 -1.769954018e-15)
(-109.7715174 -63.04829659 -1.99578569e-15)
(-109.7920078 -63.05993673 -1.936015586e-15)
(-109.8118031 -63.07117614 -2.116242642e-15)
(-109.8303308 -63.0827544 -2.043254072e-15)
)
;
    }
    outlet
    {
        type            calculated;
        value           uniform (0 0 0);
    }
    front
    {
        type            wedge;
    }
    back
    {
        type            wedge;
    }
}


// ************************************************************************* //
