/*--------------------------------*- C++ -*----------------------------------*\
| =========                 |                                                 |
| \\      /  F ield         | OpenFOAM: The Open Source CFD Toolbox           |
|  \\    /   O peration     | Version:  v1706                                 |
|   \\  /    A nd           | Web:      www.OpenFOAM.com                      |
|    \\/     M anipulation  |                                                 |
\*---------------------------------------------------------------------------*/
FoamFile
{
    version     2.0;
    format      ascii;
    class       volVectorField;
    location    "0.00154";
    object      wallShearStress;
}
// * * * * * * * * * * * * * * * * * * * * * * * * * * * * * * * * * * * * * //

dimensions      [1 -1 -2 0 0 0 0];


internalField   uniform (0 0 0);

boundaryField
{
    inlet
    {
        type            calculated;
        value           nonuniform 0();
    }
    object
    {
        type            calculated;
        value           nonuniform List<vector> 
196
(
(-0.2304596532 -0.2232414618 -5.559120174e-15)
(-0.2095444343 -0.3773340075 -1.733017762e-14)
(-0.2129820978 -0.591723824 -4.770573268e-14)
(-0.2152827873 -0.8136237375 -2.843025396e-14)
(-0.2182283982 -1.037830536 -2.552812486e-14)
(-0.2218604825 -1.262756025 1.517263177e-14)
(-0.226186308 -1.487709659 2.78572638e-14)
(-0.2312078073 -1.712305297 2.516512648e-14)
(-0.2369276166 -1.936288046 3.28632195e-14)
(-0.2433501829 -2.159471192 1.642915107e-14)
(-0.2504833084 -2.381713571 1.589506864e-14)
(-0.258318718 -2.602902063 1.840763811e-15)
(-0.2668715949 -2.822934732 -5.196262905e-15)
(-0.276157497 -3.04174872 4.644981519e-17)
(-0.2861592622 -3.259292531 -1.456791424e-16)
(-0.2968992103 -3.475520828 -8.546411592e-16)
(-0.3083768797 -3.690416526 -5.30252068e-15)
(-0.320596427 -3.903968929 -1.234558008e-14)
(-0.3335584717 -4.11617238 -2.004078868e-14)
(-0.3472679602 -4.327042309 -1.996352759e-14)
(-0.3617134248 -4.536581728 -2.519688934e-14)
(-0.3769159083 -4.744819954 -2.294168954e-14)
(-0.3928440717 -4.951780678 -1.478648534e-14)
(-0.4095342423 -5.15749619 -8.034073438e-15)
(-0.42694053 -5.362002523 -2.440722568e-15)
(-0.4451103524 -5.565335327 -1.552701668e-16)
(-0.4639925 -5.767538061 2.589892328e-17)
(-0.4836360816 -5.968648384 -2.81659032e-17)
(-0.5039802614 -6.168711718 -5.029522133e-17)
(-0.5250862043 -6.367764595 -2.647834677e-15)
(-0.5468770352 -6.565855587 7.556042349e-18)
(-0.5694293687 -6.763016692 1.38296535e-15)
(-0.592650005 -6.959299154 8.715884233e-16)
(-0.6166293492 -7.154728874 -4.300824131e-16)
(-0.6412620472 -7.349358163 -2.772773469e-15)
(-0.6666480868 -7.543207292 -2.126435097e-16)
(-0.692675608 -7.736328091 -5.064190085e-17)
(-0.7194456789 -7.928735554 8.539166516e-17)
(-0.7468507985 -8.120479346 5.115982721e-16)
(-0.7749816665 -8.311571106 3.916366642e-15)
(-0.8037446368 -8.502055859 6.826887145e-16)
(-0.833216239 -8.691943937 8.163510308e-17)
(-0.8633160512 -8.881275398 -7.54033284e-17)
(-0.8941061958 -9.070058806 1.071691577e-16)
(-0.9255285853 -9.258329502 2.558560473e-15)
(-0.9576166704 -9.44609712 1.272721626e-15)
(-0.9903447925 -9.633388356 1.568425711e-16)
(-1.023720154 -9.820216965 1.184537057e-15)
(-1.057736341 -10.00660186 -2.899313418e-16)
(-1.092392481 -10.19255838 -8.129375767e-18)
(-1.12768706 -10.37810205 4.36474693e-17)
(-1.163620002 -10.56324776 7.158489746e-16)
(-1.200191833 -10.74801009 1.241219272e-15)
(-1.237403913 -10.93240323 1.366683325e-15)
(-1.275258396 -11.11644198 3.990178933e-15)
(-1.313758002 -11.30014003 1.211966742e-15)
(-1.352906045 -11.48351204 2.273389476e-17)
(-1.392706201 -11.66657201 -2.790548557e-15)
(-1.433162418 -11.84933447 -2.426109129e-15)
(-1.474278639 -12.03181285 -2.438352477e-16)
(-1.516058795 -12.21402161 -2.714295215e-17)
(-1.558506405 -12.39597327 8.021206815e-17)
(-1.601624629 -12.57768055 1.429657058e-16)
(-1.645416071 -12.75915494 -5.382453774e-16)
(-1.689882636 -12.9404069 1.945281071e-17)
(-1.735025472 -13.12144586 -5.950946483e-16)
(-1.780844765 -13.30227942 -2.173971937e-15)
(-1.827339852 -13.4829142 -1.028112215e-15)
(-1.874508969 -13.66335428 -2.809254875e-16)
(-1.922349516 -13.84360223 -4.669519848e-17)
(-1.9708583 -14.02365991 -7.026593259e-16)
(-2.020031361 -14.2035262 -5.498682814e-16)
(-2.069864351 -14.38319958 2.802964793e-17)
(-2.120352502 -14.56267705 -1.2585312e-17)
(-2.17149072 -14.74195411 4.19700699e-17)
(-2.223273271 -14.92102528 -7.614390641e-16)
(-2.275694212 -15.09988389 1.076889155e-15)
(-2.32874732 -15.27852156 -1.358202409e-16)
(-2.382426511 -15.45693038 5.94459759e-16)
(-2.436725365 -15.63510093 1.518488798e-16)
(-2.491637399 -15.81302314 1.201163377e-15)
(-2.547156353 -15.9906871 5.858918196e-16)
(-2.603275968 -16.16808152 1.101532666e-16)
(-2.659989995 -16.34519586 5.726537057e-17)
(-2.717291984 -16.52201846 9.69592789e-17)
(-2.775175615 -16.69853787 1.018136001e-15)
(-2.833634776 -16.87474226 -4.466360295e-17)
(-2.892663461 -17.05062023 -2.984624754e-17)
(-2.952255677 -17.2261598 -4.501927981e-17)
(-3.012405675 -17.4013481 -1.005986951e-16)
(-3.073108146 -17.57617321 4.893626128e-16)
(-3.134357792 -17.75062132 -2.308506022e-16)
(-3.196149936 -17.92468048 -3.326568389e-16)
(-3.258479729 -18.09833687 -4.023655455e-16)
(-3.321342702 -18.27157814 -1.551321645e-15)
(-3.384734757 -18.44439202 8.818424331e-17)
(-3.448652346 -18.61676628 -7.0762063e-16)
(-3.513092645 -18.78868914 1.131020986e-16)
(-3.578053875 -18.96015147 7.113478342e-17)
(-3.643534527 -19.1311435 8.076507847e-18)
(-3.709534091 -19.30165889 -3.611805146e-17)
(-3.776052194 -19.4716912 -1.694973521e-16)
(-3.843088856 -19.64123492 7.200133507e-17)
(-3.910644315 -19.81028535 7.015295848e-17)
(-3.978719309 -19.97883969 -8.658779406e-16)
(-4.047314397 -20.14689495 -1.950917427e-16)
(-4.11642979 -20.31444861 -2.917364702e-16)
(-4.186064594 -20.48149975 -1.36732099e-16)
(-4.256216582 -20.64804441 1.284940994e-15)
(-4.326883958 -20.81407869 1.217937282e-15)
(-4.398064613 -20.97959707 1.503832009e-15)
(-4.469756698 -21.14459516 2.166573173e-15)
(-4.541958462 -21.30907125 5.018315466e-16)
(-4.614667174 -21.47302231 -9.337475739e-16)
(-4.687879276 -21.63644762 -1.366998729e-15)
(-4.761590933 -21.79934699 -2.02743351e-15)
(-4.835798039 -21.96171882 -3.02095709e-15)
(-4.91049693 -22.12356155 -1.459873968e-15)
(-4.985683731 -22.2848747 5.111549312e-16)
(-5.061354513 -22.44565676 2.109871593e-16)
(-5.137506074 -22.60590749 -4.005816816e-17)
(-5.21413514 -22.76562668 8.795986739e-17)
(-5.291238483 -22.92481413 6.261568813e-17)
(-5.368812966 -23.08346916 8.41361555e-17)
(-5.44685555 -23.24159225 7.395534901e-16)
(-5.5253627 -23.39918097 1.962742179e-16)
(-5.604331474 -23.5562321 -2.132424648e-16)
(-5.683759438 -23.71274106 -1.337725201e-15)
(-5.763645153 -23.86870532 -1.037698251e-15)
(-5.843986571 -24.0241205 5.028275467e-17)
(-5.924781905 -24.17898467 -2.436023206e-16)
(-6.006028894 -24.33329349 -3.651204149e-17)
(-6.087723745 -24.48704307 1.425369649e-16)
(-6.169861354 -24.64022584 1.231909047e-16)
(-6.25243668 -24.79283118 6.047336879e-17)
(-6.335445386 -24.94484695 -6.352695663e-17)
(-6.418883507 -25.09626122 -5.751754064e-17)
(-6.502746849 -25.24706206 -2.023964276e-16)
(-6.587029465 -25.39723855 -1.280716569e-16)
(-6.671724915 -25.54677886 -1.089904205e-17)
(-6.756826635 -25.6956671 6.15564192e-16)
(-6.842329842 -25.84389012 3.033213193e-16)
(-6.928228478 -25.99143641 4.514475637e-18)
(-7.014514894 -26.13829278 3.41890851e-17)
(-7.101181669 -26.28444497 -6.383444873e-16)
(-7.18822045 -26.42987545 -9.639607694e-17)
(-7.275624092 -26.57456909 9.401987855e-20)
(-7.363384881 -26.71850828 -1.170262159e-17)
(-7.451493917 -26.86167429 9.392427602e-17)
(-7.539942007 -27.00404689 -3.708122951e-16)
(-7.628719103 -27.14560336 8.507293023e-17)
(-7.717816653 -27.28632048 6.555515015e-18)
(-7.807223181 -27.42617466 -6.966015498e-16)
(-7.896928978 -27.56513837 -5.026161188e-16)
(-7.986923336 -27.70318813 -9.002692291e-16)
(-8.077194654 -27.84029651 -1.64122119e-16)
(-8.16773253 -27.97643699 -2.598561246e-17)
(-8.258529128 -28.11158524 -6.644718814e-16)
(-8.349571777 -28.24572341 -2.700370257e-16)
(-8.44084053 -28.3788227 -1.783398169e-16)
(-8.532315042 -28.5108439 2.39627196e-17)
(-8.62397734 -28.64174072 8.056083047e-16)
(-8.715809563 -28.771469 2.474432273e-16)
(-8.807790667 -28.89997857 8.806577388e-17)
(-8.899904142 -29.02721598 8.777756911e-16)
(-8.992124811 -29.15313651 1.814925216e-16)
(-9.084415585 -29.27767823 1.166059943e-16)
(-9.176741268 -29.40076276 8.651373886e-16)
(-9.269067582 -29.52230824 1.291613748e-15)
(-9.361370531 -29.64222874 1.635491084e-15)
(-9.453614243 -29.76045826 1.58071006e-15)
(-9.545746509 -29.87691204 9.17921295e-16)
(-9.637719539 -29.99148899 9.864342118e-16)
(-9.729492836 -30.10408361 2.956615197e-16)
(-9.821028745 -30.21459891 9.801464271e-17)
(-9.912284611 -30.32294277 -2.449621173e-17)
(-10.0032224 -30.4290188 -6.469979468e-16)
(-10.09381422 -30.53275057 -8.022770657e-16)
(-10.18399094 -30.63410073 -3.309818687e-16)
(-10.27355831 -30.73290026 1.086112413e-17)
(-10.36267502 -30.82887443 1.368319238e-16)
(-10.45125648 -30.92228305 -1.371741622e-17)
(-10.53911951 -31.01286077 -1.141026481e-16)
(-10.62687287 -31.1001702 6.825474517e-17)
(-10.7137994 -31.18501283 6.160870573e-17)
(-10.79979286 -31.26678424 6.556602607e-16)
(-10.88482607 -31.34513711 4.530521974e-16)
(-10.96931322 -31.41999794 1.846889707e-16)
(-11.05288078 -31.49170652 1.515103643e-16)
(-11.13538459 -31.55987782 -1.272261264e-16)
(-11.21664956 -31.62444225 -3.633388457e-16)
(-11.296479 -31.68506318 -8.982604621e-17)
(-11.3749352 -31.74143571 -7.539154876e-17)
(-11.45176783 -31.79329719 -4.791507312e-16)
(-11.52669095 -31.84030286 -2.022803069e-17)
(-11.59886048 -31.88193535 -3.82541894e-17)
)
;
    }
    outlet
    {
        type            calculated;
        value           nonuniform 0();
    }
    front
    {
        type            wedge;
    }
    back
    {
        type            wedge;
    }
    procBoundary1to0
    {
        type            processor;
        value           uniform (0 0 0);
    }
    procBoundary1to2
    {
        type            processor;
        value           uniform (0 0 0);
    }
    procBoundary1to3
    {
        type            processor;
        value           uniform (0 0 0);
    }
}


// ************************************************************************* //
