/*--------------------------------*- C++ -*----------------------------------*\
| =========                 |                                                 |
| \\      /  F ield         | OpenFOAM: The Open Source CFD Toolbox           |
|  \\    /   O peration     | Version:  v1706                                 |
|   \\  /    A nd           | Web:      www.OpenFOAM.com                      |
|    \\/     M anipulation  |                                                 |
\*---------------------------------------------------------------------------*/
FoamFile
{
    version     2.0;
    format      ascii;
    class       volVectorField;
    location    "0.00241";
    object      wallShearStress;
}
// * * * * * * * * * * * * * * * * * * * * * * * * * * * * * * * * * * * * * //

dimensions      [1 -1 -2 0 0 0 0];


internalField   uniform (0 0 0);

boundaryField
{
    inlet
    {
        type            calculated;
        value           nonuniform 0();
    }
    object
    {
        type            calculated;
        value           nonuniform List<vector> 
196
(
(-0.3871704468 -0.1908915465 -7.151055942e-15)
(-0.367149857 -0.3124892768 -2.13285338e-14)
(-0.3695948563 -0.4839235676 -3.661684017e-14)
(-0.3714921815 -0.6632704191 -2.373003534e-14)
(-0.3739201958 -0.8451128757 -2.054365041e-14)
(-0.3769587755 -1.027993506 2.676440581e-15)
(-0.3806129978 -1.211343329 1.241410098e-14)
(-0.3848789473 -1.394881504 1.344588982e-14)
(-0.3897520936 -1.578443597 1.777845688e-14)
(-0.3952285881 -1.761919655 1.115826395e-14)
(-0.4013053676 -1.94522831 1.160011688e-14)
(-0.407980034 -2.12830472 3.706745059e-15)
(-0.4152507144 -2.31109457 -6.213553449e-16)
(-0.4231159382 -2.49355087 -3.347680538e-17)
(-0.4315745374 -2.675632204 -8.338414308e-16)
(-0.4406255662 -2.857301714 -2.857316808e-15)
(-0.4502682421 -3.038526523 -7.474605811e-15)
(-0.4605018928 -3.219277312 -1.062960578e-14)
(-0.4713259204 -3.399528139 -1.835152767e-14)
(-0.4827397667 -3.579256197 -2.116077632e-14)
(-0.4947428919 -3.758441719 -2.607844009e-14)
(-0.5073347533 -3.937067816 -2.334287634e-14)
(-0.5205147918 -4.11512037 -1.766399611e-14)
(-0.5342824211 -4.292587916 -1.17679914e-14)
(-0.5486370191 -4.469461495 -4.489214272e-15)
(-0.5635779224 -4.645734529 -1.227098973e-15)
(-0.5791044238 -4.821402685 -1.385031829e-15)
(-0.5952157725 -4.996463749 -6.981823302e-17)
(-0.611911167 -5.17091741 1.018607779e-16)
(-0.6291897669 -5.344765205 -1.167496715e-15)
(-0.6470506859 -5.518010301 1.03793637e-16)
(-0.6654929971 -5.69065735 1.330085657e-15)
(-0.6845157385 -5.862712373 9.741320274e-16)
(-0.7041179109 -6.034182569 -3.19568396e-16)
(-0.7242984866 -6.205076209 -1.851817207e-15)
(-0.7450564079 -6.375402463 -3.430709287e-16)
(-0.7663905937 -6.545171294 -6.636089096e-17)
(-0.7882999377 -6.714393285 1.687857968e-16)
(-0.8107833188 -6.883079598 6.565040233e-16)
(-0.8338395927 -7.051241735 2.734478789e-15)
(-0.8574675992 -7.218891521 2.123847839e-15)
(-0.881666166 -7.386040992 2.042467907e-16)
(-0.9064341023 -7.552702247 -3.163339414e-16)
(-0.9317702012 -7.71888736 1.582307378e-16)
(-0.9576732458 -7.884608374 1.079378007e-15)
(-0.984141993 -8.049877082 6.35441739e-16)
(-1.011175191 -8.214705106 1.341241108e-17)
(-1.038771559 -8.379103686 -4.902973923e-16)
(-1.066929803 -8.54308374 -2.064141702e-15)
(-1.095648596 -8.706655716 -1.396704276e-15)
(-1.124926586 -8.869829552 8.585677555e-17)
(-1.154762397 -9.032614747 1.684162958e-15)
(-1.185154614 -9.195020112 1.288073899e-15)
(-1.216101764 -9.357053719 9.471581788e-16)
(-1.247602408 -9.518723563 3.1534574e-15)
(-1.279654959 -9.680036085 8.080437412e-16)
(-1.312257884 -9.84099783 -7.681595879e-16)
(-1.345409529 -10.0016141 -1.849104395e-15)
(-1.379108264 -10.16188999 -1.683531624e-15)
(-1.413352299 -10.32182906 -4.228376745e-16)
(-1.448139957 -10.48143528 8.678252842e-17)
(-1.483469345 -10.64071072 1.886401938e-16)
(-1.519338617 -10.79965744 5.0471195e-16)
(-1.555745843 -10.95827657 5.845986767e-17)
(-1.592689024 -11.11656859 -3.073876702e-17)
(-1.630166155 -11.27453343 -5.784300723e-16)
(-1.668175129 -11.4321701 -1.418865893e-15)
(-1.706713874 -11.58947745 -8.224020577e-16)
(-1.745780172 -11.74645305 -4.138496184e-16)
(-1.78537177 -11.90309417 -4.038943781e-16)
(-1.825486505 -12.05939838 -1.350132886e-15)
(-1.866122003 -12.21536151 -7.198178645e-16)
(-1.907275944 -12.37097976 -2.844571285e-17)
(-1.948946 -12.52624884 -3.882615238e-17)
(-1.991129737 -12.68116381 1.127792939e-16)
(-2.033824743 -12.83571961 -1.831577062e-16)
(-2.077028606 -12.98991108 6.839692979e-16)
(-2.120738772 -13.14373221 1.521718764e-16)
(-2.16495285 -13.29717787 4.024810016e-16)
(-2.209668311 -13.45024199 2.158221336e-16)
(-2.254882598 -13.60291836 7.363771001e-16)
(-2.30059328 -13.75520135 6.479544148e-16)
(-2.346797717 -13.90708442 5.442537333e-16)
(-2.39349344 -14.05856187 3.023760717e-17)
(-2.440677862 -14.20962735 3.056884836e-16)
(-2.488348447 -14.36027497 1.575924837e-15)
(-2.536502598 -14.51049861 2.352181224e-16)
(-2.585137813 -14.66029265 1.568705588e-17)
(-2.634251493 -14.80965132 4.384231727e-17)
(-2.683841016 -14.95856858 -1.328598619e-17)
(-2.733903915 -15.10703953 1.916640978e-16)
(-2.78443747 -15.25505803 -2.237494418e-16)
(-2.835439254 -15.40261967 -6.082775312e-16)
(-2.886906517 -15.54971847 -6.562966038e-16)
(-2.938836702 -15.69634978 -1.006564493e-15)
(-2.991227251 -15.84250897 -4.298588822e-17)
(-3.044075519 -15.98819127 -3.205530002e-16)
(-3.097378777 -16.13339156 1.088905918e-16)
(-3.151134515 -16.2781061 -3.043570877e-17)
(-3.205339857 -16.42232954 2.97754041e-16)
(-3.259992301 -16.56605844 4.011268663e-17)
(-3.315089071 -16.70928838 6.619482256e-17)
(-3.370627394 -16.85201498 4.867850814e-17)
(-3.426604445 -16.99423385 6.462674103e-17)
(-3.483017535 -17.13594164 -2.758927486e-16)
(-3.53986383 -17.27713413 -1.430042973e-16)
(-3.597140316 -17.41780677 -1.775445745e-17)
(-3.654844256 -17.55795619 -1.677516212e-16)
(-3.712972529 -17.69757785 5.861452666e-16)
(-3.771522352 -17.83666835 5.860164732e-16)
(-3.830490506 -17.97522299 1.049806636e-15)
(-3.889873887 -18.11323745 1.286804015e-15)
(-3.949669608 -18.25070862 4.708204801e-16)
(-4.009874171 -18.38763097 -3.729581528e-16)
(-4.070484321 -18.5240001 -1.038823937e-15)
(-4.13149691 -18.65981231 -1.194632079e-15)
(-4.192908504 -18.79506284 -2.006491842e-15)
(-4.254715605 -18.92974663 -7.345507141e-16)
(-4.316914765 -19.06385904 8.340601647e-16)
(-4.379502259 -19.19739468 4.857603606e-16)
(-4.442474567 -19.3303488 1.498147688e-16)
(-4.505827887 -19.46271602 1.380415045e-16)
(-4.56955839 -19.5944907 1.296841212e-16)
(-4.633662068 -19.72566678 -7.035668747e-17)
(-4.698135153 -19.85623932 2.433756717e-16)
(-4.762973479 -19.98620196 -1.813562232e-16)
(-4.828172917 -20.11554863 -2.687114338e-16)
(-4.893729116 -20.24427239 -1.282138193e-15)
(-4.959637947 -20.37236766 -1.026908882e-15)
(-5.025894706 -20.49982655 -7.724991153e-17)
(-5.092495136 -20.62664327 -1.048911385e-16)
(-5.159434469 -20.75281005 7.210103704e-17)
(-5.226708008 -20.87831973 1.259137664e-16)
(-5.294310949 -21.00316474 8.482714377e-17)
(-5.362238312 -21.12733745 1.104986959e-17)
(-5.43048512 -21.25082998 1.577930982e-16)
(-5.499046296 -21.37363453 6.695677766e-17)
(-5.567916441 -21.49574222 -8.85692344e-17)
(-5.637090116 -21.61714441 -1.63391847e-17)
(-5.706562142 -21.73783337 5.447268244e-17)
(-5.776326515 -21.85779898 3.235428855e-16)
(-5.846377623 -21.97703244 1.970576255e-16)
(-5.916709646 -22.09552461 -5.823058355e-17)
(-5.987316479 -22.2132657 5.232669597e-18)
(-6.058192222 -22.33024636 -3.424682792e-16)
(-6.129329989 -22.44645491 -8.903540369e-17)
(-6.200723849 -22.56188245 3.514747068e-17)
(-6.272367063 -22.67651821 2.836912495e-16)
(-6.344252725 -22.79035078 1.630928502e-16)
(-6.416373988 -22.90336926 -2.269257092e-17)
(-6.488723642 -23.01556192 9.865734395e-17)
(-6.561294518 -23.12691738 -5.574311461e-18)
(-6.63407899 -23.23742338 -2.507571163e-16)
(-6.707069263 -23.34706705 -1.73017759e-17)
(-6.78025773 -23.45583664 -2.23129951e-16)
(-6.853636016 -23.5637184 1.052742328e-16)
(-6.927195835 -23.67069881 1.357235479e-17)
(-7.000928341 -23.77676354 -3.045854818e-16)
(-7.074825072 -23.8818994 -5.316123308e-17)
(-7.148876662 -23.98609099 -9.678297607e-19)
(-7.223073768 -24.08932323 4.838567352e-17)
(-7.29740629 -24.19157933 3.389964415e-16)
(-7.371864498 -24.29284405 1.062052558e-16)
(-7.44643799 -24.39310049 5.627581121e-17)
(-7.521115707 -24.49233039 4.324497348e-16)
(-7.595886797 -24.59051627 1.035239137e-16)
(-7.67073933 -24.68763864 2.014017486e-16)
(-7.745661118 -24.78367714 5.825915268e-16)
(-7.820640016 -24.87861272 8.003484195e-16)
(-7.895662528 -24.97242265 9.764943777e-16)
(-7.970714892 -25.06508412 1.090482189e-15)
(-8.045782362 -25.15657268 1.037687604e-15)
(-8.120850601 -25.24686547 8.418626942e-16)
(-8.195903319 -25.33593503 4.960869772e-16)
(-8.270923588 -25.42375314 9.550400262e-17)
(-8.345893974 -25.51029067 3.451192576e-17)
(-8.420795382 -25.59551579 -1.875818749e-16)
(-8.495607788 -25.67939476 -2.147408916e-16)
(-8.570310039 -25.76189246 -1.053664538e-16)
(-8.64487901 -25.84296976 1.285031529e-17)
(-8.719289849 -25.92258467 8.227197373e-17)
(-8.793515542 -26.00069144 6.722757806e-17)
(-8.867527716 -26.07724295 -5.332914912e-17)
(-8.941293939 -26.15218414 1.887091243e-16)
(-9.01477911 -26.22545594 9.175516397e-17)
(-9.087944064 -26.29699248 3.65973196e-16)
(-9.160745111 -26.36672102 3.038537092e-16)
(-9.233132662 -26.43455912 1.644163417e-16)
(-9.305049612 -26.50041268 9.844196934e-17)
(-9.376430708 -26.56417601 -1.525167572e-16)
(-9.447198088 -26.62572421 -3.502213825e-16)
(-9.517259119 -26.68491209 -1.898958937e-16)
(-9.586500289 -26.74156595 -3.795677877e-17)
(-9.654779949 -26.79547711 -1.97986337e-16)
(-9.721913282 -26.8463856 3.704363606e-18)
(-9.787647682 -26.89396611 -2.919680141e-17)
)
;
    }
    outlet
    {
        type            calculated;
        value           nonuniform 0();
    }
    front
    {
        type            wedge;
    }
    back
    {
        type            wedge;
    }
    procBoundary1to0
    {
        type            processor;
        value           uniform (0 0 0);
    }
    procBoundary1to2
    {
        type            processor;
        value           uniform (0 0 0);
    }
    procBoundary1to3
    {
        type            processor;
        value           uniform (0 0 0);
    }
}


// ************************************************************************* //
