/*--------------------------------*- C++ -*----------------------------------*\
| =========                 |                                                 |
| \\      /  F ield         | OpenFOAM: The Open Source CFD Toolbox           |
|  \\    /   O peration     | Version:  v1706                                 |
|   \\  /    A nd           | Web:      www.OpenFOAM.com                      |
|    \\/     M anipulation  |                                                 |
\*---------------------------------------------------------------------------*/
FoamFile
{
    version     2.0;
    format      ascii;
    class       volVectorField;
    location    "0.00163";
    object      wallShearStress;
}
// * * * * * * * * * * * * * * * * * * * * * * * * * * * * * * * * * * * * * //

dimensions      [1 -1 -2 0 0 0 0];


internalField   uniform (0 0 0);

boundaryField
{
    inlet
    {
        type            calculated;
        value           nonuniform 0();
    }
    object
    {
        type            calculated;
        value           nonuniform List<vector> 
204
(
(-10.48963285 -28.75392034 -2.416147918e-16)
(-10.54490609 -28.76963004 2.058399745e-17)
(-10.59570174 -28.7798339 1.648708415e-16)
(-10.63719999 -28.78394458 4.600604258e-16)
(-10.67081583 -28.79063316 -8.673183643e-17)
(-10.69759976 -28.80888137 -1.925418345e-16)
(-10.72039781 -28.84212073 1.19357722e-16)
(-10.74183073 -28.88546709 1.483446232e-16)
(-10.76289817 -28.93505942 9.881878383e-19)
(-10.78435042 -28.9889934 4.278234419e-17)
(-10.80641942 -29.04624906 6.343271906e-16)
(-10.82916817 -29.10621897 1.397417065e-15)
(-10.85259306 -29.16852915 1.788117234e-15)
(-10.87671966 -29.23296641 1.379086781e-15)
(-10.90141681 -29.29940402 9.087844844e-16)
(-10.92673579 -29.36759384 5.737332941e-16)
(-10.9526888 -29.43748359 2.886604987e-16)
(-10.97921737 -29.5091196 8.481737365e-17)
(-11.00621489 -29.58239992 1.210570897e-16)
(-11.03369114 -29.65714634 2.08371476e-16)
(-11.06166107 -29.73329435 5.422783729e-17)
(-11.0901283 -29.81081628 1.637615897e-16)
(-11.11909027 -29.88969475 3.157099717e-16)
(-11.14854357 -29.96991724 3.678347071e-16)
(-11.17848581 -30.05147438 1.847188579e-16)
(-11.20891518 -30.13435786 1.428964182e-16)
(-11.23983232 -30.21856529 9.681126131e-17)
(-11.27123896 -30.30409786 1.511306453e-16)
(-11.30314215 -30.3909784 3.3961424e-16)
(-11.3354869 -30.47925998 2.483643044e-16)
(-11.36822011 -30.56886664 -6.104368372e-17)
(-11.40155322 -30.65954792 -4.185186004e-16)
(-11.43545804 -30.75148583 -3.243713808e-16)
(-11.4698133 -30.84482777 -3.166001142e-16)
(-11.50462975 -30.93958139 -6.969785084e-17)
(-11.53994787 -31.03575674 -4.232725806e-17)
(-11.57582133 -31.13341587 -7.417223808e-17)
(-11.61210826 -31.23260723 -3.509205965e-16)
(-11.64915909 -31.33319733 -1.956344587e-16)
(-11.68647958 -31.43530988 -4.093223713e-17)
(-11.72458825 -31.5385573 1.064409026e-16)
(-11.76319416 -31.64340413 7.648232416e-17)
(-11.80233247 -31.74966977 2.443785252e-16)
(-11.84211441 -31.85760879 -1.162918177e-16)
(-11.88250873 -31.96722093 -1.330683465e-16)
(-11.92360157 -32.07856832 3.495675419e-17)
(-11.96536885 -32.19171413 7.631643799e-17)
(-12.00779894 -32.30664859 2.986583632e-16)
(-12.05093426 -32.42341946 2.790576506e-16)
(-12.09473693 -32.54209791 -2.872708114e-17)
(-12.13918373 -32.66264557 -7.497751905e-17)
(-12.18434781 -32.78495607 -2.172846052e-16)
(-12.23059991 -32.90911731 -4.888094114e-17)
(-12.27751411 -33.03553639 7.486226747e-17)
(-12.32573611 -33.16400844 8.693438681e-17)
(-12.3747516 -33.29543203 1.631433408e-16)
(-12.42446487 -33.42925965 1.700098509e-16)
(-12.47578897 -33.56558927 3.838242516e-16)
(-12.52828521 -33.70521337 2.589324968e-16)
(-12.58173242 -33.84790567 1.821115054e-16)
(-12.63638485 -33.99360892 9.969930738e-17)
(-12.69240828 -34.14256041 1.037884071e-16)
(-12.74985591 -34.29496164 1.405461495e-16)
(-12.80878816 -34.45101286 -2.518284393e-17)
(-12.86927321 -34.61090665 1.083931164e-17)
(-12.9313844 -34.77486051 9.793757511e-17)
(-12.99510417 -34.9430856 2.756222419e-16)
(-13.06056223 -35.11569793 2.963778669e-16)
(-13.1276573 -35.29283851 1.546710915e-16)
(-13.19651825 -35.47440613 2.14812991e-16)
(-13.26810241 -35.66056772 1.291257315e-16)
(-13.342234 -35.85279438 1.416276021e-16)
(-13.41816179 -36.05126815 9.966885078e-17)
(-13.4970277 -36.25541034 2.00739449e-16)
(-13.57882385 -36.46646802 8.388089037e-17)
(-13.66329417 -36.68468427 6.762849227e-17)
(-13.75045049 -36.91027568 3.749460434e-16)
(-13.84064424 -37.14338975 4.735857127e-16)
(-13.93422021 -37.38452208 2.71689543e-16)
(-14.03139497 -37.6342354 7.852658944e-17)
(-14.13239259 -37.89315506 1.513380405e-16)
(-14.23711252 -38.16209678 2.242015207e-16)
(-14.34487665 -38.44099993 7.87061637e-16)
(-14.45814983 -38.72902289 4.675972393e-16)
(-14.57691283 -39.02944449 2.50041004e-16)
(-14.70074895 -39.34255408 4.529332685e-16)
(-14.83057924 -39.66898902 1.993998546e-16)
(-14.96636125 -40.0103379 1.371268806e-16)
(-15.10835533 -40.36713488 -5.033886614e-17)
(-15.25777416 -40.74024318 -3.746429615e-16)
(-15.41520899 -41.13157879 -4.498562613e-16)
(-15.58114431 -41.54297277 -2.524098677e-16)
(-15.75597109 -41.97613426 -5.284398754e-16)
(-15.94176512 -42.432289 -6.750208971e-16)
(-16.13985907 -42.91508166 -1.758749399e-16)
(-16.35128154 -43.42794482 -1.992638023e-17)
(-16.57895011 -43.97402689 1.060014592e-16)
(-16.82548094 -44.55918648 3.275455647e-16)
(-17.09574781 -45.18998208 2.982202417e-16)
(-17.39402532 -45.87644628 1.65042122e-16)
(-17.73152195 -46.62926063 2.482842704e-16)
(-18.12044499 -47.46953882 2.493241377e-16)
(-18.59817765 -48.41593468 2.644632191e-16)
(-19.25902846 -49.49277009 2.471188664e-16)
(-20.17130898 -50.52810311 2.092034989e-16)
(-21.03808318 -51.49091864 2.099128888e-16)
(-21.9115614 -52.33422497 1.509273363e-16)
(-22.80626915 -53.04823093 2.151237072e-16)
(-23.71305173 -53.65440658 2.068643528e-16)
(-24.62766171 -54.16894008 1.265021647e-16)
(-25.54550221 -54.6094977 9.954121909e-17)
(-26.46342327 -54.98422527 1.287309434e-16)
(-27.38010371 -55.30378527 -6.303308482e-17)
(-28.29250784 -55.57234796 1.220381088e-16)
(-29.20323932 -55.79027437 1.627597859e-16)
(-30.1141239 -55.96726456 2.444021794e-16)
(-31.02191459 -56.10874503 2.618444264e-16)
(-31.92157971 -56.21453458 2.429531981e-16)
(-32.81347231 -56.27837399 1.499296725e-16)
(-33.70272561 -56.30682668 -4.493673655e-17)
(-34.58861218 -56.30694291 4.310512135e-17)
(-35.46588636 -56.27843269 1.72831542e-16)
(-36.33411671 -56.21437731 1.926978489e-16)
(-37.19927506 -56.12514544 1.500985337e-16)
(-38.05373909 -56.00849653 1.314138609e-16)
(-38.90251955 -55.85398848 7.939419772e-17)
(-39.79348432 -55.70407081 9.768524528e-17)
(-40.65254753 -55.54105033 1.255876786e-16)
(-41.48205 -55.33812503 1.408278483e-16)
(-42.29582067 -55.10015778 9.330263301e-17)
(-43.103972 -54.8396828 8.195160209e-17)
(-43.90031816 -54.55700508 -1.100315556e-16)
(-44.68362698 -54.25092197 1.787836509e-17)
(-45.45467298 -53.92410347 -1.457596767e-17)
(-46.21125092 -53.56956413 9.484358066e-17)
(-46.95921913 -53.19570732 2.901695335e-16)
(-47.69339478 -52.80344234 2.484765134e-16)
(-48.41195791 -52.38606977 3.980924891e-16)
(-49.12072624 -51.95143047 2.607931707e-16)
(-49.81697053 -51.50068812 1.895438608e-16)
(-50.49861783 -51.03445722 1.156886866e-16)
(-51.16423206 -50.54735404 1.337025555e-16)
(-51.81771603 -50.04338014 1.777670324e-16)
(-52.45646036 -49.52381761 1.981098428e-16)
(-53.08044698 -48.99014128 3.944217004e-16)
(-53.69111221 -48.43895392 3.346164772e-16)
(-54.28901513 -47.87472336 3.017769792e-16)
(-54.87156988 -47.29606575 1.746520445e-16)
(-55.44024751 -46.70595124 1.074310477e-16)
(-55.99364342 -46.1023246 2.246149396e-16)
(-56.5324862 -45.48794677 2.328993814e-16)
(-57.05669663 -44.85906949 1.588030261e-16)
(-57.56793509 -44.22299884 2.008644538e-16)
(-58.06250024 -43.57621136 1.784660539e-16)
(-58.54194807 -42.92150132 1.392188352e-16)
(-59.00414867 -42.25331014 1.099993582e-16)
(-59.45471777 -41.57767742 1.566874421e-16)
(-59.8908558 -40.8959387 2.937166994e-16)
(-60.31108008 -40.20416841 2.709961192e-16)
(-60.71746113 -39.50591554 2.837740051e-16)
(-61.10900121 -38.79801372 3.647144427e-16)
(-61.48795344 -38.0872355 3.04127202e-16)
(-61.8509339 -37.36691367 2.244698205e-16)
(-62.20164924 -36.64423643 3.195646375e-16)
(-62.53690773 -35.91395266 2.912317098e-16)
(-62.85985601 -35.17962528 2.506239334e-16)
(-63.16934278 -34.44340733 1.671303238e-16)
(-63.46393336 -33.70095296 1.432101928e-16)
(-63.74628012 -32.95546687 1.31108403e-16)
(-64.01539759 -32.20872421 2.360750355e-16)
(-64.26997263 -31.45645553 2.046935083e-16)
(-64.51277448 -30.70231724 1.677426762e-16)
(-64.74312167 -29.94674379 1.472190769e-16)
(-64.96103814 -29.18993907 1.728173606e-16)
(-65.16656865 -28.4318941 1.532515623e-16)
(-65.35988883 -27.67286573 1.364364027e-16)
(-65.54112674 -26.91295386 1.879962676e-16)
(-65.7105499 -26.15248253 1.719097114e-16)
(-65.86836079 -25.39164442 1.159751246e-16)
(-66.01477413 -24.63081138 1.146490723e-16)
(-66.14996881 -23.87011041 1.058579891e-16)
(-66.27423284 -23.1099342 1.251471696e-16)
(-66.38767569 -22.35047651 1.086223889e-16)
(-66.49043823 -21.59204733 8.50234744e-17)
(-66.58264019 -20.83469766 9.281670735e-17)
(-66.66455466 -20.07869912 1.045708593e-16)
(-66.73635104 -19.32417283 6.226126806e-17)
(-66.79828326 -18.57135634 -1.169503148e-17)
(-66.85056006 -17.82039757 -1.02763786e-16)
(-66.89341037 -17.07159637 -3.353398263e-17)
(-66.92697711 -16.32506515 -5.699349852e-18)
(-66.95146428 -15.58104555 -1.626492489e-17)
(-66.9670157 -14.83958766 2.606761483e-17)
(-66.97386797 -14.10090186 3.161542971e-17)
(-66.97218142 -13.36505054 4.685197471e-17)
(-66.96218252 -12.63225287 5.182377627e-17)
(-66.94401933 -11.90252984 3.559889218e-17)
(-66.91793977 -11.17610273 1.604721052e-17)
(-66.88408235 -10.452963 1.728532863e-17)
(-66.84270622 -9.733327332 2.844873145e-17)
(-66.7939632 -9.017142772 5.642538287e-17)
(-66.73815455 -8.304748654 5.289782643e-17)
(-66.67585943 -7.596042521 6.63858228e-17)
(-66.83745664 -6.954125186 4.808045874e-17)
)
;
    }
    outlet
    {
        type            calculated;
        value           uniform (0 0 0);
    }
    front
    {
        type            wedge;
    }
    back
    {
        type            wedge;
    }
    procBoundary3to1
    {
        type            processor;
        value           uniform (0 0 0);
    }
    procBoundary3to2
    {
        type            processor;
        value           uniform (0 0 0);
    }
}


// ************************************************************************* //
