/*--------------------------------*- C++ -*----------------------------------*\
| =========                 |                                                 |
| \\      /  F ield         | OpenFOAM: The Open Source CFD Toolbox           |
|  \\    /   O peration     | Version:  v1706                                 |
|   \\  /    A nd           | Web:      www.OpenFOAM.com                      |
|    \\/     M anipulation  |                                                 |
\*---------------------------------------------------------------------------*/
FoamFile
{
    version     2.0;
    format      ascii;
    class       volVectorField;
    location    "0.00223";
    object      wallShearStress;
}
// * * * * * * * * * * * * * * * * * * * * * * * * * * * * * * * * * * * * * //

dimensions      [1 -1 -2 0 0 0 0];


internalField   uniform (0 0 0);

boundaryField
{
    inlet
    {
        type            calculated;
        value           nonuniform 0();
    }
    object
    {
        type            calculated;
        value           nonuniform List<vector> 
196
(
(-0.1930228729 -0.09077505248 0.002075934965)
(-0.1836646401 -0.1487649355 0.002091184789)
(-0.1850331085 -0.2305819866 0.002109379407)
(-0.1861886609 -0.3163351582 0.002132444895)
(-0.1876369714 -0.4034821305 0.002160483467)
(-0.1894116927 -0.491358009 0.00219326961)
(-0.1915118096 -0.5797156825 0.002230455946)
(-0.1939326507 -0.668441196 0.002271645411)
(-0.1966697416 -0.7574725186 0.002316418524)
(-0.1997192994 -0.8467704427 0.002364350507)
(-0.2030782404 -0.936306441 0.002415020761)
(-0.2067441093 -1.026057266 0.002468015269)
(-0.2107149323 -1.116002263 0.002522929873)
(-0.2149891899 -1.206122082 0.002579375444)
(-0.2195656938 -1.296398042 0.002636974177)
(-0.2244435672 -1.38681186 0.002695360997)
(-0.2296221637 -1.477345548 0.002754186495)
(-0.2351010595 -1.567981421 0.002813113171)
(-0.2408799917 -1.658702167 0.002871815847)
(-0.2469588694 -1.74949089 0.002929983244)
(-0.25333771 -1.840331318 0.002987315036)
(-0.2600166054 -1.931207752 0.003043522163)
(-0.2669957203 -2.022105194 0.003098325708)
(-0.274275316 -2.113009472 0.003151457285)
(-0.2818556919 -2.203907179 0.003202657533)
(-0.2897372032 -2.294785921 0.003251675532)
(-0.2979202274 -2.385634121 0.003298269323)
(-0.3064051767 -2.47644136 0.003342203969)
(-0.3151924652 -2.567197984 0.003383251192)
(-0.3242825046 -2.657895504 0.003421191434)
(-0.3336757559 -2.748526308 0.003455809687)
(-0.3433726576 -2.839083792 0.003486896605)
(-0.3533736736 -2.92956237 0.003514248493)
(-0.3636792568 -3.019957296 0.003537666394)
(-0.3742898962 -3.110264831 0.003556955685)
(-0.3852060296 -3.200482061 0.003571930026)
(-0.3964280938 -3.290606815 0.003582402701)
(-0.4079565793 -3.380637837 0.003588187418)
(-0.4197919048 -3.470574501 0.003589105798)
(-0.4319345818 -3.560416945 0.003584981191)
(-0.4443850926 -3.650165974 0.00357564114)
(-0.4571438699 -3.739822949 0.003560914854)
(-0.4702113732 -3.829389778 0.003540626913)
(-0.4835880663 -3.918868755 0.003514612964)
(-0.49727453 -4.00826289 0.003482710326)
(-0.5112711677 -4.097575379 0.003444748657)
(-0.5255785148 -4.186809804 0.003400569711)
(-0.5401970995 -4.275970201 0.003350007796)
(-0.5551274402 -4.36506078 0.003292898405)
(-0.5703700285 -4.454085996 0.003229077627)
(-0.5859254298 -4.543050391 0.003158394656)
(-0.6017941858 -4.631958907 0.003080687742)
(-0.6179768896 -4.72081637 0.002995794952)
(-0.6344741125 -4.809627825 0.002903561793)
(-0.6512863969 -4.898398559 0.002803820759)
(-0.6684143595 -4.987133352 0.002696415126)
(-0.6858585996 -5.075837489 0.002581188926)
(-0.7036198064 -5.164516098 0.002457972643)
(-0.7216986509 -5.253174445 0.002326619674)
(-0.7400956806 -5.341817334 0.002186965491)
(-0.7588115837 -5.430450034 0.002038843012)
(-0.7778470318 -5.519077159 0.00188208999)
(-0.7972027454 -5.607703507 0.00171654734)
(-0.8168793643 -5.696333914 0.00154205514)
(-0.8368775202 -5.784972799 0.001358449743)
(-0.8571980468 -5.873624614 0.00116557293)
(-0.8778416263 -5.962293593 0.0009632529403)
(-0.898808962 -6.050984068 0.0007513397223)
(-0.9201007515 -6.139699657 0.0005296623235)
(-0.9417177151 -6.228444266 0.0002980476551)
(-0.9636605996 -6.317221711 5.633149814e-05)
(-0.9859300946 -6.406035095 -0.000195647538)
(-1.008527023 -6.494887873 -0.0004580512911)
(-1.031452082 -6.583783242 -0.0007310668941)
(-1.054705902 -6.672723879 -0.001014846341)
(-1.078289381 -6.761712556 -0.001309562822)
(-1.102203206 -6.850751955 -0.001615388755)
(-1.126448079 -6.939844209 -0.001932492628)
(-1.151024637 -7.028991773 -0.002261048517)
(-1.175933725 -7.118196512 -0.002601205538)
(-1.201175924 -7.207460113 -0.002953147178)
(-1.226751988 -7.296784394 -0.003317052164)
(-1.252662554 -7.386170504 -0.003693065284)
(-1.278908495 -7.475620048 -0.004081389037)
(-1.30549025 -7.56513387 -0.004482191251)
(-1.332408596 -7.654712956 -0.004895626566)
(-1.359664131 -7.744358003 -0.005321875718)
(-1.387257601 -7.834069673 -0.005761109776)
(-1.415189485 -7.923848429 -0.006213492504)
(-1.44346037 -8.013694163 -0.00667918187)
(-1.47207099 -8.103607405 -0.007158365718)
(-1.501021775 -8.193587538 -0.007651222024)
(-1.530313442 -8.283634918 -0.008157935152)
(-1.559946367 -8.3737487 -0.008678661111)
(-1.589921119 -8.463928456 -0.009213545754)
(-1.620238308 -8.554173581 -0.009762764432)
(-1.650898334 -8.644483411 -0.01032648849)
(-1.681901508 -8.73485644 -0.01090491116)
(-1.713248485 -8.825292035 -0.01149816534)
(-1.744939536 -8.915788491 -0.01210642611)
(-1.776975089 -9.006344693 -0.01272986516)
(-1.809355497 -9.096959055 -0.01336862741)
(-1.84208119 -9.187629833 -0.01402288823)
(-1.875152339 -9.27835514 -0.01469280485)
(-1.908569286 -9.369133206 -0.01537852385)
(-1.942332448 -9.459962117 -0.01608023408)
(-1.976441698 -9.550839272 -0.01679809411)
(-2.0108975 -9.641762675 -0.0175322572)
(-2.045699938 -9.732729664 -0.0182828278)
(-2.080849246 -9.823738047 -0.01904996733)
(-2.116345324 -9.914784907 -0.01983386457)
(-2.152188456 -10.00586723 -0.020634624)
(-2.188378652 -10.09698294 -0.02145241614)
(-2.224915903 -10.18812833 -0.02228733885)
(-2.261800028 -10.27930035 -0.02313955546)
(-2.299031106 -10.37049605 -0.02400921807)
(-2.336609049 -10.4617121 -0.02489643375)
(-2.374533776 -10.55294507 -0.02580134623)
(-2.412805059 -10.64419154 -0.02672404309)
(-2.451422564 -10.73544764 -0.02766468992)
(-2.490386097 -10.8267098 -0.02862338518)
(-2.529695532 -10.91797421 -0.02960029039)
(-2.569350317 -11.00923692 -0.03059542512)
(-2.609350026 -11.1004936 -0.03160895321)
(-2.649694361 -11.1917406 -0.03264098859)
(-2.690382928 -11.28297358 -0.033691635)
(-2.731414992 -11.37418806 -0.03476092078)
(-2.772790052 -11.46537955 -0.03584900785)
(-2.814507516 -11.55654378 -0.03695591025)
(-2.856566517 -11.64767542 -0.03808170899)
(-2.898966655 -11.73877062 -0.03922652666)
(-2.94170666 -11.82982369 -0.0403903949)
(-2.984786046 -11.92082996 -0.04157340565)
(-3.028203752 -12.01178433 -0.04277562006)
(-3.071958459 -12.10268129 -0.04399700329)
(-3.116049362 -12.19351527 -0.04523770065)
(-3.160475351 -12.28428108 -0.04649766056)
(-3.205235163 -12.37497265 -0.04777696323)
(-3.250327125 -12.46558377 -0.04907568543)
(-3.295750191 -12.55610923 -0.05039377949)
(-3.341502454 -12.64654174 -0.05173129307)
(-3.387582407 -12.73687499 -0.05308815812)
(-3.433988372 -12.82710236 -0.0544644631)
(-3.480718421 -12.91721701 -0.05586007854)
(-3.527770594 -13.0072119 -0.05727507667)
(-3.575142655 -13.0970785 -0.05870945099)
(-3.622832677 -13.18681033 -0.06016310116)
(-3.67083793 -13.27639904 -0.061636071)
(-3.719155906 -13.36583597 -0.06312815493)
(-3.767784041 -13.45511267 -0.06463936183)
(-3.816719433 -13.54422023 -0.06616960199)
(-3.865959049 -13.63314942 -0.06771877759)
(-3.915499859 -13.72189062 -0.06928686701)
(-3.965338171 -13.8104336 -0.07087375987)
(-4.015470714 -13.8987687 -0.07247935978)
(-4.06589361 -13.98688458 -0.07410345184)
(-4.116603079 -14.07477029 -0.07574603414)
(-4.167594694 -14.16241415 -0.07740695702)
(-4.218864198 -14.24980472 -0.0790859518)
(-4.270406861 -14.33692934 -0.08078294755)
(-4.32221784 -14.42377496 -0.08249770378)
(-4.374291998 -14.51032783 -0.08423007055)
(-4.426623789 -14.59657465 -0.08597992054)
(-4.479207764 -14.68250107 -0.08774699723)
(-4.532037663 -14.76809172 -0.08953102706)
(-4.585107656 -14.8533316 -0.09133180843)
(-4.638410876 -14.9382045 -0.09314911765)
(-4.69194018 -15.02269329 -0.09498279946)
(-4.745688768 -15.10678178 -0.09683251348)
(-4.799648576 -15.1904514 -0.09869796593)
(-4.853811636 -15.2736832 -0.100578839)
(-4.908169055 -15.35645761 -0.1024748278)
(-4.962712449 -15.43875541 -0.1043856889)
(-5.017432015 -15.5205551 -0.1063110026)
(-5.072317435 -15.60183425 -0.108250583)
(-5.127358638 -15.68257037 -0.1102040317)
(-5.182543824 -15.76273899 -0.1121710194)
(-5.237861046 -15.84231465 -0.114151238)
(-5.293297342 -15.92127118 -0.1161441866)
(-5.348839117 -15.99958005 -0.1181495756)
(-5.40447123 -16.07721094 -0.1201668532)
(-5.460177489 -16.15413183 -0.1221957664)
(-5.515941016 -16.2303097 -0.1242358394)
(-5.571742521 -16.30570723 -0.1262866524)
(-5.62756133 -16.38028502 -0.1283477635)
(-5.683374188 -16.45399973 -0.1304187267)
(-5.739155876 -16.52680481 -0.1324991434)
(-5.79487762 -16.59864833 -0.1345884083)
(-5.850506518 -16.66947204 -0.1366861697)
(-5.906006032 -16.73921213 -0.1387921284)
(-5.961332656 -16.80779473 -0.1409057741)
(-6.01643571 -16.875136 -0.1430267318)
(-6.07125427 -16.94113786 -0.14515496)
(-6.125714311 -17.00568626 -0.1472905176)
(-6.179719584 -17.06864311 -0.1494338376)
(-6.233136375 -17.12984292 -0.1515860456)
)
;
    }
    outlet
    {
        type            calculated;
        value           nonuniform 0();
    }
    front
    {
        type            wedge;
    }
    back
    {
        type            wedge;
    }
    procBoundary1to0
    {
        type            processor;
        value           uniform (0 0 0);
    }
    procBoundary1to2
    {
        type            processor;
        value           uniform (0 0 0);
    }
    procBoundary1to3
    {
        type            processor;
        value           uniform (0 0 0);
    }
}


// ************************************************************************* //
