/*--------------------------------*- C++ -*----------------------------------*\
| =========                 |                                                 |
| \\      /  F ield         | OpenFOAM: The Open Source CFD Toolbox           |
|  \\    /   O peration     | Version:  v1706                                 |
|   \\  /    A nd           | Web:      www.OpenFOAM.com                      |
|    \\/     M anipulation  |                                                 |
\*---------------------------------------------------------------------------*/
FoamFile
{
    version     2.0;
    format      ascii;
    class       volVectorField;
    location    "0.00224";
    object      wallShearStress;
}
// * * * * * * * * * * * * * * * * * * * * * * * * * * * * * * * * * * * * * //

dimensions      [1 -1 -2 0 0 0 0];


internalField   uniform (0 0 0);

boundaryField
{
    inlet
    {
        type            calculated;
        value           nonuniform 0();
    }
    object
    {
        type            calculated;
        value           nonuniform List<vector> 
196
(
(-0.19298667 -0.09072689736 0.002076539521)
(-0.183635835 -0.1486878432 0.002091790971)
(-0.1850065741 -0.2304656612 0.002109987556)
(-0.186164734 -0.3161799336 0.00213305567)
(-0.1876155357 -0.4032896724 0.002161097544)
(-0.1893925216 -0.4911302473 0.002193887642)
(-0.1914946294 -0.579454549 0.002231078553)
(-0.1939171671 -0.6681485343 0.002272273174)
(-0.1966556556 -0.7571500496 0.002317051988)
(-0.1997063165 -0.8464197548 0.002364990182)
(-0.2030660766 -0.9359289935 0.002415667127)
(-0.2067324946 -1.025654398 0.00246866878)
(-0.2107036128 -1.115575207 0.00252359096)
(-0.2149779294 -1.205671978 0.002580044519)
(-0.2195542744 -1.295925957 0.002637651634)
(-0.2244317892 -1.386318802 0.002696047214)
(-0.2296098462 -1.476832484 0.002754881836)
(-0.2350880404 -1.567449294 0.002813817984)
(-0.2408661269 -1.658151909 0.002872530463)
(-0.2469440334 -1.748923436 0.002930707982)
(-0.2533217953 -1.839747621 0.002988050195)
(-0.2599995227 -1.930608796 0.003044268026)
(-0.266977398 -2.021492 0.003099082538)
(-0.2742557005 -2.112383111 0.003152225327)
(-0.2818347474 -2.203268779 0.003203437007)
(-0.2897149115 -2.294136672 0.003252466641)
(-0.2978965881 -2.384975283 0.003299072242)
(-0.3063802071 -2.475774263 0.00334301885)
(-0.3151662001 -2.566524035 0.003384078164)
(-0.3242549963 -2.657216182 0.003422030594)
(-0.3336470741 -2.747843172 0.003456661107)
(-0.3433428894 -2.838398473 0.003487760324)
(-0.3533429229 -2.928876572 0.00351512452)
(-0.3636476445 -3.019272794 0.003538554704)
(-0.3742575597 -3.109583467 0.003557856217)
(-0.3851731224 -3.199805736 0.00357284268)
(-0.3963947852 -3.289937489 0.003583327335)
(-0.4079230538 -3.379977518 0.003589123849)
(-0.4197583617 -3.469925243 0.003590053794)
(-0.4319012342 -3.559780838 0.003585940471)
(-0.4443521672 -3.649545139 0.00357661137)
(-0.4571116059 -3.739219532 0.003561895643)
(-0.4701800216 -3.828805937 0.003541617809)
(-0.483557889 -3.918306659 0.003515613452)
(-0.497245799 -4.007724708 0.003483719819)
(-0.5112441638 -4.097063273 0.003445766498)
(-0.5255535268 -4.18632592 0.003401595162)
(-0.5401744232 -4.275516666 0.003351040039)
(-0.5551073769 -4.36463969 0.003293936535)
(-0.5703528843 -4.453699411 0.003230120645)
(-0.5859115142 -4.542700329 0.003159441468)
(-0.6017838106 -4.631647336 0.003081737152)
(-0.6179703676 -4.720545204 0.002996845657)
(-0.6344717562 -4.809398914 0.002904612379)
(-0.6512885175 -4.898213687 0.002804869698)
(-0.6684212654 -4.986994229 0.002697460769)
(-0.6858705955 -5.075745747 0.002582229499)
(-0.7036371916 -5.164473286 0.002459006246)
(-0.7217217185 -5.253182023 0.002327644275)
(-0.7401247162 -5.34187667 0.002187978922)
(-0.758846864 -5.4305624 0.002039842967)
(-0.7778888235 -5.519243723 0.001883074025)
(-0.7972513042 -5.607925334 0.001717512864)
(-0.8169349337 -5.696611959 0.001542999423)
(-0.83694033 -5.785307906 0.001359369908)
(-0.8572683124 -5.874017508 0.001166465956)
(-0.8779195476 -5.962744883 0.0009641156621)
(-0.8988947219 -6.051494238 0.0007521688336)
(-0.9201945152 -6.140269067 0.0005304543774)
(-0.941819629 -6.229073147 0.0002987990666)
(-0.9637707902 -6.317910162 5.703854984e-05)
(-0.9860486675 -6.40678308 -0.0001949886903)
(-1.008654062 -6.495695221 -0.0004574446118)
(-1.031587648 -6.58464964 -0.0007305164648)
(-1.05485003 -6.673648873 -0.001014356345)
(-1.078442084 -6.762695549 -0.001309137541)
(-1.102364469 -6.851792201 -0.001615032554)
(-1.126617862 -6.940940812 -0.001932209944)
(-1.151202869 -7.030143688 -0.00226084385)
(-1.176120309 -7.119402539 -0.002601083425)
(-1.201370732 -7.208718896 -0.00295311219)
(-1.226954859 -7.298094417 -0.003317108884)
(-1.252873297 -7.387530096 -0.003693218282)
(-1.279126887 -7.477027373 -0.004081642865)
(-1.30571603 -7.566586929 -0.004482550414)
(-1.332641471 -7.656209586 -0.004896095497)
(-1.359903771 -7.745895875 -0.005322458759)
(-1.387503639 -7.835646291 -0.005761811154)
(-1.415441516 -7.925461127 -0.006214316303)
(-1.443717949 -8.015340108 -0.006680132006)
(-1.472333632 -8.105283594 -0.007159445914)
(-1.501288955 -8.195290797 -0.007652435787)
(-1.530584591 -8.285361904 -0.008159285743)
(-1.560220876 -8.375495902 -0.008680151509)
(-1.590198334 -8.465692196 -0.009215178623)
(-1.620517532 -8.555950012 -0.009764542098)
(-1.651178826 -8.646268525 -0.01032841292)
(-1.682182482 -8.736646068 -0.0109069839)
(-1.71352911 -8.82708185 -0.01150038754)
(-1.745218937 -8.917574015 -0.01210879843)
(-1.777252345 -9.008121298 -0.01273238778)
(-1.809629645 -9.098721974 -0.01337129999)
(-1.842351223 -9.189374165 -0.01402570987)
(-1.875417207 -9.280075858 -0.01469577407)
(-1.9088279 -9.370825167 -0.01538163856)
(-1.942583676 -9.461620073 -0.01608349157)
(-1.976684373 -9.552457881 -0.01680149099)
(-2.011130419 -9.643336515 -0.01753578941)
(-2.045921864 -9.734253243 -0.01828649055)
(-2.081058912 -9.825205823 -0.01905375509)
(-2.116541437 -9.916191301 -0.01983777107)
(-2.152369697 -10.00720665 -0.02063864219)
(-2.188543683 -10.09824978 -0.02145653819)
(-2.22506337 -10.18931701 -0.02229155613)
(-2.261928564 -10.28040533 -0.02314385852)
(-2.299139338 -10.37151184 -0.02401359668)
(-2.336695601 -10.4626333 -0.02490087681)
(-2.374597275 -10.55376637 -0.02580584186)
(-2.412844138 -10.64490776 -0.02672857857)
(-2.451435868 -10.73605372 -0.02766925175)
(-2.490372292 -10.82720087 -0.02862795904)
(-2.529653303 -10.91834556 -0.02960486121)
(-2.569278381 -11.00948406 -0.03059997705)
(-2.609247131 -11.10061224 -0.03161346968)
(-2.649559294 -11.19172671 -0.03264545234)
(-2.690214521 -11.28282336 -0.03369602811)
(-2.731212125 -11.373898 -0.03476522469)
(-2.772551657 -11.46494642 -0.03585320344)
(-2.814232583 -11.55596464 -0.03695997789)
(-2.856254097 -11.64694765 -0.03808562857)
(-2.898615864 -11.7378919 -0.03923027769)
(-2.941316682 -11.82879203 -0.04039395657)
(-2.984356137 -11.9196437 -0.04157675688)
(-3.027733243 -12.01044213 -0.04277873961)
(-3.071446755 -12.10118217 -0.04399986983)
(-3.115495948 -12.19185856 -0.04524029286)
(-3.159879792 -12.28246645 -0.04649995723)
(-3.204597105 -12.37300011 -0.04777894334)
(-3.249646296 -12.46345365 -0.04907732829)
(-3.295026403 -12.55382217 -0.05039506482)
(-3.340735601 -12.64409872 -0.05173220113)
(-3.386772466 -12.73427728 -0.05308866983)
(-3.433135407 -12.82435153 -0.05446456013)
(-3.479822575 -12.91431494 -0.05585974348)
(-3.526832095 -13.00416072 -0.05727429313)
(-3.574161812 -13.09388063 -0.05870820373)
(-3.621809881 -13.18346846 -0.06016137622)
(-3.66977365 -13.27291609 -0.0616338558)
(-3.718050694 -13.36221512 -0.06312543847)
(-3.766638526 -13.45135733 -0.06463613474)
(-3.815534319 -13.54033402 -0.06616585672)
(-3.86473512 -13.62913618 -0.06771450848)
(-3.914237972 -13.71775441 -0.06928207045)
(-3.964039258 -13.80617865 -0.0708684344)
(-4.01413578 -13.89439943 -0.07247350618)
(-4.06452373 -13.98240559 -0.07409707329)
(-4.115199402 -14.07018636 -0.07573913627)
(-4.166158437 -14.15773022 -0.07739954802)
(-4.217396645 -14.24502589 -0.07907804253)
(-4.268909367 -14.33206084 -0.08077455157)
(-4.320691823 -14.41882216 -0.08248883746)
(-4.372738941 -14.50529627 -0.08422075311)
(-4.425045239 -14.59146997 -0.0859701741)
(-4.477605329 -14.67732904 -0.08773684682)
(-4.530413013 -14.76285822 -0.0895205007)
(-4.583462517 -14.84804263 -0.09132093712)
(-4.636747033 -14.93286616 -0.09313793534)
(-4.690259471 -15.01731177 -0.09497134305)
(-4.743993083 -15.10136337 -0.09682082281)
(-4.797939856 -15.18500246 -0.09868608372)
(-4.85209187 -15.26821016 -0.1005668108)
(-4.906440276 -15.35096697 -0.102462702)
(-4.960976732 -15.43325373 -0.1043735165)
(-5.015691474 -15.51504898 -0.1062988372)
(-5.070574222 -15.59633033 -0.1082384808)
(-5.125614935 -15.67707532 -0.1101920511)
(-5.180801844 -15.75725951 -0.1121592211)
(-5.236123026 -15.83685743 -0.1141396849)
(-5.291565542 -15.9158429 -0.1161329433)
(-5.347115816 -15.99418739 -0.1181387088)
(-5.40275872 -16.07186056 -0.120156431)
(-5.458478073 -16.14883035 -0.1221858582)
(-5.514257004 -16.22506368 -0.1242265161)
(-5.570076225 -16.30052318 -0.1262779856)
(-5.625915062 -16.37516939 -0.128339826)
(-5.681750254 -16.44895887 -0.1304115917)
(-5.737556573 -16.521845 -0.1324928847)
(-5.793305234 -16.59377573 -0.1345830997)
(-5.848963317 -16.66469271 -0.1366818854)
(-5.904494265 -16.73453198 -0.1387889423)
(-5.959854552 -16.80321958 -0.1409037598)
(-6.014993472 -16.87067149 -0.1430259627)
(-6.069850075 -16.93678952 -0.1451555091)
(-6.124350308 -17.00145942 -0.1472924576)
(-6.178397895 -17.06454297 -0.1494372414)
(-6.231859094 -17.12587451 -0.1515909863)
)
;
    }
    outlet
    {
        type            calculated;
        value           nonuniform 0();
    }
    front
    {
        type            wedge;
    }
    back
    {
        type            wedge;
    }
    procBoundary1to0
    {
        type            processor;
        value           uniform (0 0 0);
    }
    procBoundary1to2
    {
        type            processor;
        value           uniform (0 0 0);
    }
    procBoundary1to3
    {
        type            processor;
        value           uniform (0 0 0);
    }
}


// ************************************************************************* //
