/*--------------------------------*- C++ -*----------------------------------*\
| =========                 |                                                 |
| \\      /  F ield         | OpenFOAM: The Open Source CFD Toolbox           |
|  \\    /   O peration     | Version:  v1706                                 |
|   \\  /    A nd           | Web:      www.OpenFOAM.com                      |
|    \\/     M anipulation  |                                                 |
\*---------------------------------------------------------------------------*/
FoamFile
{
    version     2.0;
    format      ascii;
    class       volVectorField;
    location    "0.00074";
    object      wallShearStress;
}
// * * * * * * * * * * * * * * * * * * * * * * * * * * * * * * * * * * * * * //

dimensions      [1 -1 -2 0 0 0 0];


internalField   uniform (0 0 0);

boundaryField
{
    inlet
    {
        type            calculated;
        value           uniform (0 0 0);
    }
    object
    {
        type            calculated;
        value           nonuniform List<vector> 
300
(
(-5.443240778 -0.8723655855 1.662680187e-15)
(-5.136062163 -1.423784938 -4.712511402e-15)
(-5.138710921 -2.193613206 -1.872158534e-15)
(-5.122930263 -2.989245858 6.356112048e-16)
(-5.106381796 -3.784457964 2.807995873e-14)
(-5.092384026 -4.571345792 4.908591425e-14)
(-5.083159917 -5.346768403 5.790263878e-14)
(-5.080517659 -6.109515531 7.148496487e-14)
(-5.085909655 -6.859392444 9.524339239e-14)
(-5.100438533 -7.596803497 7.670459215e-14)
(-5.124878249 -8.322510931 5.505041824e-14)
(-5.159712688 -9.037475776 4.053163155e-14)
(-5.205184224 -9.742747755 3.17428703e-14)
(-5.261344825 -10.43938923 2.95380079e-14)
(-5.328104343 -11.12842414 2.96473458e-14)
(-5.405272939 -11.81080573 2.075307878e-14)
(-5.492596322 -12.48739814 1.813269458e-14)
(-5.589783645 -13.15896802 8.613034178e-15)
(-5.696528578 -13.82618304 4.598960797e-15)
(-5.812524583 -14.48961502 6.717745357e-15)
(-5.937475469 -15.14974622 1.031783384e-14)
(-6.071102015 -15.80697681 3.562348814e-15)
(-6.213145867 -16.4616333 -3.226983295e-15)
(-6.363371483 -17.11397743 -9.574971893e-15)
(-6.521566293 -17.76421384 -1.198698889e-14)
(-6.687540387 -18.41249869 -3.564243911e-15)
(-6.861125101 -19.05894591 2.618876695e-15)
(-7.042171873 -19.70363472 9.698613831e-15)
(-7.230550443 -20.34661469 1.378028641e-14)
(-7.426147371 -20.98791129 8.977939851e-15)
(-7.62886495 -21.62753086 1.016911799e-14)
(-7.838619546 -22.26546443 1.066449612e-14)
(-8.055341273 -22.90169206 1.086698417e-14)
(-8.278972696 -23.53618577 9.6451725e-15)
(-8.50946904 -24.16891372 7.734214829e-15)
(-8.746797674 -24.79984243 7.69529193e-15)
(-8.99093872 -25.42894094 8.308288681e-15)
(-9.241885272 -26.05618332 8.876128245e-15)
(-9.499644314 -26.68155227 1.098736328e-14)
(-9.764237543 -27.30504256 9.082665244e-15)
(-10.03570234 -27.92666471 1.015893898e-14)
(-10.31409259 -28.54644893 6.257482285e-15)
(-10.59947891 -29.16444906 8.541040549e-15)
(-10.89194822 -29.78074699 4.478660115e-15)
(-11.19160144 -30.39545595 3.245939822e-15)
(-11.49854903 -31.00872331 4.325234193e-15)
(-11.81290337 -31.62073177 6.930086288e-15)
(-12.13476699 -32.23169714 8.531243902e-15)
(-12.4642156 -32.84186041 9.335710771e-15)
(-12.80127818 -33.451474 1.018325492e-14)
(-13.14591459 -34.06077594 9.258671761e-15)
(-13.49799994 -34.66995674 9.579951248e-15)
(-13.85732233 -35.27912075 1.045988854e-14)
(-14.22359734 -35.88825708 1.296361689e-14)
(-14.59649041 -36.49722878 1.102873546e-14)
(-14.97563897 -37.10577441 9.347559975e-15)
(-15.36067296 -37.713517 8.729853378e-15)
(-15.75123395 -38.31998129 8.797959009e-15)
(-16.14699042 -38.92461422 9.750479116e-15)
(-16.54764996 -39.52681059 1.296385438e-14)
(-16.95296453 -40.12593574 1.511625181e-14)
(-17.36273513 -40.72135115 1.268544243e-14)
(-17.77680913 -41.31243355 1.047367058e-14)
(-18.19507762 -41.8985935 8.554845682e-15)
(-18.61746932 -42.47928749 7.510836077e-15)
(-19.04394447 -43.05402753 7.022852565e-15)
(-19.4744885 -43.62238786 7.378041681e-15)
(-19.90910492 -44.18400545 6.634958289e-15)
(-20.34781037 -44.73858133 5.878101754e-15)
(-20.79062961 -45.28587745 3.823013677e-15)
(-21.23759167 -45.82571328 4.599090535e-15)
(-21.68872725 -46.35796214 7.501058018e-15)
(-22.14406579 -46.88254439 9.109384569e-15)
(-22.60363402 -47.39942211 9.823205629e-15)
(-23.06745626 -47.90859445 7.726744229e-15)
(-23.53555344 -48.41009276 5.041971581e-15)
(-24.00794235 -48.90397331 2.548924176e-15)
(-24.4846387 -49.39031509 2.109781558e-15)
(-24.96565772 -49.86921591 2.857267163e-15)
(-25.45101657 -50.34078945 3.558355699e-15)
(-25.94073924 -50.80516388 3.631554253e-15)
(-26.43486261 -51.26248258 3.090825817e-15)
(-26.93344623 -51.71290876 2.691582253e-15)
(-27.43658477 -52.15663122 1.973897897e-15)
(-27.9444263 -52.5938806 1.511211509e-15)
(-28.45718967 -53.02495215 8.439167186e-16)
(-28.97517565 -53.45023912 4.935012067e-16)
(-29.49875313 -53.87027053 3.209920679e-16)
(-30.02829847 -54.28572011 1.441131581e-15)
(-30.56409614 -54.69735712 2.722865932e-15)
(-31.10626145 -55.10590583 3.093153809e-15)
(-31.65474581 -55.51192199 2.177508397e-15)
(-32.20939754 -55.91574579 1.190382633e-15)
(-32.77002456 -56.31753501 3.662601661e-16)
(-33.33641351 -56.7173242 1.588384255e-15)
(-33.90831627 -57.1150345 1.092492221e-15)
(-34.48546536 -57.51046722 2.316141577e-15)
(-35.06762876 -57.90333783 1.028877978e-15)
(-35.65458803 -58.29337892 2.531652829e-16)
(-36.24604598 -58.68028312 -2.768748407e-16)
(-36.84162433 -59.06360819 -5.272059661e-16)
(-37.44102142 -59.44274902 -7.456770923e-16)
(-38.04403702 -59.81726369 -6.07706599e-16)
(-38.65034232 -60.18672513 -6.847643795e-16)
(-39.25951699 -60.55053329 -8.72768647e-16)
(-39.87134686 -60.90792846 -3.127392775e-16)
(-40.48586638 -61.25859032 6.991130625e-16)
(-41.10284442 -61.60234655 9.901196159e-16)
(-41.72210135 -61.93854976 4.067001746e-16)
(-42.344176 -62.26702174 2.095192982e-16)
(-42.96965585 -62.58856114 1.073099032e-15)
(-43.5983366 -62.90380288 3.009020493e-15)
(-44.23032995 -63.21217603 9.467768246e-16)
(-44.86659971 -63.51499942 1.227608656e-15)
(-45.50646525 -63.81299093 3.532531362e-15)
(-46.15056819 -64.10442205 3.852984914e-15)
(-46.79998665 -64.394168 4.051616056e-15)
(-47.45246557 -64.67672588 3.668046813e-15)
(-48.11685789 -64.9538868 3.165081054e-15)
(-48.79425884 -65.24480339 2.108434421e-15)
(-49.4597362 -65.52376845 1.594630849e-15)
(-50.12009426 -65.78176675 2.449595663e-15)
(-50.78310742 -66.0271475 2.188739637e-15)
(-51.44708956 -66.26358325 2.325975069e-15)
(-52.11207885 -66.4919992 1.66005297e-15)
(-52.77809678 -66.71270407 1.068710929e-16)
(-53.44514059 -66.92573044 -3.552366961e-16)
(-54.11321312 -67.131004 -1.088972659e-15)
(-54.78235486 -67.32844214 -1.441985904e-15)
(-55.45266826 -67.51804129 -1.096889021e-15)
(-56.12431784 -67.69992129 -8.252906575e-16)
(-56.79751884 -67.87433061 -6.654933332e-16)
(-57.4725168 -68.04164496 6.970439734e-16)
(-58.14955555 -68.20231629 5.585060088e-16)
(-58.82885826 -68.35683115 1.419296886e-15)
(-59.51060005 -68.50565608 1.86536812e-15)
(-60.19489387 -68.64919065 1.797380194e-15)
(-60.88178315 -68.7877248 1.045345427e-15)
(-61.57124198 -68.92142638 1.008411436e-15)
(-62.26317599 -69.0503245 9.88545646e-16)
(-62.95743146 -69.17431279 9.274161151e-16)
(-63.65380692 -69.29316615 7.813279478e-16)
(-64.35206941 -69.40656286 7.100037835e-16)
(-65.05196858 -69.51411565 5.039882011e-16)
(-65.75325296 -69.61540164 -4.294852053e-16)
(-66.45568938 -69.71000592 -9.912254563e-16)
(-67.15907634 -69.79755299 -1.072450841e-15)
(-67.86324864 -69.87773918 -9.788521291e-16)
(-68.56808535 -69.95034595 -1.103541567e-15)
(-69.2735091 -70.0152633 -1.490550016e-15)
(-69.97947913 -70.07247515 -1.227005481e-15)
(-70.68598501 -70.12205727 -1.727148301e-15)
(-71.39303771 -70.16415661 -1.729419972e-15)
(-72.10065775 -70.19896751 -1.347038578e-15)
(-72.80886757 -70.22670734 -2.439738155e-15)
(-73.51768161 -70.24758975 -1.997053925e-15)
(-74.22710253 -70.26180677 -1.99353844e-15)
(-74.93711782 -70.26951592 -1.936958859e-15)
(-75.64769747 -70.27082169 -1.51347556e-15)
(-76.35879665 -70.26578314 -8.805362476e-16)
(-77.07035927 -70.25441403 -1.909221618e-15)
(-77.78231982 -70.23669017 -1.038501543e-15)
(-78.49460833 -70.21255884 -6.932891557e-16)
(-79.20715476 -70.18195505 -8.740596643e-16)
(-79.91988832 -70.14480802 -8.393260927e-16)
(-80.63274424 -70.10105292 -1.733085263e-15)
(-81.34565725 -70.05063462 -2.330021784e-15)
(-82.05857001 -69.99351404 -2.531906402e-15)
(-82.77142767 -69.92966762 -2.15203766e-15)
(-83.48417842 -69.85909124 -1.905480301e-15)
(-84.19677246 -69.78178566 -1.851299221e-15)
(-84.90916395 -69.6977689 -1.786104261e-15)
(-85.62130419 -69.60706861 -1.314382074e-15)
(-86.33314317 -69.50971033 -9.174685481e-16)
(-87.04462962 -69.40572328 -6.283747778e-16)
(-87.75570992 -69.29512736 -3.187850802e-16)
(-88.46633359 -69.17794555 -4.369952134e-16)
(-89.17644647 -69.05419331 -5.406929891e-16)
(-89.88599734 -68.92388511 -1.400047248e-15)
(-90.59493363 -68.78703253 -1.37824475e-15)
(-91.30320262 -68.64364611 -1.280329481e-15)
(-92.01075529 -68.49373616 -9.434012593e-16)
(-92.71753861 -68.33731088 -4.330017841e-16)
(-93.42350287 -68.17438129 -6.264866205e-16)
(-94.12859831 -68.00495753 -6.791279137e-16)
(-94.83277408 -67.82905027 -5.880371227e-16)
(-95.53598208 -67.64667238 -1.035281197e-15)
(-96.2381712 -67.45783565 -1.389012331e-15)
(-96.93929335 -67.26255137 -1.113230854e-15)
(-97.63929842 -67.0608369 -9.400194994e-16)
(-98.33813757 -66.85270306 -7.138117448e-16)
(-99.03576287 -66.63816595 -6.576776217e-16)
(-99.73212548 -66.41724208 -6.251314777e-16)
(-100.4271769 -66.18994458 -7.625332859e-16)
(-101.1208699 -65.95629382 -7.98979303e-16)
(-101.8131559 -65.71630177 -1.31600315e-15)
(-102.503999 -65.47000032 -1.219603382e-15)
(-103.1933123 -65.21745019 -1.151110856e-15)
(-103.8810516 -64.95897869 -1.065894907e-15)
(-104.5778132 -64.75457329 -1.479911434e-15)
(-108.0706029 -62.76306491 -9.652231833e-16)
(-109.726355 -62.3711932 -2.00502821e-17)
(-110.6951245 -62.60541938 -3.820920045e-15)
(-111.4562901 -63.02705595 -1.356136511e-15)
(-112.1346609 -63.4583577 -4.428797778e-16)
(-112.7601951 -63.85230158 5.64713717e-17)
(-113.33639 -64.2007171 -1.273250117e-15)
(-113.862527 -64.50621565 -2.07955256e-15)
(-114.3403746 -64.7754531 -1.687160764e-15)
(-114.7752646 -65.01693146 -5.062141031e-16)
(-115.1749993 -65.23920495 -9.842554942e-16)
(-115.5481102 -65.44941787 -3.23172882e-15)
(-115.9024198 -65.65265297 -2.005450386e-15)
(-116.2442505 -65.85199965 -3.0519806e-15)
(-116.5781165 -66.04892155 -2.170966401e-15)
(-116.9068206 -66.24371949 -1.778210951e-15)
(-117.2317634 -66.43598616 -1.544175886e-15)
(-117.5533898 -66.62506203 -1.813605059e-15)
(-117.8717468 -66.81049989 -2.391350916e-15)
(-118.1869946 -66.99240641 -2.925156897e-15)
(-118.499744 -67.17156945 -1.470699744e-15)
(-118.8112393 -67.34940426 -2.476678882e-15)
(-119.1232807 -67.52770331 -3.458269046e-15)
(-119.4380144 -67.70833959 -2.971454241e-15)
(-119.7576905 -67.89301212 -2.133727421e-15)
(-120.0843727 -68.0830441 -2.833279627e-15)
(-120.419765 -68.27931843 -3.352344348e-15)
(-120.765094 -68.48228472 -2.136727359e-15)
(-121.121065 -68.69201276 -2.483221915e-15)
(-121.4879292 -68.90830941 -2.656255651e-15)
(-121.8656016 -69.13085058 -2.712191002e-15)
(-122.2537785 -69.3593171 -3.233983933e-15)
(-122.6521402 -69.59357681 -4.272499288e-15)
(-123.0604911 -69.83379357 -3.275072505e-15)
(-123.4788604 -70.08045574 -3.231256327e-15)
(-123.9075348 -70.33428744 -3.572324619e-15)
(-124.3469281 -70.59601795 -3.305754422e-15)
(-124.7974214 -70.86615389 -2.808058664e-15)
(-125.259138 -71.1447684 -2.419615243e-15)
(-125.7317968 -71.43142509 -3.216850291e-15)
(-126.2146889 -71.72524323 -2.591257384e-15)
(-126.706682 -72.02501668 -2.827150746e-15)
(-127.2063475 -72.32940586 -3.237038876e-15)
(-127.7120907 -72.63709935 -3.593912563e-15)
(-128.222269 -72.9469201 -3.280058081e-15)
(-128.7353303 -73.25790854 -2.943435856e-15)
(-129.2498827 -73.56933501 -2.841203232e-15)
(-129.7647126 -73.88065426 -2.978122094e-15)
(-130.2788187 -74.19147446 -3.83175504e-15)
(-130.7913596 -74.50148077 -2.866115578e-15)
(-131.3016151 -74.81038378 -3.303738263e-15)
(-131.8089772 -75.11789752 -3.426727525e-15)
(-132.3128691 -75.42368624 -4.453767174e-15)
(-132.8127525 -75.7273714 -3.178528145e-15)
(-133.3080951 -76.02852619 -4.657959593e-15)
(-133.7983331 -76.32666705 -3.603097319e-15)
(-134.2828953 -76.62128818 -3.48438987e-15)
(-134.7612218 -76.91189809 -4.685720415e-15)
(-135.2327628 -77.19805052 -4.583375921e-15)
(-135.6970469 -77.47942868 -4.493349023e-15)
(-136.1536958 -77.75588791 -4.321610459e-15)
(-136.602461 -78.02748627 -3.456737234e-15)
(-137.0432731 -78.29447523 -3.254192976e-15)
(-137.4761925 -78.55718266 -3.752724038e-15)
(-137.9013852 -78.81589506 -4.287257904e-15)
(-138.3190119 -79.07070443 -3.729403227e-15)
(-138.7291466 -79.32143284 -3.003368106e-15)
(-139.1317547 -79.5676689 -2.127436846e-15)
(-139.5266541 -79.8088523 -2.858177888e-15)
(-139.913575 -80.04444673 -3.29407257e-15)
(-140.2922185 -80.27408074 -3.665009245e-15)
(-140.662306 -80.49761079 -3.977125323e-15)
(-141.0236637 -80.71513027 -3.616576043e-15)
(-141.3762517 -80.92689569 -3.950734235e-15)
(-141.7201273 -81.13320125 -4.699719154e-15)
(-142.0554449 -81.33431586 -5.065590182e-15)
(-142.3823872 -81.53042871 -4.705482875e-15)
(-142.7011365 -81.72166103 -4.092108096e-15)
(-143.0118934 -81.90811936 -3.671878154e-15)
(-143.314841 -82.08989887 -3.928454383e-15)
(-143.6101722 -82.267109 -4.513142438e-15)
(-143.8980817 -82.43986497 -4.781809979e-15)
(-144.1787364 -82.60826371 -5.153190209e-15)
(-144.4523041 -82.77240022 -4.010773121e-15)
(-144.7189615 -82.93237779 -3.64220539e-15)
(-144.9788688 -83.08829113 -3.944710528e-15)
(-145.2322039 -83.24024687 -5.318374143e-15)
(-145.4791281 -83.38834112 -4.213548824e-15)
(-145.7197867 -83.53266041 -4.119448793e-15)
(-145.9543424 -83.67330806 -3.430129487e-15)
(-146.1829444 -83.81038488 -3.200393166e-15)
(-146.4057644 -83.94401114 -3.792966898e-15)
(-146.6229623 -84.07430214 -3.308908006e-15)
(-146.8346859 -84.20136251 -3.293138017e-15)
(-147.0411019 -84.32530425 -2.922068293e-15)
(-147.2423611 -84.44622074 -2.696999953e-15)
(-147.4386243 -84.5642033 -2.737077539e-15)
(-147.6300503 -84.67933664 -3.782931156e-15)
(-147.8167638 -84.79168325 -2.944255313e-15)
(-147.9956395 -84.90658914 -2.586682626e-15)
)
;
    }
    outlet
    {
        type            calculated;
        value           uniform (0 0 0);
    }
    front
    {
        type            wedge;
    }
    back
    {
        type            wedge;
    }
}


// ************************************************************************* //
