/*--------------------------------*- C++ -*----------------------------------*\
| =========                 |                                                 |
| \\      /  F ield         | OpenFOAM: The Open Source CFD Toolbox           |
|  \\    /   O peration     | Version:  v1706                                 |
|   \\  /    A nd           | Web:      www.OpenFOAM.com                      |
|    \\/     M anipulation  |                                                 |
\*---------------------------------------------------------------------------*/
FoamFile
{
    version     2.0;
    format      ascii;
    class       volScalarField;
    location    "0.00074";
    object      wallHeatFlux;
}
// * * * * * * * * * * * * * * * * * * * * * * * * * * * * * * * * * * * * * //

dimensions      [1 0 -3 0 0 0 0];


internalField   uniform 0;

boundaryField
{
    inlet
    {
        type            calculated;
        value           uniform 0;
    }
    object
    {
        type            calculated;
        value           nonuniform List<scalar> 
300
(
638153.6487
639478.2229
639953.0945
640206.826
640345.628
640409.3542
640418.2561
640384.4759
640316.0494
640218.616
640096.2694
639952.0314
639788.1433
639606.2675
639407.626
639193.1064
638963.3424
638718.7777
638459.7119
638186.3373
637898.7757
637597.0909
637281.3071
636951.4342
636607.4525
636249.3504
635877.0973
635490.6788
635090.0718
634675.2569
634246.2256
633802.9644
633345.4734
632873.7409
632387.7707
631887.5492
631373.0727
630844.323
630301.2745
629743.8869
629172.1013
628585.8368
627984.9805
627369.3921
626738.8895
626093.2464
625432.1975
624755.4426
624062.6446
623353.4716
622627.5979
621884.7654
621124.8146
620347.7101
619553.5614
618742.6296
617915.3069
617072.1165
616213.681
615340.7239
614454.0046
613554.3406
612642.5433
611719.4273
610785.7719
609842.3132
608889.7464
607928.69
606959.7049
605983.2787
604999.8276
604009.7109
603013.2122
602010.548
601001.8874
599987.3505
598966.9886
597940.8238
596908.8329
595870.9471
594827.0556
593776.9941
592720.5438
591657.3894
590587.106
589509.0958
588422.5357
587326.3454
586219.1765
585099.5932
583966.2779
582818.2487
581654.884
580475.8451
579281.0014
578070.408
576844.3234
575603.1916
574347.4213
573077.5907
571794.5991
570499.622
569193.5171
567877.2585
566552.2338
565219.9954
563881.1499
562536.2541
561186.7325
559832.5205
558471.738
557103.4934
555728.9637
554344.7133
552950.0762
551547.9231
550127.3785
548701.8534
547254.1991
545749.884
544276.1198
542836.9608
541402.172
539967.7414
538532.0706
537094.5802
535655.2137
534214.1238
532771.4728
531327.2113
529881.0054
528432.2202
526979.9162
525522.9742
524060.2269
522590.521
521112.8698
519626.5561
518131.1569
516626.5816
515113.0763
513591.1912
512061.7537
510525.7662
508984.3331
507438.5859
505889.601
504338.2743
502785.3216
501231.2081
499676.1597
498120.1717
496563.0557
495004.4776
493444.0308
491881.283
490315.8337
488747.3502
487175.6039
485600.4708
484021.936
482440.075
480855.0448
479267.0483
477676.2936
476083.0171
474487.4146
472889.6639
471289.9023
469688.2492
468084.7911
466479.582
464872.6576
463264.055
461653.8026
460041.9295
458428.4844
456813.5021
455197.0375
453579.1409
451959.8606
450339.2655
448717.4045
447094.3381
445470.1254
443844.8185
442218.4784
440591.1506
438962.8974
437333.7602
435703.7909
434073.044
432441.5635
430809.3976
429176.5929
427543.1946
425909.2505
424274.849
422640.0952
421009.653
418267.7275
416849.204
415167.1279
413176.6595
411080.5019
409022.4335
407082.7361
405298.1635
403673.2813
402189.6243
400816.2931
399519.7284
398270.5436
397046.7351
395834.1808
394625.8179
393419.939
392217.8529
391021.5734
389831.6106
388645.4985
387457.5067
386259.1003
385040.2133
383790.7018
382501.4904
381165.4642
379777.808
378335.8665
376838.9596
375287.7961
373683.6923
372027.7917
370320.1374
368559.2898
366742.5205
364866.466
362928.3285
360926.8375
358863.0017
356740.3199
354564.3862
352342.2956
350081.8348
347790.6405
345475.7773
343143.4574
340798.8831
338446.4081
336089.6134
333731.5882
331375.1936
329023.2426
326678.6538
324344.5219
322024.0486
319720.6301
317437.7335
315178.6631
312946.3613
310742.9844
308569.7095
306426.7265
304313.4255
302228.9733
300172.8222
298145.274
296147.7321
294182.4828
292252.2819
290359.7273
288506.6417
286693.9315
284921.6265
283189.1265
281495.6146
279840.2137
278222.139
276640.7146
275095.27
273585.1601
272109.7473
270668.3314
269260.2631
267884.9128
266541.626
265229.7929
263948.7615
262697.8822
261476.5205
260283.9925
259119.6238
257982.6653
256872.3546
255787.9595
254728.7485
253694.0548
252683.2704
251695.7722
250731.0459
)
;
    }
    outlet
    {
        type            calculated;
        value           uniform 0;
    }
    front
    {
        type            wedge;
    }
    back
    {
        type            wedge;
    }
}


// ************************************************************************* //
