# Wall shear stress
# Time           	patch            	min              	max              
1.0000000000e-05	object	(3.0261686980e-03 -2.2425225614e-02 -2.0068968218e-14)	(1.2935246916e-02 -9.9236174464e-05 2.0813055226e-14)
2.0000000000e-05	object	(1.5495581307e-03 -2.7080925166e-02 -2.3404733231e-14)	(1.5621418612e-02 -9.1876349429e-05 2.2740506791e-14)
3.0000000000e-05	object	(2.2709114562e-03 -2.5863869263e-02 -2.4444608791e-14)	(1.5300113650e-02 -7.7379750947e-05 2.2971534266e-14)
4.0000000000e-05	object	(2.9149759705e-03 -2.5552448844e-02 -2.5388388217e-14)	(1.6254460640e-02 -7.5850505981e-05 2.2688721055e-14)
5.0000000000e-05	object	(3.3772602922e-03 -2.5412716578e-02 -2.5873502835e-14)	(1.7106638539e-02 -7.7680506009e-05 2.3583717984e-14)
6.0000000000e-05	object	(3.7709136123e-03 -2.5260627355e-02 -2.6078616338e-14)	(1.7788690427e-02 -8.0702403784e-05 2.4271690764e-14)
7.0000000000e-05	object	(4.1139460266e-03 -2.5120929340e-02 -2.6106690132e-14)	(1.8334785355e-02 -8.4223740872e-05 2.4798437935e-14)
8.0000000000e-05	object	(4.4148826105e-03 -2.4993909832e-02 -2.6113162286e-14)	(1.8772763466e-02 -8.7820245745e-05 2.3014626697e-14)
9.0000000000e-05	object	(4.6812556791e-03 -2.4876126224e-02 -2.6140398348e-14)	(1.9126658791e-02 -9.1280786955e-05 2.3861492599e-14)
1.0000000000e-04	object	(4.9187977532e-03 -2.4765869102e-02 -2.6230453834e-14)	(1.9416254060e-02 -9.4511947828e-05 2.3697556064e-14)
1.1000000000e-04	object	(5.1320192712e-03 -2.4661956414e-02 -2.6119112775e-14)	(1.9656748497e-02 -9.7479176511e-05 2.3710847788e-14)
1.2000000000e-04	object	(-2.2173568107e+01 -1.4131002861e+01 -2.6761604283e-13)	(1.9859497125e-02 -9.3135915177e-03 8.2555983318e-13)
1.3000000000e-04	object	(-1.1268203952e+02 -4.0503623885e+01 -2.0744026626e-12)	(1.5983391414e-02 8.7373438148e+00 2.6811231524e-12)
1.4000000000e-04	object	(-1.0508433263e+02 -5.2221592543e+01 -1.0291225595e-12)	(1.5058104395e-02 6.0698248501e+00 3.3434886715e-12)
1.5000000000e-04	object	(-1.1761244899e+02 -6.3934069398e+01 -1.0256269339e-12)	(1.4789254047e-02 4.5947267969e+00 1.9981309101e-12)
1.6000000000e-04	object	(-1.2916432727e+02 -7.2870681893e+01 -9.7489344076e-13)	(1.4681595799e-02 4.5007673464e+00 3.3686850733e-12)
1.7000000000e-04	object	(-1.3764823089e+02 -7.9594938727e+01 -2.0698517395e-12)	(1.4626065380e-02 6.3032617495e+00 6.5795497241e-12)
1.8000000000e-04	object	(-2.4039070475e+02 -8.3795736174e+01 -4.2916849386e-12)	(1.4456307062e-02 3.0286446403e+01 1.2911654512e-11)
1.9000000000e-04	object	(-2.4039070475e+02 -8.6737784367e+01 -4.2916791619e-12)	(1.4325631641e-02 3.0286446403e+01 1.2911764220e-11)
2.0000000000e-04	object	(-2.4039070475e+02 -8.8268443424e+01 -2.4049923927e-12)	(1.4234370232e-02 3.0286446402e+01 7.7443145261e-12)
2.1000000000e-04	object	(-2.4039070475e+02 -8.8794987818e+01 -4.2916417473e-12)	(1.4156420163e-02 3.0286446402e+01 1.2911665406e-11)
2.2000000000e-04	object	(-2.4039070475e+02 -8.5164346812e+01 -4.2916397157e-12)	(-2.4527241794e+00 3.0286446402e+01 7.7443044261e-12)
2.3000000000e-04	object	(-2.4039070475e+02 -8.6539989851e+01 -2.8065481064e-12)	(-2.6198500455e-01 3.0286446403e+01 1.2911734841e-11)
2.4000000000e-04	object	(-2.4039070475e+02 -8.7565563616e+01 -4.2916150875e-12)	(-1.4766525120e-01 3.0286446403e+01 7.7443865607e-12)
2.5000000000e-04	object	(-2.4039070475e+02 -8.8274340096e+01 -4.2917210877e-12)	(-1.6768984822e-01 3.0286446403e+01 1.2911475087e-11)
2.6000000000e-04	object	(-2.4039070475e+02 -8.8757766736e+01 -2.4051003258e-12)	(-3.0719179549e-01 3.0286446403e+01 1.2911693018e-11)
2.7000000000e-04	object	(-2.4039070475e+02 -8.9169216393e+01 -2.8064518015e-12)	(-5.9873015916e-01 3.0286446403e+01 1.2911433524e-11)
2.8000000000e-04	object	(-2.4039070475e+02 -8.9463615619e+01 -2.4052013204e-12)	(-1.0560878593e+00 3.0286446402e+01 1.2911659850e-11)
2.9000000000e-04	object	(-2.4039070475e+02 -8.9671864887e+01 -2.8065502389e-12)	(-1.9515099023e+00 3.0286446402e+01 5.1666485228e-12)
3.0000000000e-04	object	(-2.4039070475e+02 -8.9866478369e+01 -4.2917023619e-12)	(-5.6486141844e+00 3.0286446402e+01 1.2911563629e-11)
3.1000000000e-04	object	(-2.4039070475e+02 -9.0003963050e+01 -2.4051699570e-12)	(-1.3615163275e+01 3.0286446403e+01 1.2911601150e-11)
3.2000000000e-04	object	(-2.4039070475e+02 -9.0121164786e+01 -2.4051666381e-12)	(-1.9502151043e+01 3.0286446403e+01 5.1666510613e-12)
3.3000000000e-04	object	(-2.4039070475e+02 -9.0214288654e+01 -4.2916161559e-12)	(-2.3486438569e+01 3.0286446403e+01 5.1666649327e-12)
3.4000000000e-04	object	(-2.4039070475e+02 -9.0298383835e+01 -4.2917183755e-12)	(-2.7600690168e+01 3.0286446402e+01 1.2911651702e-11)
3.5000000000e-04	object	(-2.4039070475e+02 -9.0368973991e+01 -2.4051700818e-12)	(-3.1862196085e+01 3.0286446402e+01 1.2911656727e-11)
3.6000000000e-04	object	(-2.4039070475e+02 -9.0428987536e+01 -4.2917067238e-12)	(-3.5704810040e+01 3.0286446403e+01 1.2911726210e-11)
3.7000000000e-04	object	(-2.4039070475e+02 -9.0482893657e+01 -4.2916652477e-12)	(-3.8729431064e+01 3.0286446403e+01 1.2911744157e-11)
3.8000000000e-04	object	(-2.4039070475e+02 -9.0537438870e+01 -2.4051679355e-12)	(-4.0929991833e+01 3.0286446403e+01 1.2911561187e-11)
3.9000000000e-04	object	(-2.4039070475e+02 -9.0580918695e+01 -4.2917144720e-12)	(-4.4774172362e+01 3.0286446403e+01 1.2911726487e-11)
4.0000000000e-04	object	(-2.4039070475e+02 -9.0625423245e+01 -4.2917310493e-12)	(-6.2717706821e+01 3.0286446403e+01 1.2911620005e-11)
4.1000000000e-04	object	(-2.4039070475e+02 -9.0663783263e+01 -2.4051723154e-12)	(-8.5465074174e+01 3.0286446403e+01 1.2911654011e-11)
4.2000000000e-04	object	(-2.4039070475e+02 -9.0698990426e+01 -4.2917253510e-12)	(-1.0005766514e+02 3.0286446403e+01 1.2911521944e-11)
4.3000000000e-04	object	(-2.4039070475e+02 -9.0733188003e+01 -2.4051995643e-12)	(-1.1335286698e+02 3.0286446403e+01 1.2911689188e-11)
4.4000000000e-04	object	(-2.4039070475e+02 -9.0764753016e+01 -2.8065882524e-12)	(-1.2508574253e+02 3.0286446403e+01 5.1666126569e-12)
4.5000000000e-04	object	(-2.4039070475e+02 -9.0792095779e+01 -4.2915880508e-12)	(-1.3180083026e+02 3.0286446403e+01 5.1666706513e-12)
4.6000000000e-04	object	(-2.4039070475e+02 -9.0816549020e+01 -4.2916364428e-12)	(-1.3454628322e+02 3.0286446403e+01 1.2911640522e-11)
4.7000000000e-04	object	(-2.4039070475e+02 -9.0838953155e+01 -4.2917305740e-12)	(-1.3647676055e+02 3.0286446403e+01 1.2911733517e-11)
4.8000000000e-04	object	(-2.4039070475e+02 -9.0860724189e+01 -4.2916932940e-12)	(-1.3953406588e+02 3.0286446403e+01 7.7442637578e-12)
4.9000000000e-04	object	(-2.4039070475e+02 -9.0881206678e+01 -4.2916870286e-12)	(-1.4226191495e+02 3.0286446403e+01 5.1666305836e-12)
5.0000000000e-04	object	(-2.4039070475e+02 -9.0899705485e+01 -4.2916833323e-12)	(-1.4226739463e+02 3.0286446403e+01 1.2911760190e-11)
5.1000000000e-04	object	(-2.4039070475e+02 -9.0915917072e+01 -4.2916507143e-12)	(-1.4279636196e+02 3.0286446403e+01 1.2911557150e-11)
5.2000000000e-04	object	(-2.4039070475e+02 -9.0930096582e+01 -2.4051821999e-12)	(-1.4933034383e+02 3.0286446403e+01 1.2911671419e-11)
5.3000000000e-04	object	(-2.4039070475e+02 -9.0943775596e+01 -4.2916317202e-12)	(-1.5683990237e+02 3.0286446403e+01 1.2911601787e-11)
5.4000000000e-04	object	(-2.4039070475e+02 -9.0955908881e+01 -2.8065593368e-12)	(-1.5846673545e+02 3.0286446402e+01 1.2911659591e-11)
5.5000000000e-04	object	(-2.4039070475e+02 -9.0966391335e+01 -4.2916757450e-12)	(-1.5857377793e+02 3.0286446403e+01 1.2911567059e-11)
5.6000000000e-04	object	(-2.4039070475e+02 -9.0968199087e+01 -4.2916701661e-12)	(-1.5857693935e+02 3.0286446403e+01 1.2911725911e-11)
5.7000000000e-04	object	(-2.4039070475e+02 -9.0968230631e+01 -4.2916960286e-12)	(-1.5857699743e+02 3.0286446402e+01 1.2911734346e-11)
5.8000000000e-04	object	(-2.4039070475e+02 -9.0968231111e+01 -4.2915812214e-12)	(-1.5857699833e+02 3.0286446402e+01 5.1667313382e-12)
