/*--------------------------------*- C++ -*----------------------------------*\
| =========                 |                                                 |
| \\      /  F ield         | OpenFOAM: The Open Source CFD Toolbox           |
|  \\    /   O peration     | Version:  v1706                                 |
|   \\  /    A nd           | Web:      www.OpenFOAM.com                      |
|    \\/     M anipulation  |                                                 |
\*---------------------------------------------------------------------------*/
FoamFile
{
    version     2.0;
    format      ascii;
    class       volVectorField;
    location    "0.0024";
    object      wallShearStress;
}
// * * * * * * * * * * * * * * * * * * * * * * * * * * * * * * * * * * * * * //

dimensions      [1 -1 -2 0 0 0 0];


internalField   uniform (0 0 0);

boundaryField
{
    inlet
    {
        type            calculated;
        value           nonuniform 0();
    }
    object
    {
        type            calculated;
        value           nonuniform List<vector> 
204
(
(-9.851590545 -26.93778296 -6.157296538e-17)
(-9.913058186 -26.97741551 6.7449485e-17)
(-9.970309329 -27.01241828 1.102463546e-16)
(-10.01873198 -27.04243175 3.051793704e-16)
(-10.05973979 -27.07569986 -2.061736968e-16)
(-10.09591735 -27.1219999 -1.738087864e-16)
(-10.12906148 -27.18253612 1.286071709e-16)
(-10.16059322 -27.25214844 1.034126745e-16)
(-10.19185768 -27.3275264 1.083044655e-17)
(-10.22347242 -27.4070009 5.732607118e-17)
(-10.25568008 -27.4896987 6.388269886e-16)
(-10.28855919 -27.57512895 1.370341278e-15)
(-10.32212264 -27.66298763 1.810552107e-15)
(-10.35636241 -27.75307347 1.43571439e-15)
(-10.39126455 -27.84524228 8.84347459e-16)
(-10.42681604 -27.93938828 4.962563843e-16)
(-10.46300573 -28.03543084 1.703935187e-16)
(-10.49982617 -28.13331127 2.460066387e-18)
(-10.53727163 -28.23298383 1.152852954e-16)
(-10.5753386 -28.33441508 1.115965911e-16)
(-10.61402578 -28.4375816 -1.635093698e-17)
(-10.65333338 -28.54246739 1.699045257e-16)
(-10.69326266 -28.6490621 3.624220556e-16)
(-10.73381649 -28.75736185 3.736583337e-16)
(-10.77499936 -28.86736839 1.015238283e-16)
(-10.81681607 -28.9790858 1.043493484e-16)
(-10.85927315 -29.09252364 -3.124305422e-18)
(-10.90237689 -29.20769213 1.002402463e-16)
(-10.94613607 -29.32460832 3.09775928e-16)
(-10.99055939 -29.44328969 1.10439154e-16)
(-11.0356563 -29.5637562 -9.282534647e-17)
(-11.08143695 -29.68603033 -3.851632985e-16)
(-11.12791323 -29.8101391 -1.742466772e-16)
(-11.17509663 -29.93610868 -1.720575485e-16)
(-11.22299989 -30.06396918 -2.238761198e-16)
(-11.27163689 -30.19375346 -7.131595526e-17)
(-11.32102163 -30.32549475 -5.50254585e-17)
(-11.37116954 -30.45923032 -3.072099255e-16)
(-11.42209579 -30.59499699 -1.056253589e-16)
(-11.47381783 -30.7328372 -1.980098597e-17)
(-11.52635302 -30.87279333 3.858300607e-17)
(-11.57971989 -31.01491068 2.269351904e-17)
(-11.63393712 -31.15923529 1.976921804e-16)
(-11.6890257 -31.30581879 -1.660359146e-16)
(-11.74500727 -31.4547143 -2.382464704e-16)
(-11.8019031 -31.60597454 -2.324708159e-17)
(-11.85973718 -31.75965852 -3.221890237e-17)
(-11.91853409 -31.91582681 2.094417629e-16)
(-11.97831969 -32.07454325 1.46549269e-16)
(-12.03912072 -32.23587358 -1.046728655e-16)
(-12.10096481 -32.39988646 -2.538929827e-18)
(-12.16388307 -32.56665793 -1.684775949e-16)
(-12.22790633 -32.73626443 -5.035663873e-17)
(-12.29306687 -32.90878526 6.878159535e-17)
(-12.35940068 -33.08430814 -1.804949527e-18)
(-12.4269427 -33.26291944 8.285596944e-17)
(-12.49573113 -33.44471237 8.687531029e-17)
(-12.56580682 -33.62978735 2.89886684e-16)
(-12.63721289 -33.81824924 1.883003608e-16)
(-12.70999395 -34.01020702 9.805375866e-17)
(-12.78419775 -34.20577702 6.709243254e-17)
(-12.85987472 -34.40508188 7.201973447e-17)
(-12.93707812 -34.60825047 1.432882996e-16)
(-13.01586601 -34.81542248 8.623303379e-17)
(-13.09629627 -35.02673855 1.093047922e-16)
(-13.17843481 -35.24235708 1.265433275e-16)
(-13.26234875 -35.46243882 4.202374558e-16)
(-13.34811157 -35.68715981 3.025821033e-16)
(-13.43580151 -35.91670733 2.306639311e-16)
(-13.5255016 -36.15127893 2.548792174e-16)
(-13.61730251 -36.39108815 1.354315039e-16)
(-13.71129819 -36.63635842 9.640598726e-17)
(-13.80759375 -36.88733688 1.084588678e-16)
(-13.90630178 -37.14428751 2.582031823e-16)
(-14.00754263 -37.40749142 1.037304674e-16)
(-14.11144716 -37.67725268 9.91798547e-17)
(-14.21815973 -37.95390626 4.678811707e-16)
(-14.32783568 -38.23780888 5.860340754e-16)
(-14.44064602 -38.52935312 3.769752345e-16)
(-14.55677953 -38.82896799 1.399805322e-16)
(-14.67644091 -39.13711785 1.405143914e-16)
(-14.79986134 -39.45432264 2.46932474e-16)
(-14.927293 -39.78114516 9.079937203e-16)
(-15.05902129 -40.11821953 6.013976163e-16)
(-15.19536475 -40.46624507 4.226497741e-16)
(-15.33668352 -40.8260082 5.837248129e-16)
(-15.48338395 -41.19838521 3.035289546e-16)
(-15.63593394 -41.58437817 6.6683704e-17)
(-15.79487139 -41.98512119 -1.376601013e-16)
(-15.96081603 -42.40190736 -5.246283016e-16)
(-16.1344982 -42.83623927 -5.755790234e-16)
(-16.31678255 -43.28986756 -4.411621911e-16)
(-16.50870442 -43.76485228 -7.735528152e-16)
(-16.71152092 -44.26364316 -9.420761132e-16)
(-16.92677993 -44.78918775 -3.666146801e-16)
(-17.15643558 -45.34510927 -2.242333235e-16)
(-17.40299402 -45.93590803 -5.049681927e-17)
(-17.66976843 -46.56731137 3.145078065e-16)
(-17.96129226 -47.24680022 3.816178468e-16)
(-18.2840312 -47.98442466 2.529373414e-16)
(-18.64777269 -48.79417459 3.723603899e-16)
(-19.0687671 -49.69604152 4.860533517e-16)
(-19.57949249 -50.71697082 5.506284545e-16)
(-20.28223055 -51.86891187 5.251979529e-16)
(-21.27560064 -52.98792614 4.237110873e-16)
(-22.19511732 -54.01368995 2.987499474e-16)
(-23.10172379 -54.89335995 1.898244297e-16)
(-24.01996879 -55.62179285 1.615980513e-16)
(-24.9471751 -56.22678606 1.465919251e-16)
(-25.88028411 -56.73147833 9.973992176e-17)
(-26.81663484 -57.15357546 1.385320594e-16)
(-27.75413419 -57.50625135 1.713576065e-16)
(-28.69119682 -57.79923566 -7.230566892e-17)
(-29.62662653 -58.03973821 1.87645209e-16)
(-30.55948934 -58.23314916 1.626510856e-16)
(-31.48901438 -58.3835508 2.140692656e-16)
(-32.41454 -58.49410168 2.288831756e-16)
(-33.33546722 -58.56729139 2.578242428e-16)
(-34.25123972 -58.60513929 1.681590001e-16)
(-35.16133256 -58.60932054 1.113370889e-16)
(-36.06525092 -58.58125374 1.556631514e-16)
(-36.96265684 -58.52217639 1.700594952e-16)
(-37.85458746 -58.43164636 2.012712898e-16)
(-38.75817209 -58.31515568 1.776269154e-16)
(-39.69110697 -58.20565022 1.295042866e-16)
(-40.57442751 -58.06107051 1.219003052e-16)
(-41.44444786 -57.88297799 1.257875096e-16)
(-42.30269346 -57.67644104 1.802447547e-16)
(-43.14979286 -57.44255539 1.829481442e-16)
(-43.98573265 -57.18220552 1.095518324e-16)
(-44.81031785 -56.89628456 3.008273409e-17)
(-45.62325925 -56.58566599 -4.404897191e-17)
(-46.42426691 -56.25122824 4.156909812e-17)
(-47.21304555 -55.89381298 1.65482759e-17)
(-47.9893162 -55.51423552 1.202733653e-16)
(-48.75281559 -55.11328247 3.094857991e-16)
(-49.50329899 -54.69171361 2.968363199e-16)
(-50.24052956 -54.25025486 4.227738472e-16)
(-50.96429102 -53.78961304 1.495407459e-16)
(-51.6743911 -53.31048211 1.837883361e-16)
(-52.37065096 -52.81353879 -9.826153529e-18)
(-53.05290791 -52.29944459 1.243875049e-16)
(-53.72101866 -51.76885095 1.930991471e-16)
(-54.37485027 -51.22239069 2.105030686e-16)
(-55.01429598 -50.66069673 3.554844875e-16)
(-55.63921383 -50.08440523 4.298479641e-16)
(-56.24952656 -49.49410522 3.886558739e-16)
(-56.84517583 -48.89038376 2.37019158e-16)
(-57.42611339 -48.2738176 2.265557061e-16)
(-57.99230684 -47.64497721 3.604666061e-16)
(-58.54372809 -47.0044158 3.465114282e-16)
(-59.08036481 -46.35268012 3.130230589e-16)
(-59.60221992 -45.69030915 2.88397653e-16)
(-60.10931075 -45.01783323 2.467524506e-16)
(-60.6016576 -44.33576671 1.219670468e-16)
(-61.07930444 -43.64462085 2.107126595e-16)
(-61.54230266 -42.9448939 3.335871517e-16)
(-61.99070527 -42.23707036 3.360593473e-16)
(-62.42459264 -41.52162849 3.77239802e-16)
(-62.84404016 -40.79903545 3.529073683e-16)
(-63.24914243 -40.06974649 4.333454375e-16)
(-63.64000225 -39.33420867 3.037139247e-16)
(-64.01672624 -38.59285454 2.738309354e-16)
(-64.37943329 -37.8461088 4.248338575e-16)
(-64.72825105 -37.09438509 3.471928765e-16)
(-65.06331099 -36.33808268 3.144717495e-16)
(-65.38475411 -35.57759654 2.382830269e-16)
(-65.69272703 -34.81330494 2.091479327e-16)
(-65.98737905 -34.04557569 2.429282384e-16)
(-66.2688689 -33.27476756 3.400738149e-16)
(-66.53736101 -32.50122862 3.27809155e-16)
(-66.79302136 -31.72529725 2.832928213e-16)
(-67.03602475 -30.94729647 2.6478938e-16)
(-67.26654533 -30.16754675 2.581720211e-16)
(-67.48476057 -29.38634878 2.406238237e-16)
(-67.690857 -28.60399991 2.273004826e-16)
(-67.88501497 -27.82078469 2.778384837e-16)
(-68.06742515 -27.03697622 2.252575931e-16)
(-68.2382747 -26.25284137 1.771836335e-16)
(-68.39775833 -25.46863257 2.082578061e-16)
(-68.54607011 -24.68460034 1.465622498e-16)
(-68.68340503 -23.90097943 2.011632404e-16)
(-68.80995276 -23.11799385 2.004511461e-16)
(-68.92591707 -22.33586345 1.768967903e-16)
(-69.03149221 -21.55480048 1.888896732e-16)
(-69.12687541 -20.77500302 1.780607312e-16)
(-69.21226712 -19.99666435 1.318015702e-16)
(-69.28786507 -19.21997054 1.239464878e-17)
(-69.35386834 -18.44509558 5.095144725e-17)
(-69.41047852 -17.67220989 3.490333589e-18)
(-69.45788968 -16.90147605 3.655498766e-17)
(-69.49629794 -16.13304545 4.719096093e-17)
(-69.52590437 -15.36706312 3.982307914e-17)
(-69.54690505 -14.60367038 7.278971249e-17)
(-69.55949788 -13.8430018 8.197666752e-17)
(-69.56387688 -13.08517781 6.164403915e-17)
(-69.56023555 -12.33032072 4.600386834e-17)
(-69.54877206 -11.57854039 2.872788219e-17)
(-69.52967847 -10.8299474 1.764822806e-17)
(-69.50314769 -10.08463525 4.602341473e-17)
(-69.46937265 -9.342701661 7.592294165e-17)
(-69.42854626 -8.604246832 6.811875505e-17)
(-69.38156295 -7.869488698 8.289825005e-17)
(-69.56694211 -7.207568347 6.529415184e-17)
)
;
    }
    outlet
    {
        type            calculated;
        value           uniform (0 0 0);
    }
    front
    {
        type            wedge;
    }
    back
    {
        type            wedge;
    }
    procBoundary3to1
    {
        type            processor;
        value           uniform (0 0 0);
    }
    procBoundary3to2
    {
        type            processor;
        value           uniform (0 0 0);
    }
}


// ************************************************************************* //
