/*--------------------------------*- C++ -*----------------------------------*\
| =========                 |                                                 |
| \\      /  F ield         | OpenFOAM: The Open Source CFD Toolbox           |
|  \\    /   O peration     | Version:  v1706                                 |
|   \\  /    A nd           | Web:      www.OpenFOAM.com                      |
|    \\/     M anipulation  |                                                 |
\*---------------------------------------------------------------------------*/
FoamFile
{
    version     2.0;
    format      ascii;
    class       volVectorField;
    location    "0.00384";
    object      wallShearStress;
}
// * * * * * * * * * * * * * * * * * * * * * * * * * * * * * * * * * * * * * //

dimensions      [1 -1 -2 0 0 0 0];


internalField   uniform (0 0 0);

boundaryField
{
    inlet
    {
        type            calculated;
        value           uniform (0 0 0);
    }
    object
    {
        type            calculated;
        value           nonuniform List<vector> 
300
(
(-0.8856426398 -0.8403808043 -5.767358243e-14)
(-0.8414187257 -1.365359443 -4.471862183e-14)
(-0.855698725 -2.102791226 -3.191566264e-14)
(-0.8745810607 -2.866130571 -1.794525871e-14)
(-0.9004692444 -3.630217818 -2.549078075e-14)
(-0.9334892109 -4.387696485 -3.823542049e-14)
(-0.973620314 -5.135414784 -3.301959646e-14)
(-1.020833217 -5.871795226 -3.701415443e-14)
(-1.075096586 -6.596070162 -3.428150148e-14)
(-1.136373072 -7.307980051 -2.553843932e-14)
(-1.204616684 -8.007616834 -2.099052109e-14)
(-1.279772382 -8.695322448 -1.47191539e-14)
(-1.36177721 -9.371612999 -1.080369495e-14)
(-1.450562321 -10.03711884 -4.436977352e-15)
(-1.546055278 -10.69253636 -1.290453186e-14)
(-1.648182287 -11.33859008 -8.595428179e-15)
(-1.756870148 -11.97600331 2.1942237e-16)
(-1.872047777 -12.60547656 4.302853554e-15)
(-1.993647325 -13.22767249 3.557898076e-15)
(-2.121604914 -13.84320606 3.510515239e-15)
(-2.25586103 -14.45263914 9.061145036e-15)
(-2.396360677 -15.05647828 5.9631839e-15)
(-2.543053347 -15.65517518 5.471615695e-16)
(-2.695892869 -16.24912867 1.84832019e-15)
(-2.854837218 -16.83868831 8.405393676e-16)
(-3.019848283 -17.42415861 2.618898232e-15)
(-3.190891669 -18.00580354 -2.04722353e-15)
(-3.367936512 -18.58385166 -4.128169237e-15)
(-3.550955388 -19.15850104 -2.914583465e-15)
(-3.739924225 -19.72992405 -2.408723283e-15)
(-3.934822277 -20.29827197 -9.457297105e-16)
(-4.135632148 -20.86367946 -1.782014769e-15)
(-4.342339722 -21.42626789 -3.032948075e-15)
(-4.554934312 -21.98615002 -3.181652192e-15)
(-4.773408381 -22.54343147 -1.815690378e-15)
(-4.997757267 -23.09821252 -4.375818801e-15)
(-5.227978802 -23.65059013 -4.696128648e-15)
(-5.464072599 -24.20065788 -2.85663288e-15)
(-5.706039036 -24.74850502 -3.170158945e-15)
(-5.953877986 -25.29421259 -3.054484835e-15)
(-6.207586751 -25.83784967 -3.334980357e-15)
(-6.467158812 -26.37947044 -5.368930446e-15)
(-6.732581923 -26.91910698 -3.457522254e-15)
(-7.003836736 -27.45676499 -2.93649554e-15)
(-7.280896111 -27.99241964 -2.158608074e-15)
(-7.563724582 -28.52601104 -1.42221628e-15)
(-7.852279976 -29.05744909 -7.714193955e-16)
(-8.146515572 -29.58661628 -7.623485289e-16)
(-8.446381539 -30.11337332 -1.729211111e-16)
(-8.751828728 -30.63757181 -1.518974555e-15)
(-9.062811518 -31.15906508 -1.449866148e-15)
(-9.379289343 -31.67771566 -1.600763046e-15)
(-9.701228917 -32.19340755 -7.332785157e-16)
(-10.02860579 -32.70605405 -7.042344244e-16)
(-10.36140321 -33.21559731 -1.262804724e-15)
(-10.69961102 -33.72200995 7.994457144e-17)
(-11.04322403 -34.22529174 1.152939563e-15)
(-11.39223753 -34.72545794 5.470059851e-16)
(-11.74664425 -35.22253195 1.719513546e-15)
(-12.10643037 -35.71653098 2.64057863e-15)
(-12.47157212 -36.20745299 1.228713165e-15)
(-12.84203558 -36.69527022 1.112355495e-15)
(-13.21777799 -37.17992527 2.70973571e-16)
(-13.59875109 -37.66133336 6.504674844e-16)
(-13.98490665 -38.13939588 4.683291544e-16)
(-14.37620439 -38.61401834 8.678880324e-16)
(-14.77261262 -39.08511732 -2.36129198e-17)
(-15.17411339 -39.55264249 -1.154784671e-15)
(-15.58070025 -40.01657768 -1.883404333e-15)
(-15.99237257 -40.47693614 -2.416808937e-15)
(-16.40912959 -40.93374865 -2.131903586e-15)
(-16.83096112 -41.38704203 -2.119329303e-15)
(-17.25784305 -41.83682293 -1.683875948e-15)
(-17.68973458 -42.28305895 -1.283150491e-15)
(-18.12658293 -42.72567755 -1.981067969e-15)
(-18.56833417 -43.1645834 -2.582517386e-15)
(-19.0149446 -43.59967871 -1.954279066e-15)
(-19.46639053 -44.03089294 -1.405895705e-15)
(-19.92267473 -44.45821128 -6.724132423e-16)
(-20.38382007 -44.8816749 -7.026194481e-16)
(-20.84985413 -45.30136217 8.620155352e-17)
(-21.32079392 -45.7173619 -1.881311244e-16)
(-21.79662796 -46.12972652 1.529954216e-16)
(-22.27730741 -46.53843522 -3.581573806e-16)
(-22.76275352 -46.94338662 2.578021004e-16)
(-23.25287661 -47.34442213 5.929933022e-16)
(-23.74760102 -47.74137607 1.199381003e-15)
(-24.24688449 -48.13413039 5.955266841e-16)
(-24.75072236 -48.52264659 -9.577176166e-18)
(-25.25913066 -48.90695737 -2.386366335e-16)
(-25.77211782 -49.28712132 3.114055673e-17)
(-26.28966414 -49.66317043 5.156560375e-16)
(-26.81170928 -50.03506036 1.041874267e-15)
(-27.33816334 -50.4026695 1.985370083e-15)
(-27.86893833 -50.76584751 1.499121362e-15)
(-28.40397311 -51.12446704 3.46981962e-16)
(-28.9432418 -51.478464 4.601962768e-16)
(-29.48675273 -51.82785533 5.153306442e-16)
(-30.03452213 -52.172698 3.713550568e-16)
(-30.5865495 -52.51304172 -5.180341795e-16)
(-31.14280784 -52.84889362 2.108138726e-16)
(-31.70323975 -53.18020192 6.623017959e-16)
(-32.26777407 -53.50687416 1.13926293e-15)
(-32.83634603 -53.82881436 5.973464668e-16)
(-33.40891505 -54.14595234 5.34242305e-16)
(-33.98546883 -54.45826748 8.205550572e-16)
(-34.56603287 -54.76581021 3.192555777e-16)
(-35.15064065 -55.06866441 4.136991167e-16)
(-35.73930265 -55.36689487 1.425809921e-16)
(-36.33198373 -55.66049887 -2.481914381e-16)
(-36.92861491 -55.94940101 -8.66851951e-17)
(-37.52911349 -56.2334799 4.32737561e-16)
(-38.13343376 -56.51265743 5.077809085e-16)
(-38.74158776 -56.78694597 3.590683862e-16)
(-39.35361081 -57.05641373 9.956971243e-16)
(-39.96954119 -57.32115035 7.403899948e-17)
(-40.58938641 -57.58120123 3.8644438e-16)
(-41.21311055 -57.8365368 7.392958902e-17)
(-41.84065798 -58.08709473 -6.082718662e-16)
(-42.47198812 -58.33283156 -5.460569337e-16)
(-43.10702001 -58.57364689 -1.294462189e-15)
(-43.74568782 -58.80944614 -1.644750089e-16)
(-44.38798272 -59.04021843 -6.33974476e-16)
(-45.03392156 -59.2660052 -1.059636379e-15)
(-45.68351147 -59.48680613 -7.464825915e-16)
(-46.33692608 -59.70281217 -1.485307137e-15)
(-46.99458118 -59.91451718 -1.348066511e-15)
(-47.65755111 -60.12260218 -1.757970255e-15)
(-48.33130731 -60.33406111 -1.341145946e-15)
(-49.01104281 -60.54231488 -1.080334986e-15)
(-49.67918503 -60.72892943 -9.807574508e-16)
(-50.3487533 -60.90744725 -1.17095213e-15)
(-51.02161611 -61.08106685 -7.387491565e-16)
(-51.69828234 -61.25033601 -9.265539157e-16)
(-52.37879438 -61.41519878 -1.764280693e-15)
(-53.06306072 -61.57547993 -1.661170254e-15)
(-53.75095601 -61.73099987 -1.793941327e-15)
(-54.44236393 -61.88160725 -1.526206323e-15)
(-55.13717502 -62.02716765 -1.370151564e-15)
(-55.83528332 -62.16755823 -1.301689807e-15)
(-56.53659648 -62.30267721 -1.17886545e-15)
(-57.24102803 -62.43243307 -1.066983741e-15)
(-57.94850041 -62.55674537 -9.011872771e-16)
(-58.65893995 -62.67554102 -6.322222858e-16)
(-59.37228494 -62.78876149 -7.917548888e-16)
(-60.08847691 -62.89635946 -9.916795976e-16)
(-60.80748266 -62.99831046 -1.008197542e-15)
(-61.52926887 -63.09459446 -1.223211767e-15)
(-62.25381694 -63.18520888 -1.009782441e-15)
(-62.98111954 -63.27016272 -5.039710159e-16)
(-63.71117751 -63.34947051 -5.331771263e-16)
(-64.44398762 -63.42314039 -6.677518294e-16)
(-65.17954438 -63.49118036 -6.402751728e-16)
(-65.91784724 -63.55359881 -4.720698113e-16)
(-66.65888049 -63.61038868 -8.517437216e-16)
(-67.40262282 -63.66153594 -1.138459396e-15)
(-68.14905296 -63.7070226 -1.20040108e-15)
(-68.89813097 -63.7468137 -1.219644569e-15)
(-69.64980929 -63.78086928 -1.339304965e-15)
(-70.40405095 -63.80915966 -1.451812821e-15)
(-71.16080686 -63.83164164 -1.186383008e-15)
(-71.92001447 -63.8482639 -1.165830031e-15)
(-72.68162938 -63.85899261 -1.404044334e-15)
(-73.44559854 -63.86378712 -1.15484363e-15)
(-74.21187325 -63.86261329 -9.775139048e-16)
(-74.98041054 -63.85544229 -1.29261177e-15)
(-75.75116037 -63.84224219 -1.025985102e-15)
(-76.52409427 -63.8229992 -1.010510911e-15)
(-77.29918285 -63.79769872 -1.437768861e-15)
(-78.07639235 -63.7663208 -1.275303846e-15)
(-78.85568463 -63.72884672 -1.516779022e-15)
(-79.63705228 -63.6852822 -1.630831926e-15)
(-80.42047232 -63.63561695 -1.683358301e-15)
(-81.20592423 -63.57984529 -1.428662737e-15)
(-81.9933992 -63.51797053 -1.530703249e-15)
(-82.78288452 -63.44999031 -1.660363141e-15)
(-83.5743715 -63.37590508 -1.497301906e-15)
(-84.36784535 -63.29570986 -1.330572628e-15)
(-85.1632913 -63.20939826 -1.34941749e-15)
(-85.9606985 -63.11696475 -1.164134455e-15)
(-86.76004023 -63.01839206 -1.159490414e-15)
(-87.5612987 -62.91366954 -1.050052591e-15)
(-88.36445278 -62.80278238 -1.197173593e-15)
(-89.16946719 -62.68570502 -1.101452768e-15)
(-89.97630621 -62.56241251 -9.061122868e-16)
(-90.78493966 -62.43288329 -8.951604573e-16)
(-91.59531984 -62.29708748 -9.935391464e-16)
(-92.40741151 -62.15499986 -1.125171082e-15)
(-93.22117744 -62.00659559 -8.371615471e-16)
(-94.03657358 -61.85184522 -3.892025801e-16)
(-94.85355081 -61.69071747 -1.210367697e-15)
(-95.67207666 -61.52319422 -4.426030117e-16)
(-96.49210589 -61.34924876 -6.403344616e-16)
(-97.3136061 -61.16886503 -7.339010513e-16)
(-98.13652731 -60.98201356 -5.891204274e-16)
(-98.96084056 -60.78868107 -5.061135652e-16)
(-99.78651506 -60.58885229 -2.27336119e-16)
(-100.6135059 -60.38250484 -5.66756793e-16)
(-101.4417878 -60.16964502 -2.347583581e-16)
(-102.2770852 -59.96175319 -3.183973376e-16)
(-102.8328749 -59.79965984 -3.322610302e-16)
(-103.1223038 -59.58411684 -6.077409802e-16)
(-103.2959166 -59.47770926 -5.102010396e-16)
(-103.4048132 -59.444616 -4.874898449e-16)
(-103.4804808 -59.45186109 -5.732748238e-16)
(-103.5398041 -59.4774018 -6.562761209e-16)
(-103.5912399 -59.50924098 -3.76435351e-16)
(-103.6387806 -59.54186364 -5.22472581e-16)
(-103.6842049 -59.57323217 -9.290915031e-16)
(-103.7282736 -59.60290466 -1.061858356e-15)
(-103.7713402 -59.63106157 -1.373973363e-15)
(-103.8135862 -59.65802653 -1.131481055e-15)
(-103.8551451 -59.6841043 -1.08709333e-15)
(-103.8961271 -59.70952862 -1.214885113e-15)
(-103.9366158 -59.7344582 -1.391512351e-15)
(-103.9766825 -59.75899768 -1.607478928e-15)
(-104.0163916 -59.78322467 -1.533140678e-15)
(-104.0558038 -59.80719684 -1.756633272e-15)
(-104.0949703 -59.83095764 -1.552460354e-15)
(-104.1339207 -59.85453346 -1.682201656e-15)
(-104.1726771 -59.87794069 -1.929269216e-15)
(-104.2112657 -59.9012012 -2.024356051e-15)
(-104.2496982 -59.9243259 -1.957351462e-15)
(-104.2879965 -59.94733072 -1.813035082e-15)
(-104.3261719 -59.97022518 -1.88471701e-15)
(-104.3642199 -59.99300613 -1.875997702e-15)
(-104.4021483 -60.01568186 -2.041648877e-15)
(-104.4399534 -60.03825223 -2.029006453e-15)
(-104.4776444 -60.06072412 -1.981530538e-15)
(-104.5152221 -60.08309971 -2.058794032e-15)
(-104.5526732 -60.10536989 -2.032750187e-15)
(-104.5899985 -60.12753825 -2.048058057e-15)
(-104.6271887 -60.14960101 -2.089278485e-15)
(-104.6642489 -60.17156233 -2.131278262e-15)
(-104.7011765 -60.19342246 -2.092203245e-15)
(-104.7379562 -60.21517101 -2.090468196e-15)
(-104.7745875 -60.2368109 -2.115750412e-15)
(-104.8110607 -60.25833817 -2.068329466e-15)
(-104.8473811 -60.2797572 -2.077407249e-15)
(-104.8835468 -60.3010688 -2.265930318e-15)
(-104.919544 -60.3222634 -2.575533192e-15)
(-104.9553738 -60.34334496 -2.794508276e-15)
(-104.9910285 -60.36431051 -2.79661305e-15)
(-105.0265123 -60.38516388 -2.693942199e-15)
(-105.0618312 -60.40590975 -2.599618645e-15)
(-105.0969778 -60.42654573 -2.813062426e-15)
(-105.1319459 -60.44706649 -3.019756855e-15)
(-105.1667344 -60.46747458 -2.7941735e-15)
(-105.2013503 -60.48777527 -2.723105988e-15)
(-105.2358016 -60.50797439 -2.757451984e-15)
(-105.2700837 -60.5280705 -3.212270569e-15)
(-105.304192 -60.54805905 -3.285047025e-15)
(-105.3381328 -60.56794614 -3.547434259e-15)
(-105.3719028 -60.58773074 -3.435059942e-15)
(-105.4055134 -60.60741991 -3.304371172e-15)
(-105.4389686 -60.62701661 -3.281727742e-15)
(-105.4722593 -60.6465128 -3.364397533e-15)
(-105.5053908 -60.66591327 -3.303825593e-15)
(-105.5383585 -60.68521519 -3.246765174e-15)
(-105.5711716 -60.70442334 -3.169995161e-15)
(-105.603831 -60.72353779 -3.206238504e-15)
(-105.6363238 -60.74254707 -3.159173569e-15)
(-105.6686505 -60.76145199 -3.10818367e-15)
(-105.7008008 -60.78024521 -3.438469839e-15)
(-105.7327775 -60.79892644 -3.288865838e-15)
(-105.7645739 -60.81749029 -3.152393386e-15)
(-105.7961693 -60.83591939 -3.042559483e-15)
(-105.8275553 -60.8542084 -2.984352393e-15)
(-105.8587122 -60.87234362 -3.313900818e-15)
(-105.8896332 -60.89031841 -3.098022832e-15)
(-105.9203019 -60.90812113 -3.373047597e-15)
(-105.9506875 -60.92572841 -3.25316292e-15)
(-105.980772 -60.94312944 -3.45582866e-15)
(-106.0105269 -60.96030548 -3.264182896e-15)
(-106.0399338 -60.97724404 -3.151942196e-15)
(-106.0689743 -60.99393308 -3.14492206e-15)
(-106.0976161 -61.01035337 -3.432948135e-15)
(-106.1258272 -61.02648302 -3.543908137e-15)
(-106.1535811 -61.04230873 -3.305960489e-15)
(-106.1808594 -61.05782105 -3.207163744e-15)
(-106.2076466 -61.07301255 -3.211107142e-15)
(-106.2339153 -61.08787031 -3.492945264e-15)
(-106.2596414 -61.10238051 -3.715818476e-15)
(-106.2848141 -61.11654271 -3.625637804e-15)
(-106.3094168 -61.13035218 -3.521655669e-15)
(-106.3334519 -61.14381562 -3.302854058e-15)
(-106.3569187 -61.15693907 -3.3100879e-15)
(-106.3798086 -61.1697211 -3.364330118e-15)
(-106.402133 -61.18217706 -3.409045197e-15)
(-106.423899 -61.19431847 -3.390823483e-15)
(-106.4451337 -61.20616835 -3.231051893e-15)
(-106.4658617 -61.21774881 -3.420500068e-15)
(-106.4860999 -61.22907388 -3.363835703e-15)
(-106.5058848 -61.24017346 -3.289541658e-15)
(-106.5252475 -61.25107233 -3.290418457e-15)
(-106.544238 -61.26180526 -3.263674987e-15)
(-106.5629014 -61.27240424 -3.228980723e-15)
(-106.5812732 -61.28289127 -3.100315202e-15)
(-106.5993974 -61.29331079 -3.228439547e-15)
(-106.6164998 -61.30475525 -3.235830777e-15)
)
;
    }
    outlet
    {
        type            calculated;
        value           uniform (0 0 0);
    }
    front
    {
        type            wedge;
    }
    back
    {
        type            wedge;
    }
}


// ************************************************************************* //
