/*--------------------------------*- C++ -*----------------------------------*\
| =========                 |                                                 |
| \\      /  F ield         | OpenFOAM: The Open Source CFD Toolbox           |
|  \\    /   O peration     | Version:  v1706                                 |
|   \\  /    A nd           | Web:      www.OpenFOAM.com                      |
|    \\/     M anipulation  |                                                 |
\*---------------------------------------------------------------------------*/
FoamFile
{
    version     2.0;
    format      ascii;
    class       volScalarField;
    location    "0.00384";
    object      wallHeatFlux;
}
// * * * * * * * * * * * * * * * * * * * * * * * * * * * * * * * * * * * * * //

dimensions      [1 0 -3 0 0 0 0];


internalField   uniform 0;

boundaryField
{
    inlet
    {
        type            calculated;
        value           uniform 0;
    }
    object
    {
        type            calculated;
        value           nonuniform List<scalar> 
300
(
632074.3402
632664.6063
632429.2312
631982.4595
631432.1671
630817.4657
630157.76
629464.563
628745.528
628006.1345
627250.4892
626481.7648
625702.4435
624914.4846
624119.432
623318.5036
622512.6526
621702.6173
620888.9694
620072.1413
619252.4596
618430.1651
617605.4339
616778.3877
615949.1115
615117.6612
614284.0666
613448.3418
612610.4888
611770.4975
610928.3487
610084.0187
609237.463
608388.6547
607537.5445
606684.0565
605828.1172
604969.6492
604108.5758
603244.7869
602378.1591
601508.5885
600635.9579
599760.1749
598881.1703
597998.8572
597113.2229
596224.2823
595332.0648
594436.643
593538.1274
592636.595
591732.1376
590824.8568
589914.7979
589001.9852
588086.4245
587168.0619
586246.8552
585322.7467
584395.6744
583465.6185
582532.5943
581596.6352
580657.8322
579716.3187
578772.1539
577825.4233
576876.1514
575924.3201
574969.8613
574012.6915
573052.7756
572090.0898
571124.6651
570156.6378
569186.1193
568213.1929
567237.9269
566260.2589
565280.0041
564296.9858
563311.0593
562322.1715
561330.4107
560335.9786
559339.1212
558340.0415
557338.8128
556335.3792
555329.5812
554321.3242
553310.6158
552297.6131
551282.6094
550265.8323
549247.385
548227.2689
547205.3389
546181.4691
545155.5985
544127.8041
543098.2148
542067.0824
541034.5157
540000.5392
538965.0389
537927.8257
536888.7015
535847.6407
534804.7982
533760.3723
532714.5448
531667.3019
530618.3776
529567.5653
528514.7841
527459.9578
526403.1956
525344.6119
524284.4223
523222.8007
522159.7544
521095.1287
520028.8914
518960.4529
517888.3452
516809.8695
515707.3697
514604.1601
513549.5451
512501.0934
511451.0458
510397.7239
509341.1177
508281.6009
507219.6178
506155.5693
505089.7546
504022.4256
502953.8712
501884.3466
500814.0545
499743.1757
498671.8206
497600.1702
496528.2398
495456.0703
494383.6469
493310.951
492237.9181
491164.4145
490090.4011
489015.8112
487940.6196
486864.815
485788.4277
484711.4956
483634.0761
482556.3554
481478.3903
480400.2698
479322.1284
478244.0593
477166.1682
476088.5371
475011.2235
473934.3207
472857.9156
471781.9516
470706.4481
469631.4586
468556.9243
467482.8262
466409.1529
465335.8533
464262.9096
463190.2691
462117.889
461045.7682
459973.8669
458902.2245
457830.8758
456759.8256
455689.1215
454618.8031
453548.9634
452479.6417
451410.9958
450343.0111
449275.8002
448209.4223
447143.9681
446079.5154
445016.0478
443953.6906
442892.4537
441832.392
440773.5481
439715.3987
439212.0833
439013.7235
438987.0654
438970.948
438925.2414
438849.5453
438752.8561
438643.7169
438527.8206
438408.4225
438287.1879
438164.828
438041.6484
437917.779
437793.166
437667.8121
437541.7165
437414.9189
437287.4897
437159.3923
437030.6666
436901.3694
436771.5209
436641.2226
436510.4889
436379.3529
436247.8808
436116.1001
435984.1173
435851.9501
435719.6327
435587.2308
435454.7692
435322.35
435189.9844
435057.6989
434925.5496
434793.5507
434661.7922
434530.2725
434399.0045
434268.0301
434137.3489
434007.0055
433877.0627
433747.4672
433618.2335
433489.3648
433360.8919
433232.8654
433105.2206
432977.9622
432851.1068
432724.6313
432598.5908
432472.9524
432347.7014
432222.8569
432098.401
431974.3967
431850.8228
431727.6797
431605.0046
431482.8016
431361.159
431240.084
431119.6082
430999.8027
430880.7073
430762.4471
430645.0668
430528.6349
430413.2581
430299.0089
430186.0116
430074.4139
429964.2519
429855.6308
429748.6442
429643.4108
429540.0633
429438.6131
429339.1304
429241.6852
429146.2936
429053.0325
428961.8733
428872.7855
428785.7503
428700.6904
428617.5856
428536.3093
428456.7331
428378.7433
428302.1721
428226.9157
428152.7717
428079.5464
428007.0739
427934.7333
)
;
    }
    outlet
    {
        type            calculated;
        value           uniform 0;
    }
    front
    {
        type            wedge;
    }
    back
    {
        type            wedge;
    }
}


// ************************************************************************* //
