/*--------------------------------*- C++ -*----------------------------------*\
| =========                 |                                                 |
| \\      /  F ield         | OpenFOAM: The Open Source CFD Toolbox           |
|  \\    /   O peration     | Version:  v1706                                 |
|   \\  /    A nd           | Web:      www.OpenFOAM.com                      |
|    \\/     M anipulation  |                                                 |
\*---------------------------------------------------------------------------*/
FoamFile
{
    version     2.0;
    format      ascii;
    class       volVectorField;
    location    "0.00241";
    object      wallShearStress;
}
// * * * * * * * * * * * * * * * * * * * * * * * * * * * * * * * * * * * * * //

dimensions      [1 -1 -2 0 0 0 0];


internalField   uniform (0 0 0);

boundaryField
{
    inlet
    {
        type            calculated;
        value           nonuniform 0();
    }
    object
    {
        type            calculated;
        value           nonuniform List<vector> 
204
(
(-9.851601349 -26.93781271 -6.489427736e-17)
(-9.913069028 -26.97744523 6.518021022e-17)
(-9.970320205 -27.01244796 1.115364274e-16)
(-10.01874288 -27.04246138 2.928773606e-16)
(-10.05975071 -27.07572945 -1.830048404e-16)
(-10.09592827 -27.12202945 -1.327904691e-16)
(-10.1290724 -27.18256564 1.276994693e-16)
(-10.16060414 -27.25217794 1.818411404e-16)
(-10.1918686 -27.32755589 8.005535277e-17)
(-10.22348334 -27.40703039 1.052313349e-16)
(-10.255691 -27.48972818 6.446295267e-16)
(-10.28857011 -27.57515843 1.398923679e-15)
(-10.32213357 -27.66301712 1.719265744e-15)
(-10.35637334 -27.75310297 1.326745455e-15)
(-10.39127549 -27.8452718 8.821940235e-16)
(-10.42682699 -27.93941782 4.970003615e-16)
(-10.46301669 -28.0354604 1.545373594e-16)
(-10.49983715 -28.13334087 1.722296364e-17)
(-10.53728262 -28.23301346 1.177712254e-16)
(-10.57534961 -28.33444476 1.079308956e-16)
(-10.61403681 -28.43761132 -1.981049585e-17)
(-10.65334442 -28.54249716 1.690681778e-16)
(-10.69327373 -28.64909193 3.630841239e-16)
(-10.73382758 -28.75739174 3.91699176e-16)
(-10.77501048 -28.86739834 1.00906757e-16)
(-10.81682722 -28.97911583 1.496158601e-16)
(-10.85928433 -29.09255375 -9.403980387e-18)
(-10.90238811 -29.20772232 1.004048157e-16)
(-10.94614732 -29.3246386 2.956588956e-16)
(-10.99057068 -29.44332006 1.102875659e-16)
(-11.03566763 -29.56378667 -9.568952643e-17)
(-11.08144832 -29.68606091 -4.038149272e-16)
(-11.12792464 -29.81016978 -1.760623345e-16)
(-11.17510809 -29.93613949 -9.006873463e-17)
(-11.2230114 -30.0640001 -1.928842581e-16)
(-11.27164844 -30.1937845 -7.233643654e-17)
(-11.32103324 -30.32552592 -4.672174811e-17)
(-11.37118119 -30.45926163 -3.063726154e-16)
(-11.4221075 -30.59502843 -1.070446728e-16)
(-11.47382959 -30.73286878 -1.752523832e-17)
(-11.52636483 -30.87282506 -1.444476652e-17)
(-11.57973176 -31.01494256 -1.044615416e-17)
(-11.63394905 -31.15926732 2.292412657e-16)
(-11.68903769 -31.30585098 -1.770870293e-16)
(-11.74501932 -31.45474664 -2.257312753e-16)
(-11.80191522 -31.60600705 -1.466343602e-17)
(-11.85974936 -31.75969119 -3.142888929e-17)
(-11.91854633 -31.91585966 2.166213203e-16)
(-11.97833201 -32.07457628 1.484471558e-16)
(-12.0391331 -32.23590678 -1.429124251e-16)
(-12.10097726 -32.39991985 -2.173192684e-17)
(-12.16389559 -32.5666915 -1.712687755e-16)
(-12.22791893 -32.73629819 -5.202337314e-17)
(-12.29307954 -32.90881922 6.196470899e-18)
(-12.35941342 -33.08434229 -3.812163294e-17)
(-12.42695552 -33.2629538 9.173016225e-17)
(-12.49574403 -33.44474693 8.552758749e-17)
(-12.5658198 -33.62982212 2.69633694e-16)
(-12.63722595 -33.81828423 1.909758609e-16)
(-12.71000709 -34.01024222 7.398535434e-17)
(-12.78421098 -34.20581244 4.778144019e-17)
(-12.85988803 -34.40511754 7.247404663e-17)
(-12.93709152 -34.60828635 1.42545818e-16)
(-13.0158795 -34.8154586 8.236630879e-17)
(-13.09630985 -35.02677492 1.13388247e-16)
(-13.17844849 -35.24239369 1.264434045e-16)
(-13.26236253 -35.46247568 4.080829609e-16)
(-13.34812544 -35.68719692 3.250789761e-16)
(-13.43581548 -35.9167447 2.491654446e-16)
(-13.52551567 -36.15131658 2.556762237e-16)
(-13.61731669 -36.39112607 1.377382542e-16)
(-13.71131247 -36.63639661 1.168070515e-16)
(-13.80760815 -36.88737537 1.093214089e-16)
(-13.90631628 -37.14432629 2.461107965e-16)
(-14.00755725 -37.4075305 1.072443776e-16)
(-14.11146189 -37.67729206 1.204452017e-16)
(-14.21817459 -37.95394596 4.784921381e-16)
(-14.32785066 -38.2378489 6.015407008e-16)
(-14.44066113 -38.52939346 4.551829591e-16)
(-14.55679476 -38.82900867 2.145298346e-16)
(-14.67645628 -39.13715888 1.410943451e-16)
(-14.79987684 -39.45436402 2.387846761e-16)
(-14.92730863 -39.7811869 8.839701189e-16)
(-15.05903707 -40.11826164 6.781851183e-16)
(-15.19538067 -40.46628756 4.236894049e-16)
(-15.33669959 -40.82605107 5.799316109e-16)
(-15.48340017 -41.19842848 2.937513782e-16)
(-15.63595031 -41.58442185 1.023490663e-16)
(-15.79488792 -41.98516528 -1.263696788e-16)
(-15.96083272 -42.40195188 -5.706588008e-16)
(-16.13451505 -42.83628422 -7.406769172e-16)
(-16.31679957 -43.28991296 -4.969508788e-16)
(-16.50872163 -43.76489814 -8.439680866e-16)
(-16.71153831 -44.2636895 -9.823921236e-16)
(-16.9267975 -44.78923458 -4.17627364e-16)
(-17.15645335 -45.34515661 -2.853646445e-16)
(-17.403012 -45.93595591 -4.762817316e-17)
(-17.66978663 -46.5673598 3.42265633e-16)
(-17.9613107 -47.24684925 3.719018667e-16)
(-18.28404991 -47.98447433 2.577677205e-16)
(-18.64779171 -48.79422496 3.880358253e-16)
(-19.06878647 -49.69609266 4.885758244e-16)
(-19.57951229 -50.71702286 5.460033808e-16)
(-20.28225096 -51.86896495 5.207537173e-16)
(-21.27562202 -52.9879803 4.40186398e-16)
(-22.19513971 -54.01374524 2.937223431e-16)
(-23.10174718 -54.89341628 1.784905228e-16)
(-24.01999317 -55.62185008 1.80815218e-16)
(-24.94720047 -56.22684406 1.415099178e-16)
(-25.88031048 -56.73153699 5.696652053e-17)
(-26.81666219 -57.15363465 1.388655682e-16)
(-27.75416251 -57.506311 1.74526405e-16)
(-28.69122611 -57.79929568 -6.134655029e-17)
(-29.62665677 -58.03979853 1.481957767e-16)
(-30.55952053 -58.2332097 1.149214986e-16)
(-31.48904649 -58.3836115 2.126177957e-16)
(-32.41457304 -58.49416247 2.284927005e-16)
(-33.33550116 -58.56735222 2.56831378e-16)
(-34.25127455 -58.6052001 2.316060126e-16)
(-35.16136827 -58.60938128 6.822209271e-17)
(-36.06528748 -58.58131437 1.534216294e-16)
(-36.96269425 -58.52223686 1.87759422e-16)
(-37.8546258 -58.43170651 1.937845504e-16)
(-38.75821219 -58.31521623 1.667906536e-16)
(-39.69114715 -58.20571043 1.184793305e-16)
(-40.5744684 -58.06113032 1.237615495e-16)
(-41.44448946 -57.88303742 6.665794806e-17)
(-42.30273575 -57.67650004 1.132429842e-16)
(-43.14983584 -57.44261392 1.794575445e-16)
(-43.98577631 -57.18226355 8.394556004e-17)
(-44.81036216 -56.89634206 -5.183444151e-19)
(-45.62330418 -56.58572294 -6.131434271e-17)
(-46.42431247 -56.25128461 3.376663365e-17)
(-47.21309171 -55.89386875 4.211435153e-17)
(-47.98936293 -55.51429068 1.308291733e-16)
(-48.75286288 -55.113337 3.624393076e-16)
(-49.50334683 -54.69176748 2.745450101e-16)
(-50.24057793 -54.25030807 4.213202483e-16)
(-50.9643399 -53.78966557 2.499246995e-16)
(-51.67444048 -53.31053395 1.956659113e-16)
(-52.37070083 -52.81358993 4.844274162e-17)
(-53.05295825 -52.29949502 1.184042532e-16)
(-53.72106945 -51.76890067 1.806346188e-16)
(-54.37490151 -51.2224397 2.080868539e-16)
(-55.01434765 -50.66074501 3.437485001e-16)
(-55.63926592 -50.08445278 3.641784935e-16)
(-56.24957907 -49.49415205 3.810796624e-16)
(-56.84522874 -48.89042987 2.360707932e-16)
(-57.42616671 -48.27386298 1.716954775e-16)
(-57.99236054 -47.64502186 2.732890668e-16)
(-58.54378217 -47.00445973 3.497251255e-16)
(-59.08041926 -46.35272333 3.138426284e-16)
(-59.60227474 -45.69035165 2.953859801e-16)
(-60.10936593 -45.01787501 2.489762403e-16)
(-60.60171315 -44.33580779 1.964316216e-16)
(-61.07936034 -43.64466122 2.037936991e-16)
(-61.5423589 -42.94493358 2.531944873e-16)
(-61.99076186 -42.23710934 3.830776669e-16)
(-62.42464957 -41.52166678 4.929579907e-16)
(-62.84409743 -40.79907305 3.524316904e-16)
(-63.24920004 -40.06978342 3.778598056e-16)
(-63.64006018 -39.33424493 3.063447376e-16)
(-64.0167845 -38.59289013 2.715215408e-16)
(-64.37949188 -37.84614372 3.615559215e-16)
(-64.72830996 -37.09441935 3.541739734e-16)
(-65.06337022 -36.33811628 3.168510606e-16)
(-65.38481365 -35.57762949 2.89808231e-16)
(-65.6927869 -34.81333724 2.030747963e-16)
(-65.98743923 -34.04560734 2.129817232e-16)
(-66.26892939 -33.27479857 3.684375853e-16)
(-66.5374218 -32.50125899 3.280554313e-16)
(-66.79308245 -31.72532698 3.029159632e-16)
(-67.03608614 -30.94732556 2.621069888e-16)
(-67.26660701 -30.16757521 2.59868413e-16)
(-67.48482255 -29.3863766 2.398672511e-16)
(-67.69091926 -28.6040271 2.255055993e-16)
(-67.88507751 -27.82081125 2.271491016e-16)
(-68.06748798 -27.03700215 2.301055845e-16)
(-68.23833781 -26.25286666 1.824272997e-16)
(-68.3978217 -25.46865723 2.145148467e-16)
(-68.54613374 -24.68462437 2.138677403e-16)
(-68.68346892 -23.90100283 1.982369476e-16)
(-68.81001691 -23.11801662 1.908371375e-16)
(-68.92598147 -22.33588558 1.701018854e-16)
(-69.03155685 -21.55482198 1.808919801e-16)
(-69.12694028 -20.77502387 1.775739612e-16)
(-69.21233222 -19.99668457 1.301721249e-16)
(-69.28793039 -19.21999012 1.022733057e-16)
(-69.35393389 -18.44511452 4.877139074e-17)
(-69.41054428 -17.67222819 4.360276918e-18)
(-69.45795564 -16.9014937 3.712349471e-17)
(-69.4963641 -16.13306246 5.029259904e-17)
(-69.52597072 -15.36707948 8.990167026e-17)
(-69.54697158 -14.60368609 7.712694072e-17)
(-69.55956459 -13.84301686 9.062513737e-17)
(-69.56394376 -13.08519222 7.402104937e-17)
(-69.56030259 -12.33033447 5.885411268e-17)
(-69.54883925 -11.57855349 3.702038587e-17)
(-69.52974581 -10.82995984 3.939107315e-17)
(-69.50321517 -10.08464703 5.437542301e-17)
(-69.46944027 -9.342712785 7.010840656e-17)
(-69.42861401 -8.604257295 7.002822944e-17)
(-69.38163082 -7.8694985 8.434192084e-17)
(-69.56701031 -7.20757759 6.527846543e-17)
)
;
    }
    outlet
    {
        type            calculated;
        value           uniform (0 0 0);
    }
    front
    {
        type            wedge;
    }
    back
    {
        type            wedge;
    }
    procBoundary3to1
    {
        type            processor;
        value           uniform (0 0 0);
    }
    procBoundary3to2
    {
        type            processor;
        value           uniform (0 0 0);
    }
}


// ************************************************************************* //
