/*--------------------------------*- C++ -*----------------------------------*\
| =========                 |                                                 |
| \\      /  F ield         | OpenFOAM: The Open Source CFD Toolbox           |
|  \\    /   O peration     | Version:  v1706                                 |
|   \\  /    A nd           | Web:      www.OpenFOAM.com                      |
|    \\/     M anipulation  |                                                 |
\*---------------------------------------------------------------------------*/
FoamFile
{
    version     2.0;
    format      ascii;
    class       volVectorField;
    location    "0.0016";
    object      wallShearStress;
}
// * * * * * * * * * * * * * * * * * * * * * * * * * * * * * * * * * * * * * //

dimensions      [1 -1 -2 0 0 0 0];


internalField   uniform (0 0 0);

boundaryField
{
    inlet
    {
        type            calculated;
        value           nonuniform 0();
    }
    object
    {
        type            calculated;
        value           nonuniform List<vector> 
196
(
(-0.4091455807 -0.2066119211 -6.306221188e-15)
(-0.3895004332 -0.348136005 -1.600410251e-14)
(-0.3925489318 -0.5452950457 -3.994916356e-14)
(-0.3945893837 -0.7496431533 -3.063658607e-14)
(-0.3972152889 -0.9563141448 -2.069212546e-14)
(-0.4004601155 -1.163860659 6.206938498e-15)
(-0.4043246303 -1.371664615 1.914144271e-14)
(-0.4088095709 -1.579396573 2.457484115e-14)
(-0.4138748784 -1.786823338 2.425138766e-14)
(-0.4195430198 -1.993759103 1.710917853e-14)
(-0.4258174558 -2.200070055 1.281888205e-14)
(-0.4327056816 -2.405646213 2.1262724e-15)
(-0.4402136045 -2.610399133 -1.652725367e-15)
(-0.4483317777 -2.814256331 -1.271608074e-17)
(-0.4570567479 -3.017136864 -3.178485137e-16)
(-0.4664089508 -3.218977302 -9.745220184e-16)
(-0.4763922071 -3.419743062 -5.97743748e-15)
(-0.4870100547 -3.619402529 -1.042287022e-14)
(-0.498267838 -3.817935473 -1.643590177e-14)
(-0.5101680795 -4.01533256 -1.922318245e-14)
(-0.5227099052 -4.211588632 -2.271267007e-14)
(-0.5358902048 -4.40670139 -1.981522524e-14)
(-0.5497192643 -4.60067733 -1.527512078e-14)
(-0.5641992865 -4.793538461 -8.955091562e-15)
(-0.5793276821 -4.985303839 -2.556024872e-15)
(-0.5951090958 -5.176002324 -3.014380193e-16)
(-0.6115369513 -5.365660565 7.357897348e-17)
(-0.6286198252 -5.554313459 3.593724893e-17)
(-0.6463460782 -5.741995567 -4.793247064e-17)
(-0.664726965 -5.928742131 -1.313972859e-15)
(-0.6837495178 -6.114595993 -7.455869645e-19)
(-0.7034220963 -6.299588806 1.647830475e-15)
(-0.7237377959 -6.483769848 8.579844522e-16)
(-0.7446952853 -6.667167549 -5.274891276e-16)
(-0.7662948947 -6.849820624 -1.664309672e-15)
(-0.7885349073 -7.031766713 -1.112743472e-16)
(-0.8114131402 -7.213041583 5.294578874e-17)
(-0.8349275784 -7.393679041 5.801816948e-17)
(-0.8590766974 -7.573711356 5.38417127e-16)
(-0.8838591199 -7.75316921 2.080243036e-15)
(-0.9092732224 -7.932081344 8.332840374e-16)
(-0.9353168884 -8.110474046 6.220636005e-17)
(-0.9619876615 -8.288370867 1.034175055e-17)
(-0.989283348 -8.465793129 8.769187522e-17)
(-1.017202274 -8.642760821 1.642252167e-15)
(-1.045742849 -8.819292616 1.538141231e-15)
(-1.074903024 -8.995405444 2.65069462e-16)
(-1.104680323 -9.171113922 5.896149732e-16)
(-1.135072172 -9.346430799 -2.531403426e-16)
(-1.166076218 -9.521367475 1.81774221e-17)
(-1.197690357 -9.695934503 9.727473323e-17)
(-1.22991257 -9.870141835 4.541216585e-16)
(-1.26274067 -10.04399853 1.681488721e-15)
(-1.296172321 -10.21751278 1.428775394e-15)
(-1.330205318 -10.3906929 3.634186183e-15)
(-1.364837602 -10.56354611 1.40836824e-15)
(-1.400067523 -10.73608071 2.106799346e-17)
(-1.435893545 -10.90830465 -1.320162062e-15)
(-1.472314254 -11.08022658 -1.324333882e-15)
(-1.509328115 -11.2518542 -2.786572192e-16)
(-1.54693387 -11.42319632 -1.325723756e-16)
(-1.585130204 -11.59426025 1.649061911e-16)
(-1.623916115 -11.76505371 2.729580663e-16)
(-1.663290842 -11.93558368 5.104552117e-17)
(-1.703253755 -12.10585667 1.075977215e-16)
(-1.743804201 -12.27587861 -7.25322097e-16)
(-1.784941302 -12.44565393 -1.563917204e-15)
(-1.826664196 -12.6151863 -1.283450531e-15)
(-1.868971961 -12.78447731 -5.776322065e-16)
(-1.911863784 -12.95352767 -1.432622527e-16)
(-1.955339056 -13.12233794 -5.518773786e-16)
(-1.99939699 -13.29090634 -7.331133843e-16)
(-2.044036847 -13.45923114 3.012332993e-17)
(-2.089257843 -13.62730985 -2.45997938e-17)
(-2.135059033 -13.7951393 2.541784363e-17)
(-2.181439446 -13.96271642 -3.107134871e-16)
(-2.228398164 -14.1300384 4.839030825e-16)
(-2.275934254 -14.29710226 -3.527287282e-17)
(-2.324047083 -14.46390684 2.321616022e-16)
(-2.372735924 -14.6304509 1.158025172e-16)
(-2.422000033 -14.79673391 6.954829104e-16)
(-2.4718388 -14.96275664 6.605760107e-16)
(-2.522251464 -15.12851948 5.101766602e-17)
(-2.573237583 -15.29402437 -1.484939165e-17)
(-2.624796563 -15.45927305 1.530280341e-16)
(-2.676927726 -15.62426789 5.472341828e-16)
(-2.72963002 -15.78901055 -1.713561429e-17)
(-2.782902505 -15.95350243 -1.716422706e-17)
(-2.836743833 -16.11774405 -1.602325357e-17)
(-2.891151882 -16.28173384 -1.262043635e-16)
(-2.94612445 -16.44546923 5.653930534e-17)
(-3.001659422 -16.60894474 -3.258117139e-16)
(-3.057754847 -16.77215588 -3.364681011e-16)
(-3.114408078 -16.93509541 -4.206934225e-16)
(-3.171615331 -17.09775545 -9.053601853e-16)
(-3.22937425 -17.26012696 -1.005708715e-16)
(-3.287679053 -17.42220044 -3.756030911e-16)
(-3.346523831 -17.58396093 1.785894743e-16)
(-3.405905712 -17.74539436 1.724181395e-16)
(-3.46582522 -17.90648918 2.89290088e-17)
(-3.526280045 -18.06724228 -3.516789324e-17)
(-3.587262239 -18.22764924 -5.212397975e-17)
(-3.648746972 -18.38774376 1.025376218e-16)
(-3.710525763 -18.54734814 8.381602712e-17)
(-3.773185997 -18.70633654 -3.44617021e-16)
(-3.836422671 -18.86517806 -1.536709606e-16)
(-3.900029776 -19.02372403 -2.509042504e-16)
(-3.9640255 -19.18182349 -1.771111278e-16)
(-4.028536661 -19.33942101 7.103549895e-16)
(-4.093569466 -19.49656341 1.233605375e-15)
(-4.15910619 -19.65324687 1.590340505e-15)
(-4.225138761 -19.80946306 1.564406841e-15)
(-4.291663168 -19.965206 5.581475536e-16)
(-4.358675399 -20.12046709 -3.564111565e-16)
(-4.426171022 -20.27523753 -1.057207208e-15)
(-4.494146384 -20.42950751 -1.96135407e-15)
(-4.562598427 -20.58326614 -2.761390416e-15)
(-4.631524389 -20.73650313 -1.508274261e-15)
(-4.700920123 -20.88920852 1.541172604e-16)
(-4.770782549 -21.0413704 2.526291703e-16)
(-4.84110938 -21.19297965 1.4843517e-16)
(-4.911897055 -21.34402707 6.543222717e-17)
(-4.983140631 -21.49450291 4.952087319e-17)
(-5.05483465 -21.644395 1.182488718e-16)
(-5.1269784 -21.79372512 5.229660138e-16)
(-5.199416598 -21.94240541 2.057065819e-16)
(-5.272439369 -22.09029225 -3.087450075e-16)
(-5.345982344 -22.23766795 -1.419159423e-15)
(-5.41991729 -22.38448395 -1.075006171e-15)
(-5.494194394 -22.53064793 -2.742095395e-16)
(-5.568858533 -22.67608828 -3.92925644e-16)
(-5.643925919 -22.82081238 -9.650976295e-17)
(-5.719393136 -22.96481463 1.349150068e-16)
(-5.7952479 -23.10808734 1.576553337e-16)
(-5.871471102 -23.25060948 7.803521938e-17)
(-5.948062657 -23.39235771 -4.675545136e-17)
(-6.02501111 -23.53332451 -2.366833546e-17)
(-6.102302099 -23.67348566 -3.948023821e-16)
(-6.17992738 -23.81281853 -3.212784474e-16)
(-6.257893621 -23.95132869 -7.075840402e-17)
(-6.336086325 -24.08896542 3.825883326e-16)
(-6.414673329 -24.2256128 2.958635028e-16)
(-6.493615272 -24.36145725 5.747482765e-17)
(-6.57283514 -24.49646878 7.631276018e-17)
(-6.652137368 -24.63060568 -4.104139603e-16)
(-6.731380476 -24.76344499 -1.235942575e-16)
(-6.811584171 -24.89487359 4.440781186e-17)
(-6.892201658 -25.02583092 3.843732092e-17)
(-6.972805188 -25.15599271 1.032795294e-16)
(-7.05326785 -25.28508807 -1.461551084e-16)
(-7.133719843 -25.41273623 1.305973224e-16)
(-7.214831275 -25.53889858 1.905150039e-17)
(-7.296332938 -25.66413906 -5.172861077e-16)
(-7.377803968 -25.78842482 -5.522788493e-16)
(-7.459217069 -25.91144594 -8.102127157e-16)
(-7.540527464 -26.033029 -2.654354888e-16)
(-7.621959331 -26.15296338 -1.188721885e-16)
(-7.70393492 -26.27145097 -5.456938876e-16)
(-7.785832519 -26.38885673 -3.748753235e-16)
(-7.867529326 -26.50463098 -2.050870079e-16)
(-7.949521266 -26.61873587 4.291956485e-17)
(-8.031301471 -26.73158968 5.402566381e-16)
(-8.112840047 -26.84256759 2.60869054e-16)
(-8.194776459 -26.95168433 1.547414679e-16)
(-8.276425368 -27.05949143 7.038509305e-16)
(-8.357838342 -27.16536684 2.768271598e-16)
(-8.439037155 -27.26932554 1.369450651e-16)
(-8.520300238 -27.37124312 7.600230399e-16)
(-8.601345199 -27.47134421 1.064651902e-15)
(-8.682396252 -27.56940406 1.432495785e-15)
(-8.763090339 -27.66572937 1.422094991e-15)
(-8.843417012 -27.75994412 9.923376611e-16)
(-8.923388988 -27.85203811 9.858974023e-16)
(-9.002934183 -27.94190099 5.385061456e-16)
(-9.082076799 -28.02939078 1.98451709e-16)
(-9.160829082 -28.11447765 -4.187802376e-17)
(-9.239170477 -28.19713091 -4.820129135e-16)
(-9.317068775 -28.27731372 -6.578822667e-16)
(-9.394485365 -28.35499015 -4.475516198e-16)
(-9.471358367 -28.43011012 -1.036034323e-16)
(-9.547660423 -28.50266772 5.688443355e-17)
(-9.622998046 -28.57251721 9.015930964e-19)
(-9.697986951 -28.63915807 -7.269800085e-17)
(-9.772394809 -28.70322267 1.167214224e-16)
(-9.846184062 -28.76451481 9.052502793e-17)
(-9.91936187 -28.82312766 4.880908113e-16)
(-9.991727084 -28.8791509 4.178594678e-16)
(-10.06286233 -28.93230891 2.326916189e-16)
(-10.13342078 -28.98210224 1.000940214e-16)
(-10.20315116 -29.02910537 -1.604226819e-16)
(-10.27208472 -29.07299197 -3.861038099e-16)
(-10.34020403 -29.11395905 -1.049640134e-16)
(-10.40689971 -29.15193042 -1.031890592e-16)
(-10.47211263 -29.18631345 -3.482993724e-16)
(-10.53540085 -29.21677335 -1.970956253e-18)
(-10.59728355 -29.24258826 2.304793442e-17)
)
;
    }
    outlet
    {
        type            calculated;
        value           nonuniform 0();
    }
    front
    {
        type            wedge;
    }
    back
    {
        type            wedge;
    }
    procBoundary1to0
    {
        type            processor;
        value           uniform (0 0 0);
    }
    procBoundary1to2
    {
        type            processor;
        value           uniform (0 0 0);
    }
    procBoundary1to3
    {
        type            processor;
        value           uniform (0 0 0);
    }
}


// ************************************************************************* //
