/*--------------------------------*- C++ -*----------------------------------*\
| =========                 |                                                 |
| \\      /  F ield         | OpenFOAM: The Open Source CFD Toolbox           |
|  \\    /   O peration     | Version:  v1706                                 |
|   \\  /    A nd           | Web:      www.OpenFOAM.com                      |
|    \\/     M anipulation  |                                                 |
\*---------------------------------------------------------------------------*/
FoamFile
{
    version     2.0;
    format      ascii;
    class       volVectorField;
    location    "0.00155";
    object      wallShearStress;
}
// * * * * * * * * * * * * * * * * * * * * * * * * * * * * * * * * * * * * * //

dimensions      [1 -1 -2 0 0 0 0];


internalField   uniform (0 0 0);

boundaryField
{
    inlet
    {
        type            calculated;
        value           nonuniform 0();
    }
    object
    {
        type            calculated;
        value           nonuniform List<vector> 
204
(
(-11.57737844 -31.83843876 -2.213886094e-16)
(-11.64495811 -31.86659295 3.643581101e-17)
(-11.70687232 -31.88773397 1.412859657e-16)
(-11.75824493 -31.90070786 7.147216517e-16)
(-11.80070853 -31.91520356 -2.617970183e-16)
(-11.83520378 -31.941755 -8.07866042e-17)
(-11.86525993 -31.98481311 9.006409461e-17)
(-11.89354612 -32.03911787 1.06497817e-16)
(-11.92127105 -32.10034951 -5.073570135e-18)
(-11.94922309 -32.16624005 -1.300028422e-16)
(-11.97770411 -32.23555912 9.029769058e-16)
(-12.00679263 -32.307632 1.686919012e-15)
(-12.03644003 -32.38203861 1.993625831e-15)
(-12.06656973 -32.45847951 1.570303842e-15)
(-12.09696601 -32.53668526 8.417551376e-16)
(-12.12791138 -32.61640487 5.563564261e-16)
(-12.15937902 -32.69768469 3.938648782e-17)
(-12.19130476 -32.78043759 1.012180459e-16)
(-12.22363043 -32.86462638 1.575377561e-16)
(-12.2563687 -32.9501474 1.769985003e-16)
(-12.28953499 -33.0369947 2.221009391e-17)
(-12.32319315 -33.12509207 1.504711311e-16)
(-12.35739712 -33.2145309 5.090259674e-16)
(-12.39199747 -33.30523936 6.609711268e-16)
(-12.42672244 -33.39724591 1.700070249e-16)
(-12.46201774 -33.49016613 1.166847067e-16)
(-12.49760669 -33.58460748 5.526882651e-17)
(-12.53407946 -33.67989303 1.328285492e-16)
(-12.57086916 -33.77682676 5.160115779e-16)
(-12.60813451 -33.87474309 2.613224425e-16)
(-12.6455194 -33.9739748 -2.331426563e-17)
(-12.68330304 -34.07419506 -5.223159246e-16)
(-12.72146298 -34.17562154 -2.959983889e-16)
(-12.76013997 -34.27827598 -2.212448146e-16)
(-12.79923008 -34.38216241 -7.29102253e-17)
(-12.83871971 -34.48723784 -1.846029874e-17)
(-12.87871925 -34.59347246 -5.373887327e-17)
(-12.91927419 -34.70103801 -5.243813918e-16)
(-12.96017492 -34.80994554 -1.90845206e-16)
(-13.00143536 -34.91997712 -2.188887232e-17)
(-13.04325921 -35.03118947 6.90358798e-17)
(-13.08555362 -35.14379807 -5.49034007e-17)
(-13.12807629 -35.257695 3.496351456e-16)
(-13.17138854 -35.37262099 -2.719871528e-16)
(-13.21533295 -35.48901371 -5.345573226e-17)
(-13.25979869 -35.60680961 7.347307593e-18)
(-13.30469397 -35.7260407 2.575970302e-17)
(-13.35021794 -35.84658193 5.084481113e-16)
(-13.39610494 -35.96864851 2.071663617e-16)
(-13.44267609 -36.09197308 -2.517981718e-16)
(-13.48951433 -36.21687913 -3.456126687e-17)
(-13.53691121 -36.34308909 -2.707686431e-16)
(-13.58484087 -36.47077519 -5.873846737e-17)
(-13.63338297 -36.59995311 -6.598833201e-18)
(-13.68253524 -36.73068857 5.933627621e-17)
(-13.73229823 -36.86300911 1.194924497e-16)
(-13.78268214 -36.99694348 1.050660228e-16)
(-13.83370004 -37.13252755 3.878436351e-16)
(-13.88536832 -37.26979863 1.534157999e-16)
(-13.93770429 -37.40879919 1.056751499e-16)
(-13.99073011 -37.54957617 3.73078165e-17)
(-14.04447367 -37.69218708 6.678527898e-17)
(-14.09895419 -37.83669297 9.635969159e-17)
(-14.1542163 -37.9831558 -6.961385623e-17)
(-14.21027421 -38.13165215 1.548091876e-17)
(-14.26723239 -38.28225363 7.124346604e-17)
(-14.32508401 -38.43516855 3.767097587e-16)
(-14.3837578 -38.59044362 2.188520845e-16)
(-14.44347701 -38.74826486 9.619960585e-17)
(-14.50346954 -38.90880961 2.183582491e-16)
(-14.5651014 -39.07099326 1.428542847e-16)
(-14.62830801 -39.23648879 4.19300139e-17)
(-14.69318535 -39.40517231 7.655714527e-17)
(-14.75922622 -39.57801647 1.548810554e-16)
(-14.82635206 -39.75434874 2.408185673e-17)
(-14.89576367 -39.93411516 9.79621943e-17)
(-14.96733246 -40.11893589 3.887279175e-16)
(-15.04054491 -40.30894893 3.817146222e-16)
(-15.11588799 -40.50399481 2.112574617e-16)
(-15.19378565 -40.70472236 8.945156899e-17)
(-15.27446784 -40.91176277 1.339337256e-16)
(-15.35820389 -41.12577957 1.216421716e-16)
(-15.44529716 -41.34746637 6.0174536e-16)
(-15.53612904 -41.57760867 2.984085398e-16)
(-15.63113372 -41.81713171 1.749968061e-16)
(-15.73077161 -42.06710599 3.671709563e-16)
(-15.83539995 -42.32874948 1.662106468e-16)
(-15.94527575 -42.60314095 4.767166993e-17)
(-16.06173111 -42.89113663 7.129546253e-18)
(-16.18472341 -43.19475146 -1.689671677e-16)
(-16.31455136 -43.51497176 -2.718191999e-16)
(-16.45346449 -43.85292505 -1.26443506e-16)
(-16.60230859 -44.21268743 -3.50621368e-16)
(-16.76284017 -44.59634616 -4.161409019e-16)
(-16.93583523 -45.00794777 -1.171895659e-16)
(-17.1224572 -45.45058874 -2.337938713e-17)
(-17.32654569 -45.92757234 3.371997399e-17)
(-17.5503536 -46.44597777 2.068443475e-16)
(-17.79971554 -47.01221021 2.200117045e-16)
(-18.0781582 -47.63784052 1.49662957e-16)
(-18.39873832 -48.33287916 1.79429575e-16)
(-18.77284151 -49.1217946 2.352173762e-16)
(-19.23916871 -50.02213698 3.021369435e-16)
(-19.89488466 -51.06112953 1.659323182e-16)
(-20.80856216 -52.06656458 2.198456557e-16)
(-21.68873248 -53.01230826 1.450299844e-16)
(-22.58251189 -53.83882957 1.269535034e-16)
(-23.49581434 -54.54444002 1.610447098e-16)
(-24.41555838 -55.13913303 1.379732101e-16)
(-25.33927444 -55.63831557 9.224614328e-17)
(-26.2711097 -56.0565344 6.616253915e-17)
(-27.20564196 -56.41612349 1.111014123e-16)
(-28.13494154 -56.71936554 -1.465190797e-16)
(-29.05729019 -56.96831929 8.111862946e-17)
(-29.9789319 -57.16327854 1.311224683e-16)
(-30.90167538 -57.31882716 1.812284754e-16)
(-31.82080729 -57.43959505 2.042817954e-16)
(-32.73160021 -57.52588928 1.761271134e-16)
(-33.63270187 -57.57130134 8.730001809e-17)
(-34.53019197 -57.57595723 -4.565435172e-17)
(-35.42844904 -57.55487207 5.586498907e-17)
(-36.31999652 -57.50815559 1.784334596e-16)
(-37.20086368 -57.43453186 1.873330148e-16)
(-38.06937153 -57.3241499 1.034081408e-16)
(-38.93179091 -57.18676968 2.443218718e-17)
(-39.78552563 -57.00951762 8.763845263e-17)
(-40.67493553 -56.82986874 1.157534225e-16)
(-41.54816935 -56.64290602 1.074710917e-16)
(-42.39205556 -56.42723633 1.832121856e-16)
(-43.21838755 -56.17903379 8.515230973e-17)
(-44.03463533 -55.90349989 -3.084643743e-17)
(-44.84237673 -55.60543486 -5.552580376e-17)
(-45.63899734 -55.2879224 3.1733209e-17)
(-46.42122432 -54.94396224 2.495760647e-17)
(-47.1944551 -54.58032993 1.060277048e-16)
(-47.95354405 -54.19828676 1.985278154e-16)
(-48.69563042 -53.78923943 2.324103279e-16)
(-49.43438598 -53.3669184 3.993811762e-16)
(-50.15643654 -52.92551874 1.673784061e-16)
(-50.86037626 -52.4602678 1.575810028e-16)
(-51.55244253 -51.97616721 -1.681419935e-17)
(-52.23247673 -51.47663952 9.175003279e-17)
(-52.89916391 -50.96522637 1.412812688e-16)
(-53.54754633 -50.43503607 1.513700052e-16)
(-54.18033406 -49.88491873 2.54776432e-16)
(-54.79970639 -49.31870201 2.807996735e-16)
(-55.40653149 -48.74026329 2.574923609e-16)
(-55.99917509 -48.15169091 1.399026124e-16)
(-56.57560857 -47.54878163 1.093609051e-16)
(-57.13632319 -46.93310184 1.839783595e-16)
(-57.68116325 -46.30081162 2.058515747e-16)
(-58.21428782 -45.65912038 7.243711968e-17)
(-58.73395628 -45.00928394 1.488020194e-16)
(-59.23805477 -44.35173127 1.445600483e-16)
(-59.72557735 -43.68117245 1.163877535e-17)
(-60.19985225 -43.00217205 5.118585453e-17)
(-60.65921864 -42.31548078 1.526734216e-16)
(-61.10363145 -41.61800445 1.998796855e-16)
(-61.53575348 -40.91471795 2.008323843e-16)
(-61.9535145 -40.20529269 1.898777052e-16)
(-62.35722104 -39.48837493 1.953862033e-16)
(-62.74756255 -38.76660738 1.789957712e-16)
(-63.1233677 -38.03684378 1.410150484e-16)
(-63.48668382 -37.30397152 1.396153858e-16)
(-63.83574505 -36.56343288 2.19100503e-16)
(-64.17381516 -35.82094423 1.905861145e-16)
(-64.49817152 -35.0766437 1.257259959e-16)
(-64.80780219 -34.32411891 1.014523745e-16)
(-65.10736598 -33.57083341 9.848548855e-17)
(-65.39389582 -32.81690563 1.81513155e-16)
(-65.66627135 -32.05618237 1.638290067e-16)
(-65.92894507 -31.29548009 1.478726494e-16)
(-66.17918877 -30.53435207 1.296622797e-16)
(-66.41604342 -29.76947309 1.530596937e-16)
(-66.64195134 -29.00240563 1.401993606e-16)
(-66.8577099 -28.23591225 1.205425789e-16)
(-67.06223676 -27.47064951 1.669638146e-16)
(-67.25402991 -26.70331675 1.572103043e-16)
(-67.43519633 -25.93413869 1.108855637e-16)
(-67.60651266 -25.16667277 1.120527869e-16)
(-67.76637111 -24.39803736 1.084582155e-16)
(-67.91675502 -23.63068894 1.087299758e-16)
(-68.05646795 -22.86380356 1.066591139e-16)
(-68.18611151 -22.0979449 7.733286916e-17)
(-68.30595961 -21.3326911 9.369118745e-17)
(-68.41606698 -20.56962109 1.062061549e-16)
(-68.51609395 -19.80680618 2.57701672e-17)
(-68.60728429 -19.04584821 -4.015478857e-17)
(-68.68898253 -18.28653637 -2.348589311e-17)
(-68.76148605 -17.52910364 -1.576651835e-17)
(-68.82504753 -16.77327215 -1.016035556e-18)
(-68.88006675 -16.01969248 -3.921043691e-17)
(-68.92645097 -15.26827078 2.730473364e-17)
(-68.96445671 -14.51923215 3.597824134e-17)
(-68.99426289 -13.77249747 4.976606357e-17)
(-69.01617099 -13.0284915 5.833902428e-17)
(-69.03019797 -12.28714052 4.15658076e-17)
(-69.03659362 -11.54876127 1.877967587e-17)
(-69.03543777 -10.81321637 1.356475895e-17)
(-69.0270153 -10.08087954 2.261747437e-17)
(-69.01134091 -9.351575003 4.782900012e-17)
(-68.98871672 -8.625680071 4.056587597e-17)
(-68.95966361 -7.902992566 5.762768553e-17)
(-69.16022445 -7.256983839 5.174895457e-17)
)
;
    }
    outlet
    {
        type            calculated;
        value           uniform (0 0 0);
    }
    front
    {
        type            wedge;
    }
    back
    {
        type            wedge;
    }
    procBoundary3to1
    {
        type            processor;
        value           uniform (0 0 0);
    }
    procBoundary3to2
    {
        type            processor;
        value           uniform (0 0 0);
    }
}


// ************************************************************************* //
