/*--------------------------------*- C++ -*----------------------------------*\
| =========                 |                                                 |
| \\      /  F ield         | OpenFOAM: The Open Source CFD Toolbox           |
|  \\    /   O peration     | Version:  v1706                                 |
|   \\  /    A nd           | Web:      www.OpenFOAM.com                      |
|    \\/     M anipulation  |                                                 |
\*---------------------------------------------------------------------------*/
FoamFile
{
    version     2.0;
    format      ascii;
    class       volVectorField;
    location    "0.00161";
    object      wallShearStress;
}
// * * * * * * * * * * * * * * * * * * * * * * * * * * * * * * * * * * * * * //

dimensions      [1 -1 -2 0 0 0 0];


internalField   uniform (0 0 0);

boundaryField
{
    inlet
    {
        type            calculated;
        value           nonuniform 0();
    }
    object
    {
        type            calculated;
        value           nonuniform List<vector> 
196
(
(-0.4216106804 -0.2062596941 -6.247037979e-15)
(-0.4019664044 -0.3474832888 -1.607174273e-14)
(-0.404988142 -0.5441977345 -4.052535882e-14)
(-0.4070167291 -0.7480481946 -3.056867151e-14)
(-0.4096437722 -0.9541783459 -1.691270324e-14)
(-0.4129052678 -1.161148015 6.887872438e-15)
(-0.4167950957 -1.368362548 1.969209869e-14)
(-0.4212663392 -1.575459335 2.507949865e-14)
(-0.4263391196 -1.782182195 2.418496782e-14)
(-0.4320301025 -1.988371712 1.576817212e-14)
(-0.4383482652 -2.193911991 1.316329881e-14)
(-0.445282135 -2.398704491 2.140921385e-15)
(-0.4528218612 -2.602663078 -1.781617281e-15)
(-0.4609438002 -2.805683572 -1.82716781e-17)
(-0.4696879759 -3.007684666 -3.178714626e-16)
(-0.4790610639 -3.208638408 -9.88638853e-16)
(-0.4890561256 -3.408507865 -5.704396684e-15)
(-0.499679856 -3.607261613 -9.118431276e-15)
(-0.5109357011 -3.804886914 -1.562743248e-14)
(-0.522823589 -4.001374363 -1.919480262e-14)
(-0.5353504849 -4.196723049 -2.231719151e-14)
(-0.5485174976 -4.390945901 -1.919758292e-14)
(-0.5623219468 -4.584055071 -1.470370489e-14)
(-0.5767683388 -4.776066738 -8.847522407e-15)
(-0.5918602387 -4.967008054 -2.65074437e-15)
(-0.6075976495 -5.15690945 -3.065078268e-16)
(-0.6239811007 -5.345802482 1.436268221e-16)
(-0.6410108857 -5.5337218 3.543932162e-17)
(-0.6586859372 -5.720703156 -4.703441051e-17)
(-0.6770061292 -5.906783456 -1.440435527e-15)
(-0.6959697632 -6.091999999 -1.077229277e-18)
(-0.7155767267 -6.276389004 1.583247724e-15)
(-0.7358256727 -6.459987475 8.032258142e-16)
(-0.7567146324 -6.64283043 -5.247075982e-16)
(-0.7782412661 -6.824951048 -1.597762268e-15)
(-0.8004038448 -7.006381409 -1.156906776e-16)
(-0.8232012369 -7.18715336 5.304220263e-17)
(-0.8466321795 -7.367298134 5.955255013e-17)
(-0.8706946046 -7.546845376 5.405874783e-16)
(-0.8953853763 -7.725821998 2.116984536e-15)
(-0.9207011296 -7.90425222 6.787376645e-16)
(-0.9466396507 -8.082158852 6.434513727e-17)
(-0.9731999569 -8.259564475 4.654595424e-18)
(-1.00038084 -8.436491138 8.79120803e-17)
(-1.02818033 -8.612959331 1.679177138e-15)
(-1.056595771 -8.78898738 1.535015487e-15)
(-1.085624377 -8.964591876 4.427726688e-16)
(-1.115263936 -9.139788447 7.541761456e-16)
(-1.145513165 -9.314592792 -8.460623832e-17)
(-1.176371157 -9.489020683 -6.721251025e-17)
(-1.207836562 -9.663087212 9.655994751e-17)
(-1.239907476 -9.836806167 5.010214809e-16)
(-1.272581837 -10.01018972 1.677414021e-15)
(-1.305857862 -10.18324884 1.393812509e-15)
(-1.339734381 -10.35599443 3.573324783e-15)
(-1.374210431 -10.52843584 1.337207701e-15)
(-1.409285043 -10.70058229 5.938499687e-17)
(-1.444956787 -10.87244094 -1.275874262e-15)
(-1.481224083 -11.04401786 -1.270430029e-15)
(-1.518085282 -11.2153168 -2.867752823e-16)
(-1.555539118 -11.38634163 -2.346397603e-16)
(-1.593584284 -11.55709397 1.648330187e-16)
(-1.632219571 -11.72757524 2.797294437e-16)
(-1.671443547 -11.89778555 6.029275628e-17)
(-1.711254528 -12.06772398 1.368922933e-16)
(-1.751650779 -12.23738902 -7.574625557e-16)
(-1.792630588 -12.40677839 -1.590050746e-15)
(-1.834192526 -12.57589037 -1.253511095e-15)
(-1.876335255 -12.74472274 -5.506466542e-16)
(-1.91905761 -12.913274 -1.486386194e-16)
(-1.962358665 -13.0815441 -5.84247657e-16)
(-2.006237371 -13.24953227 -7.331560543e-16)
(-2.050692826 -13.41723933 5.392983133e-17)
(-2.095724215 -13.58466679 5.76348158e-18)
(-2.141330758 -13.75181668 2.66151528e-17)
(-2.187511877 -13.91869201 -2.888916757e-16)
(-2.234267157 -14.08529661 4.965682081e-16)
(-2.281596116 -14.2516341 -3.60603875e-17)
(-2.329498456 -14.41770939 2.137511196e-16)
(-2.377973663 -14.58352642 1.16263857e-16)
(-2.427021076 -14.7490888 6.79372927e-16)
(-2.476640011 -14.91440018 6.851580046e-16)
(-2.526829394 -15.07946248 2.879077742e-17)
(-2.577588173 -15.24427768 -1.566494089e-17)
(-2.628915012 -15.40884601 1.551148919e-16)
(-2.680808492 -15.57316723 5.416961709e-16)
(-2.73326697 -15.7372398 -1.771580713e-17)
(-2.786288746 -15.90106172 -1.786201884e-17)
(-2.839871874 -16.0646299 -4.179983144e-17)
(-2.894014207 -16.22794001 -3.467222756e-17)
(-2.948713582 -16.39098816 9.600795551e-17)
(-3.003967443 -16.55376828 -3.007987323e-16)
(-3.059773558 -16.71627555 -3.621060803e-16)
(-3.116129461 -16.87850309 -3.756046954e-16)
(-3.173032855 -17.04044519 -8.9122403e-16)
(-3.23048149 -17.20209587 -1.050797679e-16)
(-3.288472933 -17.36344866 -3.54891203e-16)
(-3.347004337 -17.52449617 1.780751584e-16)
(-3.406072866 -17.68523142 1.931060615e-16)
(-3.465675838 -17.84564494 -1.306842893e-17)
(-3.525812122 -18.00573097 -3.362881842e-17)
(-3.586478989 -18.16548849 -7.276663666e-17)
(-3.647647823 -18.32495326 1.021058272e-16)
(-3.709122668 -18.48395083 8.40277513e-17)
(-3.771465202 -18.64235598 -3.359757133e-16)
(-3.834402947 -18.80061224 -1.362076473e-16)
(-3.89774344 -18.95860419 -2.531108434e-16)
(-3.961444305 -19.11618689 -1.198194226e-16)
(-4.025663994 -19.27326286 7.068214594e-16)
(-4.090417197 -19.42989552 1.120089036e-15)
(-4.155681807 -19.5860842 1.570333045e-15)
(-4.221444824 -19.74181854 1.544514333e-15)
(-4.287698739 -19.8970873 5.223030907e-16)
(-4.354438229 -20.05187664 -3.340796292e-16)
(-4.421659327 -20.20617489 -8.85234702e-16)
(-4.489358265 -20.3599718 -1.769928782e-15)
(-4.557530682 -20.51325607 -2.78367571e-15)
(-4.626171966 -20.66601592 -1.538487727e-15)
(-4.695277426 -20.81823972 2.984468664e-16)
(-4.764841906 -20.96991469 2.344533825e-16)
(-4.834860444 -21.12102845 1.382747701e-16)
(-4.905327745 -21.27156783 6.684658958e-17)
(-4.976239407 -21.42152067 1.117775478e-16)
(-5.04758783 -21.5708748 1.097538429e-16)
(-5.119367593 -21.71964695 5.264291101e-16)
(-5.191429969 -21.86774647 1.967310664e-16)
(-5.264056125 -22.01503337 -2.677118473e-16)
(-5.337187176 -22.16177925 -1.286709602e-15)
(-5.410700025 -22.30794253 -9.710869771e-16)
(-5.484529986 -22.45343214 -2.810454107e-16)
(-5.558729967 -22.59816314 -3.320229824e-16)
(-5.633318275 -22.74214881 -1.459050761e-16)
(-5.708285742 -22.88537919 8.686874265e-17)
(-5.783622404 -23.0278372 1.341858402e-16)
(-5.859317782 -23.16950396 7.801565332e-17)
(-5.935361494 -23.31035829 -4.589660578e-17)
(-6.011743194 -23.45037757 2.220297608e-17)
(-6.088454537 -23.58953883 -3.883700006e-16)
(-6.165479758 -23.72781688 -3.44808166e-16)
(-6.242821375 -23.86520205 -8.141798963e-17)
(-6.320374877 -24.00163936 3.551235497e-16)
(-6.3982914 -24.13701687 3.267318361e-16)
(-6.476535468 -24.27150085 5.704552857e-17)
(-6.555026752 -24.40506173 7.495888691e-17)
(-6.6335721 -24.53764678 -3.993189047e-16)
(-6.71203227 -24.66883861 -1.176377261e-16)
(-6.791416479 -24.79853002 3.6551339e-17)
(-6.871181084 -24.92764758 6.169829153e-17)
(-6.950898988 -25.05586878 1.041884418e-16)
(-7.030456313 -25.18292951 -1.555593459e-16)
(-7.109951567 -25.30847035 1.44289719e-16)
(-7.190051347 -25.43242915 1.765089335e-17)
(-7.270515152 -25.55536552 -4.86401483e-16)
(-7.350943315 -25.67727901 -5.592765473e-16)
(-7.43128012 -25.7978892 -8.372887106e-16)
(-7.51149008 -25.91700924 -2.807527652e-16)
(-7.591772267 -26.03443373 -1.401388485e-16)
(-7.672549261 -26.15033011 -5.929391389e-16)
(-7.75324324 -26.26507072 -4.21460181e-16)
(-7.833720787 -26.37818746 -2.191284659e-16)
(-7.914461547 -26.48962915 4.96299574e-17)
(-7.994957646 -26.59969148 5.425413394e-16)
(-8.075310828 -26.70790673 2.502960821e-16)
(-8.155766421 -26.81438768 1.476453511e-16)
(-8.235951619 -26.91920351 7.092396203e-16)
(-8.316137798 -27.02206885 2.708035135e-16)
(-8.396113194 -27.12322111 1.438726184e-16)
(-8.475971297 -27.22239805 7.343160988e-16)
(-8.555623272 -27.31965792 1.065157197e-15)
(-8.635303948 -27.41492369 1.395756099e-15)
(-8.714613171 -27.50846947 1.424013454e-15)
(-8.79353553 -27.59989605 1.022312393e-15)
(-8.872097539 -27.68919202 9.721055533e-16)
(-8.950284232 -27.77626417 5.515032575e-16)
(-9.028123598 -27.86104954 2.167625039e-16)
(-9.105601994 -27.94354895 -4.056365108e-17)
(-9.18268015 -28.02373719 -4.784092969e-16)
(-9.259329538 -28.10158281 -6.308609226e-16)
(-9.335502105 -28.17705072 -3.837578661e-16)
(-9.411225151 -28.25013846 -9.854806688e-17)
(-9.486174998 -28.32084245 4.465997744e-17)
(-9.560586772 -28.38875136 -1.189531762e-17)
(-9.634853324 -28.45414011 -6.854228195e-17)
(-9.708559892 -28.51733922 1.111348109e-16)
(-9.781740698 -28.57802071 9.036128259e-17)
(-9.854397424 -28.63631446 5.00661066e-16)
(-9.926297824 -28.69223796 4.137811022e-16)
(-9.997070833 -28.74547568 2.443034575e-16)
(-10.06734853 -28.79560756 1.051926793e-16)
(-10.13676632 -28.84311702 -1.784642288e-16)
(-10.20540861 -28.88750395 -3.5238108e-16)
(-10.27318561 -28.92904687 -9.06138835e-17)
(-10.33953177 -28.96742259 -1.036233215e-16)
(-10.40465953 -29.00216878 -3.553067492e-16)
(-10.46783967 -29.03320282 1.263265544e-17)
(-10.52952681 -29.05949948 4.802143738e-17)
)
;
    }
    outlet
    {
        type            calculated;
        value           nonuniform 0();
    }
    front
    {
        type            wedge;
    }
    back
    {
        type            wedge;
    }
    procBoundary1to0
    {
        type            processor;
        value           uniform (0 0 0);
    }
    procBoundary1to2
    {
        type            processor;
        value           uniform (0 0 0);
    }
    procBoundary1to3
    {
        type            processor;
        value           uniform (0 0 0);
    }
}


// ************************************************************************* //
