/*--------------------------------*- C++ -*----------------------------------*\
| =========                 |                                                 |
| \\      /  F ield         | OpenFOAM: The Open Source CFD Toolbox           |
|  \\    /   O peration     | Version:  v1706                                 |
|   \\  /    A nd           | Web:      www.OpenFOAM.com                      |
|    \\/     M anipulation  |                                                 |
\*---------------------------------------------------------------------------*/
FoamFile
{
    version     2.0;
    format      ascii;
    class       volVectorField;
    location    "0.00222";
    object      wallShearStress;
}
// * * * * * * * * * * * * * * * * * * * * * * * * * * * * * * * * * * * * * //

dimensions      [1 -1 -2 0 0 0 0];


internalField   uniform (0 0 0);

boundaryField
{
    inlet
    {
        type            calculated;
        value           nonuniform 0();
    }
    object
    {
        type            calculated;
        value           nonuniform List<vector> 
196
(
(-0.1930280242 -0.09081262128 0.002075404032)
(-0.1836634456 -0.148824788 0.002090652194)
(-0.185029397 -0.2306717365 0.002108845075)
(-0.1861820848 -0.3164541248 0.002131908428)
(-0.1876275841 -0.4036286267 0.002159944461)
(-0.18939966 -0.4915301975 0.002192727687)
(-0.1914973506 -0.579911793 0.002229910763)
(-0.1939160104 -0.6686596035 0.002271096649)
(-0.1966511755 -0.7577117732 0.00231586589)
(-0.1996990638 -0.8470292777 0.002363793724)
(-0.2030565866 -0.9365837702 0.002414459563)
(-0.2067212798 -1.026352174 0.002467449397)
(-0.2106911589 -1.11631399 0.002522359072)
(-0.2149646924 -1.206450008 0.002578799466)
(-0.2195406795 -1.296741672 0.002636392777)
(-0.2244182309 -1.387170803 0.002694773936)
(-0.2295966876 -1.477719499 0.002753593544)
(-0.2350756137 -1.568370147 0.00281251411)
(-0.2408547342 -1.659105482 0.00287121047)
(-0.2469339466 -1.749908644 0.002929371359)
(-0.2533132568 -1.840763379 0.002986696468)
(-0.2599927456 -1.931653992 0.003042896754)
(-0.2669725664 -2.022565471 0.003097693323)
(-0.2742529694 -2.113483622 0.003150817809)
(-0.2818342432 -2.204394999 0.00320201087)
(-0.2897167315 -2.295287159 0.003251021614)
(-0.2979008007 -2.386148468 0.003297608101)
(-0.3063868514 -2.47696844 0.003341535421)
(-0.315175286 -2.567737346 0.003382575319)
(-0.3242665041 -2.658446614 0.003420508262)
(-0.3336609542 -2.749088547 0.003455119269)
(-0.3433590623 -2.839656448 0.003486199018)
(-0.3533612794 -2.930144636 0.003513543844)
(-0.3636680449 -3.020548271 0.003536954818)
(-0.3742798345 -3.110863515 0.003556237344)
(-0.3851970722 -3.201087355 0.00357120512)
(-0.3964201807 -3.291217524 0.003581671459)
(-0.4079496364 -3.381252672 0.003587450105)
(-0.419785844 -3.471192081 0.003588362718)
(-0.4319293005 -3.561035798 0.003584232687)
(-0.4443804743 -3.650784547 0.003574887602)
(-0.457139784 -3.740439608 0.003560156716)
(-0.4702076754 -3.830002816 0.003539864658)
(-0.4835845987 -3.9194764 0.003513847131)
(-0.4972711219 -4.008863308 0.003481941511)
(-0.5112676356 -4.098166685 0.003443977518)
(-0.5255746633 -4.187390066 0.003399796971)
(-0.5401927221 -4.276537452 0.00334923425)
(-0.5551223196 -4.365613026 0.00329212492)
(-0.570363938 -4.454621222 0.003228305149)
(-0.5859181337 -4.543566571 0.003157624216)
(-0.601785441 -4.632454014 0.003079920461)
(-0.6179664462 -4.721288384 0.002995032043)
(-0.6344617151 -4.810074743 0.002902804565)
(-0.6512717859 -4.898818401 0.002803070624)
(-0.6683972722 -4.987524175 0.002695673602)
(-0.6858387718 -5.076197391 0.00258045764)
(-0.7035969734 -5.164843228 0.002457253336)
(-0.7216725494 -5.253467013 0.002325914204)
(-0.7400660495 -5.342073618 0.002186275838)
(-0.758778166 -5.430668387 0.002038171277)
(-0.777809576 -5.519256018 0.001881438402)
(-0.7971610066 -5.607841399 0.001715918252)
(-0.8168331062 -5.696429464 0.001541451038)
(-0.8368265162 -5.785024735 0.001357873239)
(-0.8571420814 -5.873631776 0.001165026766)
(-0.8777804967 -5.962254938 0.0009627399879)
(-0.8987424793 -6.050898671 0.0007508629795)
(-0.9200287421 -6.139566724 0.0005292249139)
(-0.9416400222 -6.228263133 0.0002976528245)
(-0.9635770842 -6.316991848 5.598261e-05)
(-0.9858406369 -6.405756113 -0.0001959470079)
(-1.008431524 -6.494559527 -0.0004582977615)
(-1.031350463 -6.58340543 -0.0007312566819)
(-1.054598107 -6.672296651 -0.001014975674)
(-1.078175378 -6.761236113 -0.001309627847)
(-1.102082988 -6.850226649 -0.001615385545)
(-1.126321664 -6.939270546 -0.001932417198)
(-1.150892068 -7.028370418 -0.002260896836)
(-1.175795075 -7.117528286 -0.002600973547)
(-1.201031292 -7.206745993 -0.002952830796)
(-1.226601502 -7.296025516 -0.003316647311)
(-1.252506371 -7.385368162 -0.003692567901)
(-1.278746804 -7.474775693 -0.004080795094)
(-1.305323269 -7.564249112 -0.004481496776)
(-1.332236574 -7.653789562 -0.004894827668)
(-1.359487352 -7.743397895 -0.005320968602)
(-1.387076379 -7.833074931 -0.005760090769)
(-1.415004169 -7.922821284 -0.006212358081)
(-1.443271342 -8.012637004 -0.006677928683)
(-1.471878667 -8.102522771 -0.007156990608)
(-1.500826608 -8.192478119 -0.007649722055)
(-1.530115918 -8.282503556 -0.008156307635)
(-1.55974701 -8.372598384 -0.008676903636)
(-1.589720489 -8.462762322 -0.009211656224)
(-1.620037003 -8.552994912 -0.009760741083)
(-1.650696989 -8.643295633 -0.01032432992)
(-1.681700797 -8.733663122 -0.01090261634)
(-1.71304912 -8.824096886 -0.01149573369)
(-1.744742267 -8.91459536 -0.01210385748)
(-1.776780707 -9.005157562 -0.01272715988)
(-1.809164833 -9.095782041 -0.01336578633)
(-1.841895114 -9.186467184 -0.0140199127)
(-1.87497176 -9.277211231 -0.0146896968)
(-1.908395155 -9.368012535 -0.0153752858)
(-1.942165753 -9.458869301 -0.01607686914)
(-1.976283467 -9.549779043 -0.01679460603)
(-2.010748801 -9.640739874 -0.01752865038)
(-2.045561875 -9.731749232 -0.01827910733)
(-2.08072296 -9.822805022 -0.01904613899)
(-2.116231993 -9.913904411 -0.01982993485)
(-2.152089289 -10.00504447 -0.0206306001)
(-2.188294894 -10.09622318 -0.02144830603)
(-2.224848824 -10.18743688 -0.02228315124)
(-2.261750927 -10.27868259 -0.0231352998)
(-2.299001307 -10.36995737 -0.02400490459)
(-2.336599897 -10.46125791 -0.02489207342)
(-2.374546632 -10.55258077 -0.02579695079)
(-2.412841297 -10.64392252 -0.02671962503)
(-2.451483567 -10.73527924 -0.02766026246)
(-2.490473253 -10.8266473 -0.02861896227)
(-2.529810226 -10.91802283 -0.02959588666)
(-2.56949393 -11.00940176 -0.03059105592)
(-2.609523924 -11.10077964 -0.0316046345)
(-2.649899893 -11.19215268 -0.03263673695)
(-2.690621419 -11.28351635 -0.03368746757)
(-2.731687736 -11.374866 -0.03475685524)
(-2.773098306 -11.46619691 -0.03584506232)
(-2.814852491 -11.55750456 -0.03695210329)
(-2.856949377 -11.64878338 -0.03807805949)
(-2.899388503 -11.74002921 -0.03922305376)
(-2.942168538 -11.83123606 -0.04038711795)
(-2.985288925 -11.92239894 -0.04157034409)
(-3.028748528 -12.01351239 -0.04277279334)
(-3.072545945 -12.10457053 -0.04399443081)
(-3.116680283 -12.19556742 -0.04523540158)
(-3.161150339 -12.28649747 -0.0464956538)
(-3.205954752 -12.37735421 -0.04777526725)
(-3.251091748 -12.46813101 -0.04907431817)
(-3.296560173 -12.55882221 -0.05039275826)
(-3.34235801 -12.64942012 -0.05173063437)
(-3.38848364 -12.73991798 -0.05308787756)
(-3.434935271 -12.83030874 -0.05446457523)
(-3.481710855 -12.92058513 -0.05586059672)
(-3.528808314 -13.01073966 -0.05727601295)
(-3.576225293 -13.10076339 -0.05871081596)
(-3.623959746 -13.19064943 -0.06016490381)
(-3.67200882 -13.280389 -0.06163831858)
(-3.720369892 -13.36997305 -0.06313085283)
(-3.769040278 -13.45939275 -0.06464251344)
(-3.818016958 -13.54863881 -0.06617320855)
(-3.867296789 -13.63770164 -0.0677228381)
(-3.916876626 -13.72657131 -0.06929137807)
(-3.966752669 -13.81523723 -0.07087871563)
(-4.01692154 -13.90368946 -0.07248475179)
(-4.06737926 -13.99191635 -0.07410926896)
(-4.118121951 -14.07990672 -0.07575226247)
(-4.169145092 -14.16764862 -0.07741357982)
(-4.220444334 -14.2551304 -0.07909294943)
(-4.272014864 -14.34233917 -0.0807902974)
(-4.323851756 -14.42926171 -0.08250538023)
(-4.375949799 -14.51588412 -0.08423804497)
(-4.428303375 -14.60219293 -0.08598816128)
(-4.480906972 -14.68817368 -0.08775546957)
(-4.533754269 -14.7738109 -0.08953969326)
(-4.586839382 -14.85908951 -0.09134062779)
(-4.640155397 -14.94399322 -0.09315804649)
(-4.693695126 -15.02850487 -0.09499179125)
(-4.747451733 -15.11260824 -0.09684151889)
(-4.801417124 -15.19628476 -0.0987069329)
(-4.855583307 -15.27951549 -0.1005877129)
(-4.909941368 -15.36228087 -0.1024835514)
(-4.964482913 -15.44456178 -0.1043942027)
(-5.01919813 -15.52633674 -0.1063192449)
(-5.074076704 -15.60758342 -0.10825849)
(-5.129108567 -15.68827944 -0.1102115377)
(-5.184281932 -15.76840045 -0.1121780571)
(-5.239584869 -15.84792111 -0.1141577385)
(-5.295004439 -15.9268154 -0.1161500798)
(-5.350527077 -16.00505496 -0.1181547902)
(-5.406137676 -16.08260965 -0.1201713171)
(-5.461820083 -16.15944765 -0.1221994066)
(-5.517557465 -16.23553612 -0.1242385829)
(-5.573330581 -16.31083795 -0.1262884255)
(-5.629118811 -16.385314 -0.1283484928)
(-5.684898957 -16.45892115 -0.130418339)
(-5.74064586 -16.53161309 -0.1324975659)
(-5.796330811 -16.60333812 -0.1345855687)
(-5.851920974 -16.67403829 -0.1366819969)
(-5.907379878 -16.74365001 -0.1387865519)
(-5.962664089 -16.81209969 -0.1408987248)
(-6.017722995 -16.87930376 -0.1430181418)
(-6.072495743 -16.9451644 -0.1451447625)
(-6.126908374 -17.00956782 -0.1472786469)
(-6.180864707 -17.07237618 -0.1494202292)
(-6.234231091 -17.13342425 -0.1515706349)
)
;
    }
    outlet
    {
        type            calculated;
        value           nonuniform 0();
    }
    front
    {
        type            wedge;
    }
    back
    {
        type            wedge;
    }
    procBoundary1to0
    {
        type            processor;
        value           uniform (0 0 0);
    }
    procBoundary1to2
    {
        type            processor;
        value           uniform (0 0 0);
    }
    procBoundary1to3
    {
        type            processor;
        value           uniform (0 0 0);
    }
}


// ************************************************************************* //
