/*--------------------------------*- C++ -*----------------------------------*\
| =========                 |                                                 |
| \\      /  F ield         | OpenFOAM: The Open Source CFD Toolbox           |
|  \\    /   O peration     | Version:  v1706                                 |
|   \\  /    A nd           | Web:      www.OpenFOAM.com                      |
|    \\/     M anipulation  |                                                 |
\*---------------------------------------------------------------------------*/
FoamFile
{
    version     2.0;
    format      ascii;
    class       volVectorField;
    location    "0.00376";
    object      wallShearStress;
}
// * * * * * * * * * * * * * * * * * * * * * * * * * * * * * * * * * * * * * //

dimensions      [1 -1 -2 0 0 0 0];


internalField   uniform (0 0 0);

boundaryField
{
    inlet
    {
        type            calculated;
        value           uniform (0 0 0);
    }
    object
    {
        type            calculated;
        value           nonuniform List<vector> 
300
(
(-0.8856426399 -0.8403808043 -5.755981967e-14)
(-0.8414187257 -1.365359443 -4.432669898e-14)
(-0.855698725 -2.102791226 -3.190956627e-14)
(-0.8745810607 -2.866130571 -1.789374135e-14)
(-0.9004692444 -3.630217818 -2.54930935e-14)
(-0.9334892109 -4.387696485 -3.85595137e-14)
(-0.9736203141 -5.135414785 -3.307565306e-14)
(-1.020833217 -5.871795226 -3.701875392e-14)
(-1.075096586 -6.596070162 -3.447480546e-14)
(-1.136373072 -7.307980051 -2.55557769e-14)
(-1.204616684 -8.007616834 -2.102093056e-14)
(-1.279772382 -8.695322448 -1.484102891e-14)
(-1.36177721 -9.371613 -1.078179672e-14)
(-1.450562321 -10.03711884 -4.408603737e-15)
(-1.546055278 -10.69253636 -1.289121559e-14)
(-1.648182287 -11.33859008 -8.557251106e-15)
(-1.756870148 -11.97600331 1.332368043e-16)
(-1.872047777 -12.60547656 4.278262664e-15)
(-1.993647325 -13.22767249 3.552823402e-15)
(-2.121604914 -13.84320606 3.507402562e-15)
(-2.25586103 -14.45263914 9.280535501e-15)
(-2.396360677 -15.05647828 5.997011528e-15)
(-2.543053347 -15.65517517 5.757443985e-16)
(-2.695892869 -16.24912866 1.907446401e-15)
(-2.854837218 -16.83868831 7.143520511e-16)
(-3.019848283 -17.4241586 2.749695406e-15)
(-3.190891669 -18.00580354 -2.036412021e-15)
(-3.367936512 -18.58385166 -4.123257422e-15)
(-3.550955388 -19.15850104 -2.945244204e-15)
(-3.739924224 -19.72992405 -2.444699221e-15)
(-3.934822277 -20.29827197 -9.477043346e-16)
(-4.135632148 -20.86367946 -1.840991405e-15)
(-4.342339722 -21.42626789 -2.964412177e-15)
(-4.554934312 -21.98615001 -3.219213343e-15)
(-4.773408381 -22.54343147 -1.827580131e-15)
(-4.997757267 -23.09821252 -4.379579193e-15)
(-5.227978802 -23.65059013 -4.662982415e-15)
(-5.464072598 -24.20065788 -2.809140027e-15)
(-5.706039036 -24.74850501 -3.079610289e-15)
(-5.953877985 -25.29421259 -3.071532931e-15)
(-6.207586751 -25.83784966 -3.265969583e-15)
(-6.467158811 -26.37947044 -5.258048895e-15)
(-6.732581923 -26.91910698 -3.405203803e-15)
(-7.003836735 -27.45676498 -2.887342154e-15)
(-7.280896111 -27.99241963 -2.131494331e-15)
(-7.563724582 -28.52601104 -1.417542845e-15)
(-7.852279976 -29.05744908 -7.73813265e-16)
(-8.146515572 -29.58661628 -7.827115427e-16)
(-8.446381539 -30.11337332 -1.83307426e-16)
(-8.751828727 -30.63757181 -1.517915085e-15)
(-9.062811518 -31.15906507 -1.44654385e-15)
(-9.379289343 -31.67771566 -1.582405376e-15)
(-9.701228916 -32.19340755 -7.315467685e-16)
(-10.02860579 -32.70605405 -7.719746998e-16)
(-10.36140321 -33.21559731 -1.262898858e-15)
(-10.69961102 -33.72200995 8.493623615e-17)
(-11.04322403 -34.22529174 1.10188604e-15)
(-11.39223753 -34.72545794 5.828495173e-16)
(-11.74664425 -35.22253195 1.754473941e-15)
(-12.10643037 -35.71653098 2.730643103e-15)
(-12.47157212 -36.20745299 1.252442475e-15)
(-12.84203558 -36.69527022 1.108279825e-15)
(-13.21777799 -37.17992527 1.808992241e-16)
(-13.59875109 -37.66133335 6.656624747e-16)
(-13.98490665 -38.13939588 5.475007404e-16)
(-14.37620439 -38.61401834 9.533504423e-16)
(-14.77261262 -39.08511732 -2.425656241e-17)
(-15.17411339 -39.55264249 -1.142206863e-15)
(-15.58070025 -40.01657768 -1.884860325e-15)
(-15.99237256 -40.47693614 -2.416401033e-15)
(-16.40912959 -40.93374864 -2.111809665e-15)
(-16.83096112 -41.38704203 -2.119574674e-15)
(-17.25784305 -41.83682293 -1.71001252e-15)
(-17.68973458 -42.28305894 -1.293542238e-15)
(-18.12658293 -42.72567755 -1.972621255e-15)
(-18.56833417 -43.1645834 -2.553281143e-15)
(-19.0149446 -43.59967871 -1.954958301e-15)
(-19.46639053 -44.03089294 -1.401653461e-15)
(-19.92267473 -44.45821128 -6.537306351e-16)
(-20.38382007 -44.88167489 -6.808412231e-16)
(-20.84985413 -45.30136217 1.431505195e-16)
(-21.32079392 -45.7173619 -2.321316912e-16)
(-21.79662796 -46.12972652 1.30656842e-16)
(-22.27730741 -46.53843522 -3.479212826e-16)
(-22.76275352 -46.94338662 2.771247834e-16)
(-23.25287661 -47.34442213 6.181580186e-16)
(-23.74760102 -47.74137607 1.199522279e-15)
(-24.24688449 -48.13413039 6.225038251e-16)
(-24.75072236 -48.52264659 8.741349326e-18)
(-25.25913066 -48.90695737 -3.086877708e-16)
(-25.77211782 -49.28712132 1.279376715e-17)
(-26.28966414 -49.66317043 5.38926508e-16)
(-26.81170928 -50.03506036 1.085287132e-15)
(-27.33816334 -50.40266949 2.111420805e-15)
(-27.86893833 -50.76584751 1.549717903e-15)
(-28.40397311 -51.12446704 5.163841463e-16)
(-28.9432418 -51.478464 4.453445374e-16)
(-29.48675272 -51.82785532 4.827673786e-16)
(-30.03452213 -52.172698 3.610377021e-16)
(-30.5865495 -52.51304172 -4.073636517e-16)
(-31.14280784 -52.84889362 -1.734981609e-17)
(-31.70323975 -53.18020192 6.06378817e-16)
(-32.26777407 -53.50687416 9.985751965e-16)
(-32.83634603 -53.82881435 5.775199691e-16)
(-33.40891505 -54.14595234 4.659668032e-16)
(-33.98546883 -54.45826748 7.87481991e-16)
(-34.56603287 -54.76581021 3.030623157e-16)
(-35.15064064 -55.0686644 3.831699956e-16)
(-35.73930265 -55.36689487 1.428078607e-16)
(-36.33198372 -55.66049886 -2.775681752e-16)
(-36.92861491 -55.949401 -2.901524092e-16)
(-37.52911349 -56.2334799 4.238879869e-16)
(-38.13343376 -56.51265742 4.517791164e-16)
(-38.74158776 -56.78694597 2.529738059e-16)
(-39.3536108 -57.05641372 9.793056016e-16)
(-39.96954119 -57.32115035 2.840578433e-17)
(-40.5893864 -57.58120123 2.164916601e-16)
(-41.21311055 -57.8365368 6.90288813e-17)
(-41.84065798 -58.08709473 -7.089281371e-16)
(-42.47198811 -58.33283155 -5.46591477e-16)
(-43.10702001 -58.57364688 -1.278187522e-15)
(-43.74568782 -58.80944614 -2.388006563e-16)
(-44.38798271 -59.04021843 -6.359041816e-16)
(-45.03392156 -59.2660052 -1.065846484e-15)
(-45.68351147 -59.48680612 -7.563060439e-16)
(-46.33692607 -59.70281216 -1.508091236e-15)
(-46.99458118 -59.91451718 -1.357775782e-15)
(-47.65755111 -60.12260218 -1.658210186e-15)
(-48.33130731 -60.33406111 -1.349987115e-15)
(-49.01104281 -60.54231487 -1.091896351e-15)
(-49.67918503 -60.72892943 -1.083666247e-15)
(-50.3487533 -60.90744725 -1.178683407e-15)
(-51.02161611 -61.08106685 -6.092156991e-16)
(-51.69828234 -61.250336 -9.25970914e-16)
(-52.37879438 -61.41519877 -1.764353969e-15)
(-53.06306072 -61.57547993 -1.662019447e-15)
(-53.75095601 -61.73099987 -1.69352031e-15)
(-54.44236392 -61.88160725 -1.530930442e-15)
(-55.13717502 -62.02716764 -1.366110225e-15)
(-55.83528332 -62.16755823 -1.301677975e-15)
(-56.53659648 -62.30267721 -1.168234749e-15)
(-57.24102802 -62.43243306 -9.143497854e-16)
(-57.94850041 -62.55674536 -9.367852411e-16)
(-58.65893994 -62.67554102 -6.568867862e-16)
(-59.37228494 -62.78876148 -8.129044788e-16)
(-60.08847691 -62.89635945 -9.895154502e-16)
(-60.80748266 -62.99831045 -1.023212387e-15)
(-61.52926887 -63.09459446 -1.330585288e-15)
(-62.25381693 -63.18520887 -1.009334715e-15)
(-62.98111953 -63.27016272 -4.13235985e-16)
(-63.7111775 -63.34947051 -5.467459826e-16)
(-64.44398761 -63.42314038 -6.796032649e-16)
(-65.17954438 -63.49118035 -6.58310155e-16)
(-65.91784724 -63.55359881 -6.917828904e-16)
(-66.65888048 -63.61038867 -8.68049694e-16)
(-67.40262281 -63.66153594 -1.140134106e-15)
(-68.14905296 -63.7070226 -1.197327647e-15)
(-68.89813096 -63.7468137 -1.21624044e-15)
(-69.64980928 -63.78086928 -1.333415207e-15)
(-70.40405095 -63.80915966 -1.44907805e-15)
(-71.16080686 -63.83164164 -1.192480441e-15)
(-71.92001447 -63.84826389 -1.173136998e-15)
(-72.68162937 -63.85899261 -1.413734166e-15)
(-73.44559853 -63.86378712 -1.152355831e-15)
(-74.21187325 -63.86261328 -9.857573691e-16)
(-74.98041054 -63.85544229 -1.294656232e-15)
(-75.75116036 -63.84224218 -1.019715392e-15)
(-76.52409426 -63.8229992 -1.020248531e-15)
(-77.29918285 -63.79769872 -1.454395615e-15)
(-78.07639235 -63.76632079 -1.272349112e-15)
(-78.85568462 -63.72884671 -1.50387389e-15)
(-79.63705228 -63.6852822 -1.516406923e-15)
(-80.42047232 -63.63561694 -1.807417535e-15)
(-81.20592422 -63.57984529 -1.499349132e-15)
(-81.9933992 -63.51797053 -1.667202152e-15)
(-82.78288451 -63.44999031 -1.645228993e-15)
(-83.5743715 -63.37590508 -1.475421394e-15)
(-84.36784535 -63.29570985 -1.314157514e-15)
(-85.16329129 -63.20939825 -1.325981451e-15)
(-85.96069849 -63.11696475 -1.138383028e-15)
(-86.76004023 -63.01839205 -1.136583967e-15)
(-87.56129869 -62.91366954 -1.028979299e-15)
(-88.36445277 -62.80278238 -1.161056198e-15)
(-89.16946718 -62.68570502 -1.091437364e-15)
(-89.9763062 -62.56241251 -8.875326019e-16)
(-90.78493965 -62.43288329 -8.841327258e-16)
(-91.59531984 -62.29708747 -8.564849061e-16)
(-92.4074115 -62.15499986 -1.104834897e-15)
(-93.22117743 -62.00659559 -8.200861363e-16)
(-94.03657358 -61.85184522 -2.650150785e-16)
(-94.8535508 -61.69071747 -1.029089268e-15)
(-95.67207666 -61.52319422 -5.379420319e-16)
(-96.49210588 -61.34924876 -5.56872844e-16)
(-97.31360609 -61.16886502 -7.244981506e-16)
(-98.1365273 -60.98201356 -5.88110388e-16)
(-98.96084055 -60.78868107 -5.06765704e-16)
(-99.78651505 -60.58885229 -2.321251901e-16)
(-100.6135059 -60.38250483 -5.657890581e-16)
(-101.4417878 -60.16964502 -2.321915547e-16)
(-102.2770852 -59.96175319 -3.249428503e-16)
(-102.8328749 -59.79965983 -3.318518102e-16)
(-103.1223038 -59.58411684 -5.465029483e-16)
(-103.2959166 -59.47770925 -5.193893468e-16)
(-103.4048132 -59.444616 -4.926498148e-16)
(-103.4804808 -59.45186108 -5.865946142e-16)
(-103.539804 -59.47740179 -6.678663725e-16)
(-103.5912399 -59.50924097 -4.558719496e-16)
(-103.6387806 -59.54186364 -5.343860476e-16)
(-103.6842049 -59.57323217 -8.577514689e-16)
(-103.7282736 -59.60290466 -1.143912823e-15)
(-103.7713402 -59.63106156 -1.379958413e-15)
(-103.8135862 -59.65802653 -1.2018883e-15)
(-103.8551451 -59.68410429 -1.089947181e-15)
(-103.8961271 -59.70952861 -1.215453177e-15)
(-103.9366158 -59.7344582 -1.540535123e-15)
(-103.9766825 -59.75899767 -1.60576445e-15)
(-104.0163916 -59.78322466 -1.53733389e-15)
(-104.0558038 -59.80719684 -1.689744438e-15)
(-104.0949703 -59.83095763 -1.555433445e-15)
(-104.1339207 -59.85453346 -1.755417004e-15)
(-104.1726771 -59.87794069 -1.859381179e-15)
(-104.2112657 -59.90120119 -2.105436072e-15)
(-104.2496982 -59.9243259 -1.961240529e-15)
(-104.2879965 -59.94733071 -1.819533607e-15)
(-104.3261719 -59.97022518 -1.883230129e-15)
(-104.3642199 -59.99300613 -1.877633088e-15)
(-104.4021483 -60.01568185 -2.041817648e-15)
(-104.4399533 -60.03825222 -2.034448859e-15)
(-104.4776444 -60.06072411 -1.986014239e-15)
(-104.5152221 -60.0830997 -2.067415554e-15)
(-104.5526732 -60.10536988 -2.044124454e-15)
(-104.5899984 -60.12753825 -2.052305251e-15)
(-104.6271887 -60.14960101 -2.096175639e-15)
(-104.6642489 -60.17156233 -2.136705353e-15)
(-104.7011765 -60.19342245 -2.095711591e-15)
(-104.7379562 -60.215171 -2.091888234e-15)
(-104.7745875 -60.2368109 -2.118072977e-15)
(-104.8110607 -60.25833816 -2.074612865e-15)
(-104.8473811 -60.27975719 -2.083673181e-15)
(-104.8835468 -60.30106879 -2.339208683e-15)
(-104.919544 -60.32226339 -2.586580599e-15)
(-104.9553738 -60.34334496 -2.872088151e-15)
(-104.9910284 -60.3643105 -2.804268873e-15)
(-105.0265123 -60.38516388 -2.700058072e-15)
(-105.0618312 -60.40590975 -2.624331092e-15)
(-105.0969778 -60.42654572 -2.742472716e-15)
(-105.1319459 -60.44706649 -3.105043856e-15)
(-105.1667344 -60.46747458 -2.786037163e-15)
(-105.2013502 -60.48777526 -2.734156748e-15)
(-105.2358016 -60.50797438 -2.775801321e-15)
(-105.2700837 -60.5280705 -3.14527082e-15)
(-105.304192 -60.54805904 -3.361613607e-15)
(-105.3381328 -60.56794613 -3.563628298e-15)
(-105.3719028 -60.58773073 -3.453500851e-15)
(-105.4055134 -60.6074199 -3.322245316e-15)
(-105.4389685 -60.62701661 -3.295201868e-15)
(-105.4722592 -60.64651279 -3.375337276e-15)
(-105.5053908 -60.66591326 -3.32644824e-15)
(-105.5383585 -60.68521519 -3.257070369e-15)
(-105.5711716 -60.70442333 -3.179691186e-15)
(-105.603831 -60.72353779 -3.210067894e-15)
(-105.6363238 -60.74254706 -3.167069131e-15)
(-105.6686505 -60.76145199 -3.11417489e-15)
(-105.7008008 -60.7802452 -3.367343417e-15)
(-105.7327774 -60.79892643 -3.289478125e-15)
(-105.7645739 -60.81749029 -3.164737303e-15)
(-105.7961693 -60.83591939 -3.04405499e-15)
(-105.8275553 -60.8542084 -2.982619855e-15)
(-105.8587122 -60.87234361 -3.317772355e-15)
(-105.8896332 -60.8903184 -3.092498103e-15)
(-105.9203019 -60.90812112 -3.379415921e-15)
(-105.9506875 -60.9257284 -3.2679422e-15)
(-105.980772 -60.94312943 -3.467234619e-15)
(-106.0105269 -60.96030547 -3.269204853e-15)
(-106.0399338 -60.97724404 -3.163113583e-15)
(-106.0689743 -60.99393308 -3.146516499e-15)
(-106.0976161 -61.01035336 -3.424581111e-15)
(-106.1258272 -61.02648302 -3.567171678e-15)
(-106.1535811 -61.04230873 -3.266746188e-15)
(-106.1808594 -61.05782105 -3.187372228e-15)
(-106.2076466 -61.07301254 -3.191850174e-15)
(-106.2339153 -61.0878703 -3.545049978e-15)
(-106.2596414 -61.10238051 -3.768283555e-15)
(-106.2848141 -61.1165427 -3.605950487e-15)
(-106.3094168 -61.13035217 -3.498781508e-15)
(-106.3334519 -61.14381562 -3.20473045e-15)
(-106.3569187 -61.15693906 -3.285354498e-15)
(-106.3798086 -61.16972109 -3.342036603e-15)
(-106.402133 -61.18217706 -3.382803097e-15)
(-106.423899 -61.19431847 -3.371971972e-15)
(-106.4451337 -61.20616835 -3.226194025e-15)
(-106.4658617 -61.2177488 -3.404666372e-15)
(-106.4860999 -61.22907387 -3.348424027e-15)
(-106.5058848 -61.24017345 -3.279200172e-15)
(-106.5252475 -61.25107233 -3.274994693e-15)
(-106.544238 -61.26180525 -3.250727255e-15)
(-106.5629014 -61.27240423 -3.20894252e-15)
(-106.5812732 -61.28289127 -3.083522801e-15)
(-106.5993974 -61.29331078 -3.220302468e-15)
(-106.6164998 -61.30475524 -3.20664746e-15)
)
;
    }
    outlet
    {
        type            calculated;
        value           uniform (0 0 0);
    }
    front
    {
        type            wedge;
    }
    back
    {
        type            wedge;
    }
}


// ************************************************************************* //
