/*--------------------------------*- C++ -*----------------------------------*\
| =========                 |                                                 |
| \\      /  F ield         | OpenFOAM: The Open Source CFD Toolbox           |
|  \\    /   O peration     | Version:  v1706                                 |
|   \\  /    A nd           | Web:      www.OpenFOAM.com                      |
|    \\/     M anipulation  |                                                 |
\*---------------------------------------------------------------------------*/
FoamFile
{
    version     2.0;
    format      ascii;
    class       volVectorField;
    location    "0.00223";
    object      wallShearStress;
}
// * * * * * * * * * * * * * * * * * * * * * * * * * * * * * * * * * * * * * //

dimensions      [1 -1 -2 0 0 0 0];


internalField   uniform (0 0 0);

boundaryField
{
    inlet
    {
        type            calculated;
        value           nonuniform 0();
    }
    object
    {
        type            calculated;
        value           nonuniform List<vector> 
204
(
(-6.285744976 -17.18909326 -0.1537494907)
(-6.33708044 -17.2461975 -0.1559286644)
(-6.385890325 -17.30105782 -0.1581317099)
(-6.428759329 -17.35363691 -0.1603727091)
(-6.466754802 -17.40913038 -0.1627161096)
(-6.503683914 -17.47585975 -0.1650972857)
(-6.538470933 -17.5513497 -0.1674922028)
(-6.572336843 -17.632251 -0.1699004062)
(-6.606185246 -17.71671398 -0.1723213009)
(-6.640403907 -17.80386263 -0.1747541114)
(-6.675140513 -17.89325531 -0.1771979432)
(-6.710445426 -17.98464996 -0.1796518262)
(-6.746332585 -18.0778995 -0.1821149586)
(-6.782804542 -18.17291003 -0.1845864839)
(-6.819861198 -18.26961772 -0.1870654274)
(-6.857502853 -18.3679796 -0.1895510527)
(-6.895730852 -18.46796713 -0.1920423141)
(-6.934548481 -18.56956449 -0.1945383809)
(-6.973959809 -18.67276328 -0.1970382923)
(-7.013969958 -18.7775623 -0.1995413752)
(-7.05458645 -18.88396714 -0.202046664)
(-7.095816824 -18.99198771 -0.2045533057)
(-7.13766993 -19.10163783 -0.2070604823)
(-7.180155299 -19.21293568 -0.2095673758)
(-7.223284215 -19.3259034 -0.21207312)
(-7.267067649 -19.44056492 -0.2145767258)
(-7.311518598 -19.5569484 -0.2170775755)
(-7.35664945 -19.67508254 -0.2195749446)
(-7.402474756 -19.79500137 -0.2220678863)
(-7.449009411 -19.91673962 -0.2245557246)
(-7.496268767 -20.0403344 -0.227037632)
(-7.544268899 -20.16582494 -0.2295128623)
(-7.593027504 -20.29325436 -0.2319807031)
(-7.642562351 -20.42266593 -0.2344404001)
(-7.692892069 -20.55410624 -0.2368912205)
(-7.744036629 -20.68762455 -0.2393323889)
(-7.796016337 -20.82327125 -0.2417634664)
(-7.848852699 -20.96110026 -0.2441836891)
(-7.902567682 -21.10116629 -0.246592396)
(-7.957184926 -21.24352856 -0.2489891007)
(-8.012728608 -21.38824744 -0.2513728759)
(-8.069224108 -21.53538643 -0.2537432236)
(-8.126697179 -21.68501029 -0.2560996418)
(-8.185175851 -21.83718913 -0.2584413618)
(-8.244689029 -21.99199502 -0.260768056)
(-8.305265896 -22.14950105 -0.2630791478)
(-8.366938027 -22.30978619 -0.2653741385)
(-8.429737816 -22.47293163 -0.2676523338)
(-8.493699353 -22.63902218 -0.2699134615)
(-8.558858028 -22.80814565 -0.2721570348)
(-8.625250145 -22.9803934 -0.2743826519)
(-8.692915555 -23.15586366 -0.2765897536)
(-8.7618943 -23.33465636 -0.2787778441)
(-8.832228333 -23.51687561 -0.2809465748)
(-8.90396298 -23.70263293 -0.2830957521)
(-8.977143731 -23.89204113 -0.2852248822)
(-9.051819082 -24.08521994 -0.2873337417)
(-9.128040309 -24.28229602 -0.2894220301)
(-9.205861762 -24.48340191 -0.2914891651)
(-9.285339095 -24.68867501 -0.2935351837)
(-9.366532061 -24.89826107 -0.295559634)
(-9.449502629 -25.1123124 -0.2975625391)
(-9.534316735 -25.330989 -0.29954342)
(-9.621044867 -25.55446133 -0.3015020885)
(-9.709758511 -25.78290378 -0.3034384896)
(-9.800536532 -26.01650724 -0.3053525337)
(-9.893460261 -26.25546713 -0.3072440386)
(-9.988617444 -26.49999436 -0.3091127507)
(-10.08610091 -26.75031163 -0.3109587412)
(-10.18600899 -27.00665399 -0.3127817998)
(-10.28844741 -27.26927205 -0.3145820883)
(-10.39352676 -27.53842894 -0.3163593071)
(-10.50136868 -27.81441098 -0.3181136064)
(-10.61210188 -28.09752178 -0.3198448292)
(-10.72586506 -28.38808461 -0.3215532602)
(-10.84280628 -28.68644568 -0.3232387454)
(-10.96308838 -28.99298224 -0.3249014903)
(-11.086885 -29.3080947 -0.326541668)
(-11.21438653 -29.63221966 -0.3281592415)
(-11.34580055 -29.96582977 -0.3297543578)
(-11.48135195 -30.30943482 -0.3313271926)
(-11.62129072 -30.66359788 -0.3328777933)
(-11.76588876 -31.02892595 -0.3344066485)
(-11.91545093 -31.40609472 -0.3359139276)
(-12.07031336 -31.79584329 -0.3373998451)
(-12.23085418 -32.19899474 -0.3388647723)
(-12.39749475 -32.61645826 -0.3403088995)
(-12.57071618 -33.04926082 -0.3417326734)
(-12.75106526 -33.49855271 -0.3431364002)
(-12.93916631 -33.96563248 -0.3445205293)
(-13.13574594 -34.45198937 -0.3458855902)
(-13.34165371 -34.95933596 -0.3472322189)
(-13.55789538 -35.48966109 -0.3485607267)
(-13.78567497 -36.04529582 -0.349871937)
(-14.02645597 -36.62900345 -0.3511664611)
(-14.28205671 -37.24412229 -0.3524451462)
(-14.55477291 -37.8947258 -0.3537088128)
(-14.84758597 -38.58589579 -0.3549585559)
(-15.16449447 -39.32412062 -0.356195145)
(-15.5110794 -40.11788618 -0.3574200213)
(-15.89562446 -40.97857746 -0.3586343112)
(-16.33187441 -41.92146193 -0.3598385313)
(-16.84857746 -42.96427955 -0.3610291982)
(-17.53911357 -44.1085392 -0.3621886808)
(-18.44076925 -45.16785188 -0.3618754992)
(-19.22248097 -46.07271846 -0.3611492246)
(-20.00220594 -46.83221875 -0.360382502)
(-20.80187489 -47.46339395 -0.3595733181)
(-21.61739189 -47.99711508 -0.3587209413)
(-22.44448901 -48.45559301 -0.3578251398)
(-23.27974398 -48.85416245 -0.3568864774)
(-24.12063266 -49.20320806 -0.3559054535)
(-24.9653368 -49.50973375 -0.3548829076)
(-25.81252885 -49.77849414 -0.3538199864)
(-26.6611905 -50.01276064 -0.3527178419)
(-27.51048979 -50.2148303 -0.3515777892)
(-28.35971023 -50.38637095 -0.3504010525)
(-29.20819745 -50.52862854 -0.3491889022)
(-30.05533903 -50.64258028 -0.3479428436)
(-30.9005441 -50.72901755 -0.3466642425)
(-31.74323713 -50.78860616 -0.3453544249)
(-32.58286093 -50.82193493 -0.344015024)
(-33.41886042 -50.82952901 -0.3426473749)
(-34.25070493 -50.81188527 -0.3412530732)
(-35.0778583 -50.76945978 -0.3398334294)
(-35.89980657 -50.70270476 -0.3383898842)
(-36.71605304 -50.61206043 -0.3369238531)
(-37.52610362 -50.49795739 -0.3354369604)
(-38.32948936 -50.36083013 -0.3339305131)
(-39.12575104 -50.20111039 -0.3324058238)
(-39.91447204 -50.01924692 -0.3308645883)
(-40.69526985 -49.81567549 -0.3293080051)
(-41.46802107 -49.59080498 -0.3277373822)
(-42.23587654 -49.33963826 -0.3261543513)
(-43.04106532 -49.08906703 -0.3245634281)
(-43.82752453 -48.8326347 -0.3229640183)
(-44.58307189 -48.55140986 -0.321355988)
(-45.32431483 -48.2469272 -0.3197407212)
(-46.05279247 -47.92160261 -0.3181193674)
(-46.76899315 -47.57607198 -0.3164930636)
(-47.47296416 -47.21092325 -0.3148628132)
(-48.16457432 -46.8267627 -0.3132299548)
(-48.84363559 -46.42420914 -0.3115954743)
(-49.50993516 -46.00387077 -0.3099603354)
(-50.16327432 -45.56635007 -0.3083257772)
(-50.8034644 -45.11223611 -0.3066924535)
(-51.43032286 -44.64209722 -0.3050614925)
(-52.04369237 -44.15649493 -0.3034338339)
(-52.64344545 -43.65599407 -0.3018105562)
(-53.22947817 -43.14116059 -0.3001921539)
(-53.80169763 -42.61254928 -0.2985797302)
(-54.36003346 -42.0707135 -0.2969740172)
(-54.90443953 -41.51621084 -0.2953757527)
(-55.43484582 -40.94961541 -0.2937856414)
(-55.95123333 -40.37146011 -0.2922046528)
(-56.45361498 -39.78227622 -0.2906331229)
(-56.94201068 -39.18258574 -0.2890720194)
(-57.41644359 -38.57290039 -0.2875221394)
(-57.87695825 -37.95372677 -0.2859838532)
(-58.32360168 -37.32556115 -0.2844576559)
(-58.7564364 -36.688889 -0.2829443921)
(-59.1755342 -36.04418697 -0.281444494)
(-59.58097089 -35.39191654 -0.2799584469)
(-59.9728363 -34.73253001 -0.2784867146)
(-60.35122654 -34.06646816 -0.2770297924)
(-60.71624164 -33.39415553 -0.2755883383)
(-61.06799266 -32.7160107 -0.2741624719)
(-61.40659511 -32.03243471 -0.2727528134)
(-61.73216676 -31.34381718 -0.2713597024)
(-62.04483424 -30.65053743 -0.2699834771)
(-62.34472989 -29.95296266 -0.268624452)
(-62.63198775 -29.25144997 -0.2672832452)
(-62.90674985 -28.54634046 -0.2659598148)
(-63.16915885 -27.83797144 -0.2646546772)
(-63.41935981 -27.12666096 -0.2633678099)
(-63.65750669 -26.41272265 -0.2620997829)
(-63.88374854 -25.69645752 -0.260850778)
(-64.09824382 -24.97815515 -0.2596209952)
(-64.30114839 -24.25809837 -0.2584108799)
(-64.49262575 -23.53655585 -0.2572203037)
(-64.67283933 -22.81379398 -0.2560494823)
(-64.84195439 -22.09006393 -0.2548988272)
(-65.00013051 -21.36560674 -0.2537684601)
(-65.14754163 -20.64065832 -0.2526582007)
(-65.28435467 -19.91544742 -0.2515684931)
(-65.41073708 -19.19019011 -0.250499448)
(-65.52686237 -18.46509584 -0.2494511655)
(-65.63290053 -17.74036876 -0.2484237317)
(-65.72902338 -17.01620077 -0.2474175223)
(-65.81540626 -16.29277971 -0.2464322968)
(-65.8922175 -15.57028667 -0.2454681636)
(-65.95962712 -14.84889169 -0.244525456)
(-66.01781065 -14.12875823 -0.2436039147)
(-66.06693954 -13.4100466 -0.242703943)
(-66.10718637 -12.69291072 -0.2418255455)
(-66.13872051 -11.97749077 -0.2409687761)
(-66.16171116 -11.26392893 -0.2401333845)
(-66.17633149 -10.5523552 -0.2393197551)
(-66.18274943 -9.842900465 -0.2385278653)
(-66.1811331 -9.135679814 -0.2377577684)
(-66.17165059 -8.43081219 -0.2370095091)
(-66.15447038 -7.728421844 -0.2362831216)
(-66.13043178 -7.028775628 -0.2355789449)
(-66.32759479 -6.402602318 -0.2348966793)
)
;
    }
    outlet
    {
        type            calculated;
        value           uniform (0 0 0);
    }
    front
    {
        type            wedge;
    }
    back
    {
        type            wedge;
    }
    procBoundary3to1
    {
        type            processor;
        value           uniform (0 0 0);
    }
    procBoundary3to2
    {
        type            processor;
        value           uniform (0 0 0);
    }
}


// ************************************************************************* //
