/*--------------------------------*- C++ -*----------------------------------*\
| =========                 |                                                 |
| \\      /  F ield         | OpenFOAM: The Open Source CFD Toolbox           |
|  \\    /   O peration     | Version:  v1706                                 |
|   \\  /    A nd           | Web:      www.OpenFOAM.com                      |
|    \\/     M anipulation  |                                                 |
\*---------------------------------------------------------------------------*/
FoamFile
{
    version     2.0;
    format      ascii;
    class       volVectorField;
    location    "0.00157";
    object      wallShearStress;
}
// * * * * * * * * * * * * * * * * * * * * * * * * * * * * * * * * * * * * * //

dimensions      [1 -1 -2 0 0 0 0];


internalField   uniform (0 0 0);

boundaryField
{
    inlet
    {
        type            calculated;
        value           nonuniform 0();
    }
    object
    {
        type            calculated;
        value           nonuniform List<vector> 
196
(
(-0.3689503988 -0.2102918572 -6.446387731e-15)
(-0.3492441391 -0.3546450218 -1.564464589e-14)
(-0.3526399585 -0.5559075803 -4.016437885e-14)
(-0.354974593 -0.7646857838 -3.050712876e-14)
(-0.3578537982 -0.9759596957 -2.034150895e-14)
(-0.3613073333 -1.188185117 6.41475052e-15)
(-0.3653374132 -1.400672902 2.014581551e-14)
(-0.3699460675 -1.613026966 2.614012136e-14)
(-0.3751383873 -1.824979735 2.781783854e-14)
(-0.3809215338 -2.036331484 1.790176268e-14)
(-0.3873039512 -2.246923777 1.26401114e-14)
(-0.3942959549 -2.456628966 2.245862701e-15)
(-0.401907773 -2.665351545 -1.582934011e-15)
(-0.4101335039 -2.873003071 4.327611017e-18)
(-0.4189868729 -3.079505208 -3.153509468e-16)
(-0.4284807932 -3.284808669 -9.238239572e-16)
(-0.4386189015 -3.48887578 -6.206142972e-15)
(-0.4494055359 -3.691686102 -1.292814776e-14)
(-0.4608259184 -3.893212055 -1.870032825e-14)
(-0.4729029091 -4.093446658 -2.120940834e-14)
(-0.4856082359 -4.292379045 -2.492365678e-14)
(-0.4989886723 -4.490030853 -2.257805784e-14)
(-0.5129744834 -4.686403885 -1.71074092e-14)
(-0.5276448843 -4.881523108 -8.604397407e-15)
(-0.5429103147 -5.075418161 -2.844214449e-15)
(-0.5588541341 -5.268113489 -2.83288092e-16)
(-0.5753845637 -5.459654977 1.708794805e-17)
(-0.5925894894 -5.650074026 3.796334756e-17)
(-0.6103701763 -5.839422289 -5.119653932e-17)
(-0.6288306449 -6.027736447 -1.476731366e-15)
(-0.6478550895 -6.215107765 -1.44408318e-18)
(-0.6674798586 -6.401504449 1.56448078e-15)
(-0.687776587 -6.587018822 9.494077991e-16)
(-0.7086355382 -6.771718413 -4.728510176e-16)
(-0.7301396847 -6.955629236 -1.862193731e-15)
(-0.752205245 -7.138793561 -1.567779103e-16)
(-0.774939054 -7.321267014 -3.594145195e-18)
(-0.7981979331 -7.503086639 5.303790911e-17)
(-0.8221581734 -7.684274602 5.785122508e-16)
(-0.8466506605 -7.864928865 2.396240528e-15)
(-0.8717399701 -8.044978522 9.262367287e-16)
(-0.8975201053 -8.224537204 5.439394009e-17)
(-0.9237941899 -8.403604573 -6.903790061e-17)
(-0.9508040318 -8.582191264 8.767494196e-17)
(-0.9782920644 -8.760354292 1.74782068e-15)
(-1.006520702 -8.938070542 1.581683891e-15)
(-1.035222448 -9.115401703 3.955031796e-16)
(-1.064673262 -9.292315439 4.78256921e-16)
(-1.094594593 -9.4688813 -2.40936837e-16)
(-1.125265164 -9.645055621 -5.772231403e-17)
(-1.156405485 -9.82091268 5.487485556e-17)
(-1.188293523 -9.996402152 9.138093992e-16)
(-1.220651221 -10.17160252 1.833570245e-15)
(-1.25375451 -10.34645826 1.676611712e-15)
(-1.287328092 -10.5210538 3.780714039e-15)
(-1.321643324 -10.69532879 1.533474034e-15)
(-1.356431004 -10.86937255 8.885461286e-17)
(-1.391955257 -11.04312203 -1.616615322e-15)
(-1.427955654 -11.21667116 -1.299163733e-15)
(-1.464685689 -11.38995389 -2.519878706e-16)
(-1.50189697 -11.56306882 -6.649614051e-17)
(-1.539823536 -11.73594244 1.294961955e-16)
(-1.578248304 -11.90867301 1.856315128e-16)
(-1.617379818 -12.08119632 -9.315120826e-18)
(-1.657018935 -12.2536059 -4.90981895e-17)
(-1.697350839 -12.42583548 -7.788520873e-16)
(-1.73820645 -12.59797542 -1.627292696e-15)
(-1.779738425 -12.76996102 -1.296648632e-15)
(-1.821809772 -12.94187142 -4.973645444e-16)
(-1.864548106 -13.11364608 -1.866450991e-16)
(-1.907837728 -13.28535607 -5.639776722e-16)
(-1.951784608 -13.45694148 -6.9800871e-16)
(-1.996289649 -13.62845982 4.34606131e-17)
(-2.041444789 -13.79985564 -3.56927893e-18)
(-2.0871485 -13.97116232 2.127520894e-17)
(-2.133525093 -14.14232097 -3.335652067e-16)
(-2.180461652 -14.31341684 4.723107353e-16)
(-2.227970942 -14.48431943 -5.98366954e-17)
(-2.276083639 -14.65503175 2.524961296e-16)
(-2.324812629 -14.82557121 1.632396953e-16)
(-2.374081271 -14.99590878 6.795930428e-16)
(-2.423969786 -15.1659894 6.317974553e-16)
(-2.47439725 -15.33584854 9.182752458e-17)
(-2.525369663 -15.50538617 1.162172091e-17)
(-2.576919373 -15.67459388 1.471874642e-16)
(-2.629047736 -15.84349079 5.58857114e-16)
(-2.681659459 -16.01205095 5.722623205e-17)
(-2.734840133 -16.18024193 -3.843665106e-17)
(-2.788393894 -16.3480029 -3.390928661e-17)
(-2.842699992 -16.51527035 -1.213368945e-16)
(-2.897358916 -16.68224222 3.034259961e-17)
(-2.952552159 -16.84868018 -3.742533548e-16)
(-3.008162188 -17.01467087 -3.232291763e-16)
(-3.064379993 -17.18018332 -4.608482007e-16)
(-3.120871838 -17.34523403 -9.179688987e-16)
(-3.178079214 -17.5097392 -9.225451062e-17)
(-3.235516797 -17.67391642 -3.075871815e-16)
(-3.293467466 -17.83741376 2.22276475e-16)
(-3.352002798 -18.00048391 1.080879765e-16)
(-3.410806295 -18.16319672 8.203660212e-18)
(-3.47015608 -18.32528871 -5.954683215e-17)
(-3.530064497 -18.48699753 -1.355754906e-16)
(-3.590315473 -18.64843643 1.033027545e-16)
(-3.650879755 -18.80934587 6.264530018e-17)
(-3.712233046 -18.96981886 -4.085382422e-16)
(-3.773821537 -19.13007319 -2.031044811e-16)
(-3.836116481 -19.28990613 -2.427150816e-16)
(-3.898646497 -19.44953274 -1.529311505e-16)
(-3.96195838 -19.60875724 7.697602181e-16)
(-4.025576933 -19.76792202 1.406049775e-15)
(-4.089591313 -19.9266875 1.687830408e-15)
(-4.154367289 -20.08517029 1.642613954e-15)
(-4.219537103 -20.24353256 5.842936367e-16)
(-4.285228288 -20.40156563 -4.542029793e-16)
(-4.351454535 -20.55940443 -1.421243761e-15)
(-4.418059227 -20.71696604 -2.226859636e-15)
(-4.485396138 -20.87418641 -2.903635519e-15)
(-4.553075112 -21.03117134 -1.55172778e-15)
(-4.621423987 -21.18773654 1.462070443e-16)
(-4.690079834 -21.3440387 2.714122297e-16)
(-4.759425505 -21.49983499 9.876640712e-17)
(-4.829033162 -21.65530292 6.105150803e-17)
(-4.899334626 -21.81018795 6.081563625e-17)
(-4.969875698 -21.96470249 1.182453061e-16)
(-5.041075293 -22.11858085 3.938339216e-16)
(-5.112508905 -22.2720282 2.485463882e-16)
(-5.18454562 -22.42480917 -3.219040164e-16)
(-5.256850397 -22.57709959 -1.211268258e-15)
(-5.329672462 -22.72873438 -7.741779419e-16)
(-5.40282258 -22.87982803 7.534866706e-17)
(-5.476384271 -23.0303062 -6.001540485e-17)
(-5.550344992 -23.18019497 -6.21798956e-17)
(-5.62470059 -23.32949897 1.814980406e-16)
(-5.69944824 -23.47822404 1.309323841e-16)
(-5.77458206 -23.62637916 8.516549015e-17)
(-5.850100664 -23.77397057 -7.193136695e-17)
(-5.925998764 -23.92100524 -5.243898117e-17)
(-6.002277346 -24.06748249 -2.651691968e-16)
(-6.078935073 -24.2134103 -2.159967088e-16)
(-6.155971679 -24.35879023 2.216010769e-17)
(-6.233381153 -24.50362943 3.586465789e-16)
(-6.311156797 -24.64791826 3.625746628e-16)
(-6.389296254 -24.79165385 -5.270706066e-17)
(-6.46779181 -24.93482329 7.784723025e-17)
(-6.546637049 -25.07740565 -3.220975443e-16)
(-6.625827611 -25.21938925 -1.472073851e-16)
(-6.705352588 -25.36074853 5.310156417e-17)
(-6.785205165 -25.50145862 1.820899796e-17)
(-6.865370297 -25.64148682 1.114476735e-16)
(-6.945841313 -25.78079848 -4.866460124e-17)
(-7.026602868 -25.91935243 8.71305686e-17)
(-7.107644907 -26.0571149 1.597397178e-17)
(-7.188953835 -26.19403464 -3.854927639e-16)
(-7.27051401 -26.33008321 -5.2496409e-16)
(-7.352314504 -26.46518952 -5.729328131e-16)
(-7.434337069 -26.59934391 -1.822674043e-16)
(-7.516580082 -26.73245555 -3.441815091e-17)
(-7.598981734 -26.86454582 -4.283597529e-16)
(-7.681587057 -26.99549168 -3.766145532e-16)
(-7.764306004 -27.12534705 -1.977076251e-16)
(-7.847187688 -27.25397444 6.702103933e-17)
(-7.930148248 -27.38142065 3.904216216e-16)
(-8.013265066 -27.50753267 2.591229659e-16)
(-8.096497531 -27.63236658 1.393714482e-16)
(-8.179790993 -27.75585281 5.638325994e-16)
(-8.26311139 -27.87795138 2.488816336e-16)
(-8.34646047 -27.99859665 1.254958438e-16)
(-8.429807139 -28.11775609 5.723288342e-16)
(-8.513137714 -28.23536485 9.02739275e-16)
(-8.596427384 -28.35137448 1.275743143e-15)
(-8.679660568 -28.46572029 1.347225476e-15)
(-8.762801528 -28.57834076 1.0764616e-15)
(-8.845808225 -28.6891636 8.106918424e-16)
(-8.928645537 -28.79810495 4.591113801e-16)
(-9.011280236 -28.90508135 6.870350435e-17)
(-9.09368401 -29.01001181 -4.986167201e-17)
(-9.175826762 -29.11281664 -3.387077287e-16)
(-9.25766318 -29.21341482 -4.839969972e-16)
(-9.339148154 -29.31172083 -4.277197429e-16)
(-9.420244488 -29.40764779 3.194154845e-17)
(-9.500911539 -29.50111409 1.959336136e-16)
(-9.581109934 -29.5920353 1.539236657e-17)
(-9.660804735 -29.68033527 -7.097407168e-17)
(-9.739961249 -29.76593738 8.920894449e-17)
(-9.818548051 -29.84877131 3.834363669e-17)
(-9.896526764 -29.92876811 3.860324821e-16)
(-9.973853948 -30.00584933 4.646610056e-16)
(-10.05047757 -30.07992496 1.99361349e-16)
(-10.12633492 -30.15088339 1.561028417e-16)
(-10.20134861 -30.21859261 -1.699964479e-16)
(-10.27542253 -30.28288564 -3.204827732e-16)
(-10.34843861 -30.34355958 -1.251904479e-16)
(-10.420269 -30.40035083 -8.682413163e-17)
(-10.49080616 -30.45297213 -2.674291686e-16)
(-10.55981291 -30.50118988 -8.136321013e-18)
(-10.6269776 -30.54468132 -2.57681138e-17)
)
;
    }
    outlet
    {
        type            calculated;
        value           nonuniform 0();
    }
    front
    {
        type            wedge;
    }
    back
    {
        type            wedge;
    }
    procBoundary1to0
    {
        type            processor;
        value           uniform (0 0 0);
    }
    procBoundary1to2
    {
        type            processor;
        value           uniform (0 0 0);
    }
    procBoundary1to3
    {
        type            processor;
        value           uniform (0 0 0);
    }
}


// ************************************************************************* //
