# Wall shear stress
# Time           	patch            	min              	max              
1.0000000000e-05	object	(1.2963832756e-02 -2.2482642446e-02 -8.8149227332e-15)	(2.5776339366e-02 -1.1092088073e-04 1.3665002040e-15)
2.0000000000e-05	object	(1.5689579213e-02 -2.7209507987e-02 -7.8059973050e-15)	(3.1222165332e-02 -1.8203911652e-04 2.0957303825e-15)
3.0000000000e-05	object	(1.4929857554e-02 -2.5890366867e-02 -7.9955166342e-15)	(2.9702682771e-02 -1.9470498959e-04 2.0915062417e-15)
4.0000000000e-05	object	(1.4757139776e-02 -2.5589212267e-02 -7.8712519924e-15)	(2.9352066945e-02 -1.9346866269e-04 2.1053803785e-15)
5.0000000000e-05	object	(1.4680093084e-02 -2.5453851324e-02 -7.6011675610e-15)	(2.9199208396e-02 -1.8960978177e-04 2.1171326214e-15)
6.0000000000e-05	object	(1.4592651533e-02 -2.5300262523e-02 -8.1504729088e-15)	(2.9026043267e-02 -1.8593529160e-04 2.1453733612e-15)
7.0000000000e-05	object	(1.4513053659e-02 -2.5160079916e-02 -7.9965625177e-15)	(2.8868070423e-02 -1.8308207870e-04 2.1318400268e-15)
8.0000000000e-05	object	(1.4441096561e-02 -2.5032963506e-02 -7.8326927051e-15)	(2.8725076617e-02 -1.8091890546e-04 2.1351133665e-15)
9.0000000000e-05	object	(1.4374628388e-02 -2.4915179107e-02 -8.1545742864e-15)	(2.8592726299e-02 -1.7921380452e-04 2.1336630030e-15)
1.0000000000e-04	object	(1.4312695518e-02 -2.4805078292e-02 -8.0861595709e-15)	(2.8469138050e-02 -1.7780175774e-04 2.1495159520e-15)
1.1000000000e-04	object	(1.4254594053e-02 -2.4701454797e-02 -8.4589210542e-15)	(2.8352936805e-02 -1.7658187301e-04 2.1435870237e-15)
1.2000000000e-04	object	(1.4199718135e-02 -2.4603375539e-02 -8.9924177616e-15)	(2.8243066913e-02 -1.7549383661e-04 2.1341473985e-15)
1.3000000000e-04	object	(-9.2169191307e+01 -5.4334421144e+00 -4.8145506584e-14)	(2.4789311099e-02 9.0785940465e+00 6.5679665968e-15)
1.4000000000e-04	object	(-8.2654504723e+01 -2.2396837508e+01 -3.1425638145e-14)	(2.1648713624e-02 2.3013238334e+01 6.4741860724e-15)
1.5000000000e-04	object	(-7.4578682930e+01 -2.6384020440e+01 -5.2653532425e-14)	(1.9306251526e-02 2.8848403249e+01 6.3796025366e-15)
1.6000000000e-04	object	(-6.8098595570e+01 -2.7718786255e+01 -5.4178742545e-14)	(1.7325375937e-02 2.9170743928e+01 6.8539687080e-15)
1.7000000000e-04	object	(-6.3242272732e+01 -2.7850795445e+01 -5.2186828935e-14)	(1.5583452134e-02 2.4572814715e+01 6.6707357312e-15)
1.8000000000e-04	object	(-6.1358504057e+01 -2.7883770625e+01 -3.4877669541e-14)	(1.8074260247e+00 1.8128224661e+01 6.7379983097e-15)
1.9000000000e-04	object	(-6.0925804661e+01 -2.7384116690e+01 -7.3857277421e-14)	(1.7870763652e+00 2.2960731986e+01 6.6453564456e-15)
2.0000000000e-04	object	(-5.7739909658e+01 -2.8422847725e+01 -6.9187287457e-14)	(1.3842609832e-02 2.3466528652e+01 5.8751410486e-15)
2.1000000000e-04	object	(-5.5299208608e+01 -2.8956354870e+01 -1.0379422215e-13)	(1.3804072526e-02 2.1598185993e+01 5.9958128873e-15)
2.2000000000e-04	object	(-4.5303561771e+01 -2.8501201804e+01 -6.9449626088e-14)	(-6.3638532852e-01 4.1190381359e+01 5.6402033123e-15)
2.3000000000e-04	object	(-4.3759500919e+01 -2.7464402778e+01 -6.5121448977e-14)	(-8.2200837372e-01 -1.1919493013e-01 4.8233360197e-15)
2.4000000000e-04	object	(-4.1120802904e+01 -2.6099077949e+01 -7.0495807914e-14)	(-9.1020289236e-01 -5.2871499614e-01 4.7582305337e-15)
2.5000000000e-04	object	(-3.7622991293e+01 -2.4806244781e+01 -6.2646387856e-14)	(-7.7128665963e-01 -5.4854098431e-01 3.8385931701e-15)
2.6000000000e-04	object	(-3.5722014241e+01 -2.6324002747e+01 -5.5201226719e-14)	(-6.8344427140e-01 -5.5231568032e-01 3.8994696704e-15)
2.7000000000e-04	object	(-3.2735928757e+01 -2.8068692852e+01 -6.4854467962e-14)	(-6.9973397713e-01 -5.5600934770e-01 3.7362324646e-15)
2.8000000000e-04	object	(-3.0414272334e+01 -2.9907594822e+01 -6.9844634912e-14)	(-6.9181386983e-01 -5.5710689172e-01 3.6076622287e-15)
2.9000000000e-04	object	(-3.1123782053e+01 -3.1634021406e+01 -6.0407439585e-14)	(-7.1810604423e-01 -5.6799848313e-01 3.7681319738e-15)
3.0000000000e-04	object	(-3.4252620296e+01 -3.3096965671e+01 -7.0236430489e-14)	(-6.6231996462e-01 -5.7836105014e-01 3.4451566803e-15)
3.1000000000e-04	object	(-3.7648624324e+01 -3.4265571609e+01 -7.6698420712e-14)	(-5.5098579643e-01 -5.8467710094e-01 3.9231877876e-15)
3.2000000000e-04	object	(-4.1334439196e+01 -3.5250446278e+01 -6.1114346711e-14)	(-4.7578670356e-01 -5.8817479063e-01 3.9347704169e-15)
3.3000000000e-04	object	(-4.4991676603e+01 -3.6283096273e+01 -6.2444576440e-14)	(-5.0533022741e-01 -5.9316886666e-01 3.9549501275e-15)
3.4000000000e-04	object	(-4.8031186330e+01 -3.7420167943e+01 -7.9605629267e-14)	(-5.7810441694e-01 -5.9777875204e-01 4.1272654740e-15)
3.5000000000e-04	object	(-5.0047858037e+01 -3.8485084269e+01 -6.1020052984e-14)	(-5.6047781991e-01 -6.0638505667e-01 3.3183285879e-15)
3.6000000000e-04	object	(-5.1203070115e+01 -3.9355324154e+01 -6.1963821428e-14)	(-5.5609969243e-01 -6.1712261650e-01 3.5144899836e-15)
3.7000000000e-04	object	(-5.2066286166e+01 -4.0032918747e+01 -6.2633959446e-14)	(-6.0517714608e-01 -6.2774586948e-01 3.7530816977e-15)
3.8000000000e-04	object	(-5.3336715074e+01 -4.0660688936e+01 -8.1351302648e-14)	(-6.5327186606e-01 -6.3978382468e-01 3.6817892251e-15)
3.9000000000e-04	object	(-5.5145212807e+01 -4.1392048399e+01 -7.2021190225e-14)	(-6.5731797009e-01 -6.4895690641e-01 4.0313037222e-15)
4.0000000000e-04	object	(-5.7135349019e+01 -4.2196564921e+01 -5.5418862675e-14)	(-6.7971845938e-01 -6.5875747970e-01 4.2258384569e-15)
4.1000000000e-04	object	(-5.8874506902e+01 -4.3014758913e+01 -6.7690896289e-14)	(-6.7255577077e-01 -6.7629146905e-01 4.2374795283e-15)
4.2000000000e-04	object	(-6.0417679216e+01 -4.3854645879e+01 -8.0222935297e-14)	(-6.9628620194e-01 -6.8127966194e-01 3.7312887159e-15)
4.3000000000e-04	object	(-6.2043152595e+01 -4.4748203656e+01 -6.9481217806e-14)	(-7.1885848157e-01 -6.8779649207e-01 3.5218207962e-15)
4.4000000000e-04	object	(-6.3772046572e+01 -4.5693107269e+01 -7.4070450755e-14)	(-7.2863423883e-01 -7.0014706921e-01 3.9998607685e-15)
4.5000000000e-04	object	(-6.5486775945e+01 -4.6655981044e+01 -7.0048770273e-14)	(-6.9302224047e-01 -7.1395858136e-01 4.3624174823e-15)
4.6000000000e-04	object	(-6.7173083173e+01 -4.7605415101e+01 -7.2147442065e-14)	(-7.4258187383e-01 -7.1700053945e-01 3.9370148404e-15)
4.7000000000e-04	object	(-6.8894883599e+01 -4.8538049928e+01 -6.0451725353e-14)	(-6.9547880347e-01 -7.2727746039e-01 4.0140871763e-15)
4.8000000000e-04	object	(-7.0669683580e+01 -4.9443599447e+01 -7.7275535540e-14)	(-7.4403264592e-01 -7.3011973075e-01 4.0300886204e-15)
4.9000000000e-04	object	(-7.2459920777e+01 -5.0320943723e+01 -9.3203047505e-14)	(-7.5247000972e-01 -7.3744509374e-01 4.2058251951e-15)
5.0000000000e-04	object	(-7.4243239531e+01 -5.1163376229e+01 -6.6484593730e-14)	(-7.4102586791e-01 -7.4702607481e-01 4.6599283084e-15)
5.1000000000e-04	object	(-7.6013759022e+01 -5.1966499564e+01 -7.2211453036e-14)	(-7.4390985798e-01 -7.5554447769e-01 4.8922851539e-15)
5.2000000000e-04	object	(-7.7774502572e+01 -5.2730727081e+01 -8.9159628350e-14)	(-7.6718426684e-01 -7.5770106410e-01 5.2327997410e-15)
5.3000000000e-04	object	(-7.9497462094e+01 -5.3461824861e+01 -8.3497520538e-14)	(-7.6973131792e-01 -7.6231366145e-01 4.9009717727e-15)
5.4000000000e-04	object	(-8.1155323265e+01 -5.4164254444e+01 -6.9409449813e-14)	(-7.8379683557e-01 -7.6609321108e-01 4.8123883293e-15)
5.5000000000e-04	object	(-8.2740274760e+01 -5.4832847158e+01 -7.1030438887e-14)	(-7.4804858261e-01 -7.7808400378e-01 4.4592107410e-15)
5.6000000000e-04	object	(-8.4249827616e+01 -5.5467307114e+01 -8.7826091206e-14)	(-7.8615470155e-01 -7.7770704972e-01 4.5412177920e-15)
5.7000000000e-04	object	(-8.5683169952e+01 -5.6070112432e+01 -8.8389382090e-14)	(-7.9207360749e-01 -7.8097848086e-01 4.7319192670e-15)
5.8000000000e-04	object	(-8.7042832812e+01 -5.6638086620e+01 -8.6414727675e-14)	(-7.9477926619e-01 -7.8379271487e-01 4.8905449003e-15)
5.9000000000e-04	object	(-8.8329599008e+01 -5.7170769080e+01 -9.9027385267e-14)	(-7.9838080403e-01 -7.8608175377e-01 5.3112624625e-15)
6.0000000000e-04	object	(-8.9536521753e+01 -5.7669768036e+01 -7.3808678031e-14)	(-7.6445561088e-01 -7.9793972207e-01 6.1896383218e-15)
6.1000000000e-04	object	(-9.0661799873e+01 -5.8133537284e+01 -7.0946253367e-14)	(-8.0523652604e-01 -7.9475244567e-01 5.4427410558e-15)
6.2000000000e-04	object	(-9.1702476579e+01 -5.8561834392e+01 -6.1320291321e-14)	(-8.0539945725e-01 -7.9749799658e-01 5.6244514365e-15)
6.3000000000e-04	object	(-9.2668580889e+01 -5.8957470420e+01 -7.0607218952e-14)	(-8.0512182647e-01 -7.9944648681e-01 5.0923379829e-15)
6.4000000000e-04	object	(-9.3558217137e+01 -5.9324071161e+01 -6.7855064510e-14)	(-8.0609991576e-01 -8.0082557185e-01 5.0975850501e-15)
6.5000000000e-04	object	(-9.4369137724e+01 -5.9664366005e+01 -6.5529114021e-14)	(-8.0871856639e-01 -8.0258268425e-01 5.0133473363e-15)
6.6000000000e-04	object	(-9.5109476887e+01 -5.9975949639e+01 -7.8212938123e-14)	(-7.9487850832e-01 -8.1202412048e-01 4.7769328388e-15)
6.7000000000e-04	object	(-9.5789043765e+01 -6.0261510369e+01 -7.9773996643e-14)	(-8.1637278114e-01 -8.0975638225e-01 4.8070445478e-15)
6.8000000000e-04	object	(-9.6410155732e+01 -6.0525356885e+01 -9.6172524491e-14)	(-8.1479327328e-01 -8.1124698048e-01 4.5550563539e-15)
6.9000000000e-04	object	(-9.6980064714e+01 -6.0769401509e+01 -8.9227920685e-14)	(-8.1528467576e-01 -8.1260308047e-01 4.8307109432e-15)
7.0000000000e-04	object	(-9.7501017657e+01 -6.0995733901e+01 -7.4754484762e-14)	(-8.1669934776e-01 -8.1376049048e-01 5.4064052913e-15)
7.1000000000e-04	object	(-9.7982764689e+01 -6.1204293785e+01 -9.5174023090e-14)	(-8.1867864554e-01 -8.1476175542e-01 4.7610231586e-15)
7.2000000000e-04	object	(-9.8435607132e+01 -6.1393953542e+01 -6.1462525464e-14)	(-8.2289468690e-01 -8.1556415353e-01 4.7551727687e-15)
7.3000000000e-04	object	(-9.8864642571e+01 -6.1568381754e+01 -6.2888154006e-14)	(-8.2330416930e-01 -8.1667539992e-01 4.3811828152e-15)
7.4000000000e-04	object	(-9.9278732641e+01 -6.1730210185e+01 -7.9738983637e-14)	(-8.1722867252e-01 -8.2015121454e-01 4.6573750427e-15)
7.5000000000e-04	object	(-9.9682871435e+01 -6.1881711872e+01 -7.6805772097e-14)	(-8.1807100326e-01 -8.2517822123e-01 5.1233702024e-15)
7.6000000000e-04	object	(-1.0007746761e+02 -6.2019931486e+01 -6.6335412092e-14)	(-8.2699273572e-01 -8.2274321903e-01 5.9524318089e-15)
7.7000000000e-04	object	(-1.0046617323e+02 -6.2148886636e+01 -7.9136653248e-14)	(-8.2574752971e-01 -8.2398886733e-01 5.7177012521e-15)
7.8000000000e-04	object	(-1.0084106143e+02 -6.2263323892e+01 -8.4230065242e-14)	(-8.2620498738e-01 -8.2496604605e-01 5.3209054544e-15)
7.9000000000e-04	object	(-1.0120769813e+02 -6.2373008616e+01 -7.7182180018e-14)	(-8.2740163334e-01 -8.2607004912e-01 6.1706756979e-15)
8.0000000000e-04	object	(-1.0156404477e+02 -6.2470487244e+01 -3.7516094210e-14)	(-8.3027387416e-01 -8.2716189070e-01 5.7689325773e-15)
8.1000000000e-04	object	(-1.0190118507e+02 -6.2565645477e+01 -5.2237424506e-14)	(-8.3151545490e-01 -8.2819993411e-01 5.3681654086e-15)
8.2000000000e-04	object	(-1.0222398281e+02 -6.2651222253e+01 -6.1688234004e-14)	(-8.3123458863e-01 -8.2900535758e-01 6.2123691337e-15)
8.3000000000e-04	object	(-1.0252926602e+02 -6.2731732780e+01 -6.3046792492e-14)	(-8.3165369576e-01 -8.2944451859e-01 5.1204412709e-15)
8.4000000000e-04	object	(-1.0281066950e+02 -6.2807585767e+01 -6.4415347714e-14)	(-8.3203701974e-01 -8.2961344881e-01 4.9961402549e-15)
8.5000000000e-04	object	(-1.0307438752e+02 -6.2875764478e+01 -5.8009711973e-14)	(-8.3202715859e-01 -8.2960640520e-01 6.3704196108e-15)
8.6000000000e-04	object	(-1.0332307317e+02 -6.2938629664e+01 -7.0944391624e-14)	(-8.3146716228e-01 -8.2952354014e-01 5.2968727161e-15)
8.7000000000e-04	object	(-1.0355444964e+02 -6.2996547150e+01 -7.5764563449e-14)	(-8.3097355311e-01 -8.2940941613e-01 6.0003492234e-15)
8.8000000000e-04	object	(-1.0376924651e+02 -6.3052417224e+01 -7.6816532582e-14)	(-8.3083121091e-01 -8.2924340001e-01 4.9036477766e-15)
8.9000000000e-04	object	(-1.0397310869e+02 -6.3106035695e+01 -5.8672114092e-14)	(-8.3060434720e-01 -8.2903702080e-01 4.6367893443e-15)
9.0000000000e-04	object	(-1.0416450487e+02 -6.3154448004e+01 -6.4046629498e-14)	(-8.2943055686e-01 -8.2960390364e-01 4.6508302957e-15)
9.1000000000e-04	object	(-1.0433842479e+02 -6.3199136326e+01 -7.3023349679e-14)	(-8.3093663918e-01 -8.3149545796e-01 4.1098835437e-15)
9.2000000000e-04	object	(-1.0449500296e+02 -6.3241876259e+01 -6.6633732854e-14)	(-8.3284475348e-01 -8.3165592066e-01 4.9513552496e-15)
9.3000000000e-04	object	(-1.0464077793e+02 -6.3281223702e+01 -7.9127262169e-14)	(-8.3360886903e-01 -8.3224562763e-01 5.2401712029e-15)
9.4000000000e-04	object	(-1.0477670948e+02 -6.3317317404e+01 -6.0994069215e-14)	(-8.3458260561e-01 -8.3318187836e-01 5.2519656694e-15)
9.5000000000e-04	object	(-1.0490300689e+02 -6.3349641304e+01 -6.1687522060e-14)	(-8.3572449990e-01 -8.3434865116e-01 4.7090123062e-15)
9.6000000000e-04	object	(-1.0501964700e+02 -6.3378505922e+01 -7.4823857852e-14)	(-8.3716234204e-01 -8.3559989024e-01 4.3053669457e-15)
9.7000000000e-04	object	(-1.0512591402e+02 -6.3408012006e+01 -7.5854521910e-14)	(-8.3827260533e-01 -8.3683282328e-01 4.2940337820e-15)
9.8000000000e-04	object	(-1.0522448300e+02 -6.3437213884e+01 -6.5590150098e-14)	(-8.3931372101e-01 -8.3798502664e-01 4.3281695233e-15)
9.9000000000e-04	object	(-1.0531661877e+02 -6.3465780384e+01 -7.8329510894e-14)	(-8.4027201465e-01 -8.3902459276e-01 4.8934849954e-15)
1.0000000000e-03	object	(-1.0540242300e+02 -6.3492704386e+01 -6.0312819620e-14)	(-8.4104482134e-01 -8.3991962686e-01 4.9159267549e-15)
1.0100000000e-03	object	(-1.0548141261e+02 -6.3517181084e+01 -7.3220068601e-14)	(-8.4166023804e-01 -8.4063793988e-01 6.1615048546e-15)
1.0200000000e-03	object	(-1.0555589633e+02 -6.3538707032e+01 -6.2813631427e-14)	(-8.4211627327e-01 -8.4118350597e-01 6.4266602917e-15)
1.0300000000e-03	object	(-1.0562601723e+02 -6.3557416937e+01 -6.4250786099e-14)	(-8.4246409788e-01 -8.4157718323e-01 5.3471453734e-15)
1.0400000000e-03	object	(-1.0569040888e+02 -6.3574847149e+01 -6.1905001575e-14)	(-8.4271014439e-01 -8.4184483105e-01 6.1915045667e-15)
1.0500000000e-03	object	(-1.0574871824e+02 -6.3591708663e+01 -6.3278226411e-14)	(-8.4286729896e-01 -8.4201868725e-01 6.1989473224e-15)
1.0600000000e-03	object	(-1.0580255327e+02 -6.3607335126e+01 -6.8472866156e-14)	(-8.4296249051e-01 -8.4212550692e-01 6.0773724067e-15)
1.0700000000e-03	object	(-1.0585252980e+02 -6.3622439305e+01 -7.3683306084e-14)	(-8.4301503783e-01 -8.4217622701e-01 4.6753684892e-15)
1.0800000000e-03	object	(-1.0589940299e+02 -6.3637120549e+01 -6.7259259202e-14)	(-8.4303800305e-01 -8.4220091169e-01 6.5443198028e-15)
1.0900000000e-03	object	(-1.0594432202e+02 -6.3651264374e+01 -6.0934122807e-14)	(-8.4304064860e-01 -8.4220126367e-01 3.9568814310e-15)
1.1000000000e-03	object	(-1.0598791654e+02 -6.3664614494e+01 -6.2089377963e-14)	(-8.4302376155e-01 -8.4218045689e-01 5.7713684102e-15)
1.1100000000e-03	object	(-1.0602968376e+02 -6.3677031827e+01 -5.5859990455e-14)	(-8.4299901377e-01 -8.4215493557e-01 3.9926383432e-15)
1.1200000000e-03	object	(-1.0606880126e+02 -6.3688622241e+01 -6.1531813218e-14)	(-8.4296559390e-01 -8.4210977997e-01 5.8234301296e-15)
1.1300000000e-03	object	(-1.0610475228e+02 -6.3699159974e+01 -6.3016686177e-14)	(-8.4292597732e-01 -8.4207342710e-01 4.7513368092e-15)
1.1400000000e-03	object	(-1.0613758254e+02 -6.3708805615e+01 -6.0586648177e-14)	(-8.4288667549e-01 -8.4203136119e-01 4.9284027173e-15)
1.1500000000e-03	object	(-1.0616773106e+02 -6.3717798187e+01 -6.1994554487e-14)	(-8.4283885235e-01 -8.4196107804e-01 5.8036013533e-15)
1.1600000000e-03	object	(-1.0619541015e+02 -6.3725959138e+01 -6.3083820498e-14)	(-8.4278370902e-01 -8.4190151139e-01 4.5899987192e-15)
1.1700000000e-03	object	(-1.0622088652e+02 -6.3733555790e+01 -6.8608066598e-14)	(-8.4273527822e-01 -8.4186246579e-01 8.4458661605e-15)
1.1800000000e-03	object	(-1.0624458414e+02 -6.3740675849e+01 -7.7379527114e-14)	(-8.4268953812e-01 -8.4180875718e-01 4.2337954757e-15)
1.1900000000e-03	object	(-1.0626718221e+02 -6.3747384850e+01 -7.4751531747e-14)	(-8.4263639070e-01 -8.4173875773e-01 5.0236194300e-15)
1.2000000000e-03	object	(-1.0628875096e+02 -6.3753742530e+01 -7.5807704045e-14)	(-8.4258067526e-01 -8.4167551703e-01 7.0574713472e-15)
1.2100000000e-03	object	(-1.0630910106e+02 -6.3759707603e+01 -7.3013030103e-14)	(-8.4252771801e-01 -8.4161953212e-01 5.4678935725e-15)
1.2200000000e-03	object	(-1.0632822433e+02 -6.3765535542e+01 -7.4114437612e-14)	(-8.4247673050e-01 -8.4156478857e-01 4.2507052392e-15)
1.2300000000e-03	object	(-1.0634647041e+02 -6.3771121659e+01 -7.1320863465e-14)	(-8.4242569089e-01 -8.4150447336e-01 4.7602837825e-15)
1.2400000000e-03	object	(-1.0636375650e+02 -6.3776438615e+01 -7.6253708457e-14)	(-8.4237539453e-01 -8.4144696942e-01 4.5776982132e-15)
1.2500000000e-03	object	(-1.0638000800e+02 -6.3781478072e+01 -7.7287296409e-14)	(-8.4232900610e-01 -8.4140039845e-01 7.9148098781e-15)
1.2600000000e-03	object	(-1.0639535052e+02 -6.3786292229e+01 -7.0476007138e-14)	(-8.4228503831e-01 -8.4135406244e-01 7.5901161984e-15)
1.2700000000e-03	object	(-1.0640963342e+02 -6.3790892030e+01 -7.5308682476e-14)	(-8.4224016216e-01 -8.4130133503e-01 8.3554998543e-15)
1.2800000000e-03	object	(-1.0642286263e+02 -6.3795287679e+01 -7.6165583782e-14)	(-8.4219530948e-01 -8.4124745960e-01 3.2745122674e-15)
1.2900000000e-03	object	(-1.0643509379e+02 -6.3799453580e+01 -8.4563288536e-14)	(-8.4215306597e-01 -8.4119858132e-01 5.1345940814e-15)
1.3000000000e-03	object	(-1.0644633464e+02 -6.3803367775e+01 -6.2164116707e-14)	(-8.4211306299e-01 -8.4115184491e-01 5.8480397814e-15)
1.3100000000e-03	object	(-1.0645673136e+02 -6.3807031516e+01 -6.3583315514e-14)	(-8.4207369753e-01 -8.4110711577e-01 5.6493482189e-15)
1.3200000000e-03	object	(-1.0646648139e+02 -6.3810453269e+01 -6.4986688599e-14)	(-8.4203662817e-01 -8.4106953339e-01 6.6614941518e-15)
1.3300000000e-03	object	(-1.0647561671e+02 -6.3813676440e+01 -5.8628533447e-14)	(-8.4200275424e-01 -8.4103566063e-01 3.6791267106e-15)
1.3400000000e-03	object	(-1.0648409755e+02 -6.3816754695e+01 -5.5831177369e-14)	(-8.4197038019e-01 -8.4100065215e-01 8.0823684229e-15)
1.3500000000e-03	object	(-1.0649194030e+02 -6.3819650512e+01 -6.1400612689e-14)	(-8.4193905168e-01 -8.4096486156e-01 7.5490638443e-15)
1.3600000000e-03	object	(-1.0649922867e+02 -6.3822347016e+01 -6.2773053181e-14)	(-8.4190950620e-01 -8.4093032555e-01 6.7953735549e-15)
1.3700000000e-03	object	(-1.0650602809e+02 -6.3824859130e+01 -5.9960081922e-14)	(-8.4188188519e-01 -8.4089840838e-01 6.5935318536e-15)
1.3800000000e-03	object	(-1.0651243795e+02 -6.3827214146e+01 -6.1741371294e-14)	(-8.4185581183e-01 -8.4086899946e-01 5.0276596084e-15)
1.3900000000e-03	object	(-1.0651859437e+02 -6.3829424767e+01 -6.3183181009e-14)	(-8.4183089178e-01 -8.4084074460e-01 4.3508384512e-15)
1.4000000000e-03	object	(-1.0652453272e+02 -6.3831502364e+01 -5.6857673555e-14)	(-8.4180683493e-01 -8.4081295236e-01 3.9787890673e-15)
1.4100000000e-03	object	(-1.0653022083e+02 -6.3833462884e+01 -6.2136453264e-14)	(-8.4178354561e-01 -8.4078630176e-01 4.0329998408e-15)
1.4200000000e-03	object	(-1.0653563253e+02 -6.3835315849e+01 -6.7045196180e-14)	(-8.4176126141e-01 -8.4076170478e-01 7.3756128234e-15)
1.4300000000e-03	object	(-1.0654068870e+02 -6.3837063407e+01 -5.7064048450e-14)	(-8.4174057487e-01 -8.4073979099e-01 7.9007915907e-15)
1.4400000000e-03	object	(-1.0654541417e+02 -6.3838705416e+01 -6.6172933815e-14)	(-8.4172157629e-01 -8.4071896798e-01 8.4368116065e-15)
1.4500000000e-03	object	(-1.0654983165e+02 -6.3840244536e+01 -6.7464922199e-14)	(-8.4170338898e-01 -8.4069773783e-01 7.1519141200e-15)
1.4600000000e-03	object	(-1.0655395931e+02 -6.3841689341e+01 -6.8774640327e-14)	(-8.4168593677e-01 -8.4067808558e-01 6.8180153044e-15)
1.4700000000e-03	object	(-1.0655782358e+02 -6.3843048112e+01 -6.6185176787e-14)	(-8.4166970040e-01 -8.4066063391e-01 4.2947913320e-15)
1.4800000000e-03	object	(-1.0656145366e+02 -6.3844325798e+01 -6.7467963729e-14)	(-8.4165450133e-01 -8.4064421560e-01 5.5203398100e-15)
1.4900000000e-03	object	(-1.0656485343e+02 -6.3845525125e+01 -6.8426080756e-14)	(-8.4164018345e-01 -8.4062853971e-01 4.7360512964e-15)
1.5000000000e-03	object	(-1.0656802523e+02 -6.3846643422e+01 -6.6051944982e-14)	(-8.4162689491e-01 -8.4061386279e-01 4.7751011563e-15)
1.5100000000e-03	object	(-1.0657099812e+02 -6.3847681101e+01 -7.0834096302e-14)	(-8.4161461955e-01 -8.4060024192e-01 7.4454323729e-15)
1.5200000000e-03	object	(-1.0657379513e+02 -6.3848653060e+01 -7.2333365961e-14)	(-8.4160318059e-01 -8.4058753250e-01 6.8908039475e-15)
1.5300000000e-03	object	(-1.0657642725e+02 -6.3849563171e+01 -7.3421159707e-14)	(-8.4159246042e-01 -8.4057551545e-01 6.7895736495e-15)
1.5400000000e-03	object	(-1.0657890163e+02 -6.3850420540e+01 -7.4203994837e-14)	(-8.4158239356e-01 -8.4056405286e-01 6.0472833513e-15)
1.5500000000e-03	object	(-1.0658122650e+02 -6.3851232217e+01 -7.5347199911e-14)	(-8.4157288499e-01 -8.4055316067e-01 6.2966719771e-15)
1.5600000000e-03	object	(-1.0658341003e+02 -6.3852000974e+01 -7.6424278237e-14)	(-8.4156387505e-01 -8.4054291475e-01 6.6366380206e-15)
1.5700000000e-03	object	(-1.0658545756e+02 -6.3852726475e+01 -7.3551048960e-14)	(-8.4155536724e-01 -8.4053333776e-01 6.4386377533e-15)
1.5800000000e-03	object	(-1.0658737566e+02 -6.3853408421e+01 -7.4883657037e-14)	(-8.4154736308e-01 -8.4052437498e-01 5.7865744668e-15)
1.5900000000e-03	object	(-1.0658917295e+02 -6.3854047893e+01 -7.5887111748e-14)	(-8.4153982386e-01 -8.4051593347e-01 5.4043770343e-15)
1.6000000000e-03	object	(-1.0659085604e+02 -6.3854647241e+01 -6.5549124576e-14)	(-8.4153269736e-01 -8.4050792670e-01 4.9340262417e-15)
1.6100000000e-03	object	(-1.0659243065e+02 -6.3855209329e+01 -7.4366760042e-14)	(-8.4152594552e-01 -8.4050029764e-01 8.3029979103e-15)
1.6200000000e-03	object	(-1.0659390340e+02 -6.3855736910e+01 -7.5322892013e-14)	(-8.4151953793e-01 -8.4049302449e-01 7.9911895799e-15)
1.6300000000e-03	object	(-1.0659528004e+02 -6.3856232492e+01 -6.4962912690e-14)	(-8.4151344694e-01 -8.4048611378e-01 8.5338691730e-15)
1.6400000000e-03	object	(-1.0659656653e+02 -6.3856698327e+01 -6.5820855905e-14)	(-8.4150765594e-01 -8.4047958281e-01 8.5389308730e-15)
1.6500000000e-03	object	(-1.0659777237e+02 -6.3857136221e+01 -7.4969706938e-14)	(-8.4150216140e-01 -8.4047344084e-01 8.4533724328e-15)
1.6600000000e-03	object	(-1.0659890715e+02 -6.3857544170e+01 -7.5543229047e-14)	(-8.4149696357e-01 -8.4046767976e-01 8.5504975334e-15)
1.6700000000e-03	object	(-1.0659997728e+02 -6.3857928310e+01 -6.5264682313e-14)	(-8.4149205964e-01 -8.4046227778e-01 8.7692238046e-15)
1.6800000000e-03	object	(-1.0660098615e+02 -6.3858289506e+01 -7.8159441422e-14)	(-8.4148744404e-01 -8.4045720876e-01 6.1148584476e-15)
1.6900000000e-03	object	(-1.0660193595e+02 -6.3858628279e+01 -7.4847952328e-14)	(-8.4148310998e-01 -8.4045244861e-01 6.9760416154e-15)
1.7000000000e-03	object	(-1.0660282899e+02 -6.3858947324e+01 -7.6046393738e-14)	(-8.4147904791e-01 -8.4044797701e-01 6.8692572687e-15)
1.7100000000e-03	object	(-1.0660366804e+02 -6.3859248142e+01 -7.6905262959e-14)	(-8.4147524441e-01 -8.4044377650e-01 7.2058283515e-15)
1.7200000000e-03	object	(-1.0660445612e+02 -6.3859531513e+01 -7.7779185530e-14)	(-8.4147168341e-01 -8.4043983126e-01 7.1888343868e-15)
1.7300000000e-03	object	(-1.0660519635e+02 -6.3859798123e+01 -6.3604302972e-14)	(-8.4146834817e-01 -8.4043612656e-01 7.7158577618e-15)
1.7400000000e-03	object	(-1.0660589217e+02 -6.3860048647e+01 -6.1065824215e-14)	(-8.4146522231e-01 -8.4043264842e-01 7.7270697205e-15)
1.7500000000e-03	object	(-1.0660654604e+02 -6.3860283784e+01 -6.2123509528e-14)	(-8.4146229059e-01 -8.4042938348e-01 7.9305089556e-15)
1.7600000000e-03	object	(-1.0660715924e+02 -6.3860504289e+01 -5.9912469297e-14)	(-8.4145953950e-01 -8.4042631910e-01 7.7819666287e-15)
1.7700000000e-03	object	(-1.0660773589e+02 -6.3860710950e+01 -7.6564985734e-14)	(-8.4145695760e-01 -8.4042344360e-01 8.0001817279e-15)
1.7800000000e-03	object	(-1.0660827756e+02 -6.3860904559e+01 -7.7424397244e-14)	(-8.4145453516e-01 -8.4042074636e-01 8.0758953208e-15)
1.7900000000e-03	object	(-1.0660878473e+02 -6.3861085884e+01 -7.8299678848e-14)	(-8.4145226358e-01 -8.4041821765e-01 8.0932174708e-15)
1.8000000000e-03	object	(-1.0660925947e+02 -6.3861255664e+01 -7.9135755787e-14)	(-8.4145013496e-01 -8.4041584837e-01 5.8638034084e-15)
1.8100000000e-03	object	(-1.0660970518e+02 -6.3861414607e+01 -7.6121817080e-14)	(-8.4144814179e-01 -8.4041362988e-01 4.9336923270e-15)
1.8200000000e-03	object	(-1.0661012465e+02 -6.3861563389e+01 -7.3074742255e-14)	(-8.4144627682e-01 -8.4041155391e-01 4.8748595339e-15)
1.8300000000e-03	object	(-1.0661051953e+02 -6.3861702658e+01 -6.2412089842e-14)	(-8.4144453288e-01 -8.4040961239e-01 4.9238488654e-15)
1.8400000000e-03	object	(-1.0661089094e+02 -6.3861833026e+01 -6.3769105336e-14)	(-8.4144290279e-01 -8.4040779707e-01 4.8696393215e-15)
1.8500000000e-03	object	(-1.0661123998e+02 -6.3861955070e+01 -6.1586496949e-14)	(-8.4144137938e-01 -8.4040609966e-01 5.0087544842e-15)
1.8600000000e-03	object	(-1.0661156776e+02 -6.3862069336e+01 -6.2626324365e-14)	(-8.4143995559e-01 -8.4040451216e-01 4.8819569990e-15)
1.8700000000e-03	object	(-1.0661187541e+02 -6.3862176333e+01 -7.5291705277e-14)	(-8.4143862463e-01 -8.4040302713e-01 4.9168945731e-15)
1.8800000000e-03	object	(-1.0661216405e+02 -6.3862276543e+01 -7.6407211481e-14)	(-8.4143738008e-01 -8.4040163777e-01 4.9488756349e-15)
1.8900000000e-03	object	(-1.0661243475e+02 -6.3862370414e+01 -7.6910902309e-14)	(-8.4143621596e-01 -8.4040033778e-01 6.5126193664e-15)
1.9000000000e-03	object	(-1.0661268851e+02 -6.3862458364e+01 -7.4155411359e-14)	(-8.4143512675e-01 -8.4039912128e-01 6.6990226846e-15)
1.9100000000e-03	object	(-1.0661292626e+02 -6.3862540779e+01 -7.4575591621e-14)	(-8.4143410734e-01 -8.4039798270e-01 7.0682867654e-15)
1.9200000000e-03	object	(-1.0661314889e+02 -6.3862618020e+01 -6.0357226082e-14)	(-8.4143315300e-01 -8.4039691683e-01 7.3499228725e-15)
1.9300000000e-03	object	(-1.0661335730e+02 -6.3862690420e+01 -5.7890423555e-14)	(-8.4143225937e-01 -8.4039591876e-01 7.6293145564e-15)
1.9400000000e-03	object	(-1.0661355239e+02 -6.3862758291e+01 -5.9249314558e-14)	(-8.4143142241e-01 -8.4039498392e-01 7.9051206101e-15)
1.9500000000e-03	object	(-1.0661373508e+02 -6.3862821921e+01 -7.5608039462e-14)	(-8.4143063837e-01 -8.4039410811e-01 8.1898293853e-15)
1.9600000000e-03	object	(-1.0661390625e+02 -6.3862881580e+01 -7.6735804723e-14)	(-8.4142990377e-01 -8.4039328741e-01 8.2850680073e-15)
1.9700000000e-03	object	(-1.0661406675e+02 -6.3862937521e+01 -7.3594860826e-14)	(-8.4142921535e-01 -8.4039251820e-01 8.3807057981e-15)
1.9800000000e-03	object	(-1.0661421733e+02 -6.3862989979e+01 -7.4400771679e-14)	(-8.4142857007e-01 -8.4039179711e-01 8.6513247056e-15)
1.9900000000e-03	object	(-1.0661435865e+02 -6.3863039176e+01 -7.5189652193e-14)	(-8.4142796505e-01 -8.4039112090e-01 8.9180252726e-15)
2.0000000000e-03	object	(-1.0661449129e+02 -6.3863085316e+01 -7.5636091639e-14)	(-8.4142739755e-01 -8.4039048639e-01 8.9984391879e-15)
2.0100000000e-03	object	(-1.0661461578e+02 -6.3863128590e+01 -7.2904386287e-14)	(-8.4142686498e-01 -8.4038989071e-01 9.0776453377e-15)
2.0200000000e-03	object	(-1.0661473260e+02 -6.3863169176e+01 -7.7184599513e-14)	(-8.4142636501e-01 -8.4038933156e-01 9.2464104311e-15)
2.0300000000e-03	object	(-1.0661484220e+02 -6.3863207242e+01 -7.4388825134e-14)	(-8.4142589575e-01 -8.4038880729e-01 9.2337301697e-15)
2.0400000000e-03	object	(-1.0661494501e+02 -6.3863242949e+01 -7.1335246228e-14)	(-8.4142545556e-01 -8.4038831625e-01 9.4032716494e-15)
2.0500000000e-03	object	(-1.0661504143e+02 -6.3863276445e+01 -7.9822602933e-14)	(-8.4142504288e-01 -8.4038785642e-01 9.4817649040e-15)
2.0600000000e-03	object	(-1.0661513187e+02 -6.3863307870e+01 -7.6734853713e-14)	(-8.4142465608e-01 -8.4038742546e-01 9.1954678861e-15)
2.0700000000e-03	object	(-1.0661521668e+02 -6.3863337354e+01 -7.3627501859e-14)	(-8.4142429348e-01 -8.4038702113e-01 8.9984841043e-15)
2.0800000000e-03	object	(-1.0661529622e+02 -6.3863365016e+01 -6.6280833952e-14)	(-8.4142395345e-01 -8.4038664149e-01 8.8011783217e-15)
2.0900000000e-03	object	(-1.0661537080e+02 -6.3863390972e+01 -7.9037154467e-14)	(-8.4142363447e-01 -8.4038628493e-01 8.7845120697e-15)
2.1000000000e-03	object	(-1.0661544074e+02 -6.3863415325e+01 -7.2100713408e-14)	(-8.4142333511e-01 -8.4038595008e-01 8.8585230085e-15)
2.1100000000e-03	object	(-1.0661550633e+02 -6.3863438177e+01 -7.2795729109e-14)	(-8.4142305406e-01 -8.4038563568e-01 8.9323016588e-15)
2.1200000000e-03	object	(-1.0661556783e+02 -6.3863459620e+01 -7.3605393541e-14)	(-8.4142279012e-01 -8.4038534051e-01 9.0059841367e-15)
2.1300000000e-03	object	(-1.0661562551e+02 -6.3863479742e+01 -7.8252033463e-14)	(-8.4142254222e-01 -8.4038506342e-01 8.9890892417e-15)
2.1400000000e-03	object	(-1.0661567958e+02 -6.3863498625e+01 -7.8974072694e-14)	(-8.4142230935e-01 -8.4038480330e-01 8.6997872964e-15)
2.1500000000e-03	object	(-1.0661573029e+02 -6.3863516344e+01 -7.5915614557e-14)	(-8.4142209062e-01 -8.4038455911e-01 8.8642577793e-15)
2.1600000000e-03	object	(-1.0661577784e+02 -6.3863532973e+01 -8.0596536142e-14)	(-8.4142188520e-01 -8.4038432986e-01 9.0292758317e-15)
2.1700000000e-03	object	(-1.0661582243e+02 -6.3863548578e+01 -7.7462318951e-14)	(-8.4142169233e-01 -8.4038411463e-01 9.0125471437e-15)
2.1800000000e-03	object	(-1.0661586425e+02 -6.3863563222e+01 -7.4357621172e-14)	(-8.4142151125e-01 -8.4038391258e-01 8.9044791579e-15)
2.1900000000e-03	object	(-1.0661590347e+02 -6.3863576965e+01 -7.8955389921e-14)	(-8.4142134126e-01 -8.4038372289e-01 9.2519892082e-15)
2.2000000000e-03	object	(-1.0661594025e+02 -6.3863589862e+01 -7.5840973939e-14)	(-8.4142118170e-01 -8.4038354480e-01 9.1457819656e-15)
2.2100000000e-03	object	(-1.0661597474e+02 -6.3863601966e+01 -8.0237035657e-14)	(-8.4142103191e-01 -8.4038337761e-01 9.2220080755e-15)
2.2200000000e-03	object	(-1.0661600710e+02 -6.3863613326e+01 -7.3506203673e-14)	(-8.4142089128e-01 -8.4038322063e-01 9.2066975657e-15)
2.2300000000e-03	object	(-1.0661603744e+02 -6.3863623987e+01 -7.4276413378e-14)	(-8.4142075925e-01 -8.4038307324e-01 9.1910291079e-15)
2.2400000000e-03	object	(-1.0661606591e+02 -6.3863633993e+01 -7.8646532447e-14)	(-8.4142063527e-01 -8.4038293485e-01 9.0842413706e-15)
2.2500000000e-03	object	(-1.0661609261e+02 -6.3863643384e+01 -7.9682720077e-14)	(-8.4142051885e-01 -8.4038280490e-01 9.0683985007e-15)
2.2600000000e-03	object	(-1.0661611766e+02 -6.3863652199e+01 -8.0155340883e-14)	(-8.4142040952e-01 -8.4038268286e-01 9.0529659517e-15)
2.2700000000e-03	object	(-1.0661614116e+02 -6.3863660472e+01 -7.3467513165e-14)	(-8.4142030684e-01 -8.4038256827e-01 9.1284787440e-15)
2.2800000000e-03	object	(-1.0661616320e+02 -6.3863668237e+01 -7.4171503655e-14)	(-8.4142021042e-01 -8.4038246066e-01 9.2038835111e-15)
2.2900000000e-03	object	(-1.0661618388e+02 -6.3863675525e+01 -7.4979929835e-14)	(-8.4142011987e-01 -8.4038235962e-01 9.0974048914e-15)
2.3000000000e-03	object	(-1.0661620329e+02 -6.3863682365e+01 -7.9277420738e-14)	(-8.4142003484e-01 -8.4038226473e-01 9.0813036994e-15)
2.3100000000e-03	object	(-1.0661622150e+02 -6.3863688786e+01 -7.6471230592e-14)	(-8.4141995499e-01 -8.4038217564e-01 9.1561053532e-15)
2.3200000000e-03	object	(-1.0661623858e+02 -6.3863694812e+01 -7.3371969228e-14)	(-8.4141988001e-01 -8.4038209198e-01 9.1408157592e-15)
2.3300000000e-03	object	(-1.0661625461e+02 -6.3863700469e+01 -7.4058719770e-14)	(-8.4141980960e-01 -8.4038201342e-01 9.1246020049e-15)
2.3400000000e-03	object	(-1.0661626966e+02 -6.3863705778e+01 -7.8709522317e-14)	(-8.4141974348e-01 -8.4038193965e-01 9.1994858639e-15)
2.3500000000e-03	object	(-1.0661628377e+02 -6.3863710761e+01 -7.9147131340e-14)	(-8.4141968140e-01 -8.4038187038e-01 9.1835554895e-15)
2.3600000000e-03	object	(-1.0661629702e+02 -6.3863715439e+01 -7.6296046245e-14)	(-8.4141962310e-01 -8.4038180533e-01 9.2582200124e-15)
2.3700000000e-03	object	(-1.0661630946e+02 -6.3863719829e+01 -7.3195778944e-14)	(-8.4141956836e-01 -8.4038174425e-01 9.1514023992e-15)
2.3800000000e-03	object	(-1.0661632113e+02 -6.3863723950e+01 -7.3952995836e-14)	(-8.4141951695e-01 -8.4038168689e-01 9.1348855884e-15)
2.3900000000e-03	object	(-1.0661633208e+02 -6.3863727818e+01 -5.9403870005e-14)	(-8.4141946868e-01 -8.4038163304e-01 9.1189935813e-15)
2.4000000000e-03	object	(-1.0661634236e+02 -6.3863731449e+01 -6.0800193599e-14)	(-8.4141942335e-01 -8.4038158246e-01 9.1025580031e-15)
2.4100000000e-03	object	(-1.0661635200e+02 -6.3863734858e+01 -5.8298381246e-14)	(-8.4141938078e-01 -8.4038153498e-01 9.2685353584e-15)
2.4200000000e-03	object	(-1.0661636106e+02 -6.3863738057e+01 -5.9350120720e-14)	(-8.4141934081e-01 -8.4038149039e-01 9.1622593055e-15)
2.4300000000e-03	object	(-1.0661636956e+02 -6.3863741060e+01 -6.1037983728e-14)	(-8.4141930327e-01 -8.4038144851e-01 9.2371633775e-15)
2.4400000000e-03	object	(-1.0661637754e+02 -6.3863743879e+01 -5.8529104781e-14)	(-8.4141926803e-01 -8.4038140919e-01 9.1303453275e-15)
2.4500000000e-03	object	(-1.0661638502e+02 -6.3863746526e+01 -5.9902513651e-14)	(-8.4141923493e-01 -8.4038137227e-01 9.2044907164e-15)
2.4600000000e-03	object	(-1.0661639205e+02 -6.3863749010e+01 -6.1303149538e-14)	(-8.4141920385e-01 -8.4038133760e-01 9.1882916867e-15)
2.4700000000e-03	object	(-1.0661639865e+02 -6.3863751342e+01 -5.8477751794e-14)	(-8.4141917466e-01 -8.4038130505e-01 9.1724037964e-15)
2.4800000000e-03	object	(-1.0661640484e+02 -6.3863753532e+01 -5.9843789289e-14)	(-8.4141914726e-01 -8.4038127448e-01 9.0660453211e-15)
2.4900000000e-03	object	(-1.0661641065e+02 -6.3863755587e+01 -5.7659414545e-14)	(-8.4141912153e-01 -8.4038124578e-01 9.0505844195e-15)
2.5000000000e-03	object	(-1.0661641611e+02 -6.3863757516e+01 -5.9031699311e-14)	(-8.4141909736e-01 -8.4038121882e-01 9.1250726444e-15)
2.5100000000e-03	object	(-1.0661642123e+02 -6.3863759327e+01 -6.0418312953e-14)	(-8.4141907467e-01 -8.4038119351e-01 9.1083777498e-15)
2.5200000000e-03	object	(-1.0661642604e+02 -6.3863761028e+01 -5.7906435972e-14)	(-8.4141905337e-01 -8.4038116975e-01 8.9105051397e-15)
2.5300000000e-03	object	(-1.0661643055e+02 -6.3863762624e+01 -5.8990621711e-14)	(-8.4141903336e-01 -8.4038114743e-01 9.1669305988e-15)
2.5400000000e-03	object	(-1.0661643479e+02 -6.3863764122e+01 -6.0705357842e-14)	(-8.4141901457e-01 -8.4038112648e-01 9.1512161129e-15)
2.5500000000e-03	object	(-1.0661643877e+02 -6.3863765529e+01 -5.8249523183e-14)	(-8.4141899693e-01 -8.4038110680e-01 9.3169682673e-15)
2.5600000000e-03	object	(-1.0661644250e+02 -6.3863766850e+01 -5.9600950880e-14)	(-8.4141898037e-01 -8.4038108833e-01 9.1191947104e-15)
2.5700000000e-03	object	(-1.0661644601e+02 -6.3863768089e+01 -6.0987624147e-14)	(-8.4141896482e-01 -8.4038107098e-01 9.1028020475e-15)
2.5800000000e-03	object	(-1.0661644930e+02 -6.3863769253e+01 -5.8502270009e-14)	(-8.4141895021e-01 -8.4038105469e-01 9.0865575207e-15)
2.5900000000e-03	object	(-1.0661645238e+02 -6.3863770346e+01 -5.9836396492e-14)	(-8.4141893650e-01 -8.4038103940e-01 9.0700979826e-15)
2.6000000000e-03	object	(-1.0661645528e+02 -6.3863771372e+01 -5.7343364489e-14)	(-8.4141892362e-01 -8.4038102504e-01 9.0541193416e-15)
2.6100000000e-03	object	(-1.0661645801e+02 -6.3863772335e+01 -5.8477564204e-14)	(-8.4141891153e-01 -8.4038101155e-01 9.1295757525e-15)
2.6200000000e-03	object	(-1.0661646056e+02 -6.3863773239e+01 -5.9871786085e-14)	(-8.4141890018e-01 -8.4038099889e-01 9.2038885753e-15)
2.6300000000e-03	object	(-1.0661646296e+02 -6.3863774088e+01 -6.1246915160e-14)	(-8.4141888952e-01 -8.4038098700e-01 9.1870177351e-15)
2.6400000000e-03	object	(-1.0661646521e+02 -6.3863774885e+01 -5.9053330474e-14)	(-8.4141887951e-01 -8.4038097584e-01 9.1706507244e-15)
2.6500000000e-03	object	(-1.0661646733e+02 -6.3863775633e+01 -5.6224873117e-14)	(-8.4141887011e-01 -8.4038096535e-01 9.1548122581e-15)
2.6600000000e-03	object	(-1.0661646931e+02 -6.3863776336e+01 -5.7941861397e-14)	(-8.4141886128e-01 -8.4038095551e-01 9.0477878202e-15)
2.6700000000e-03	object	(-1.0661647118e+02 -6.3863776995e+01 -5.9338351574e-14)	(-8.4141885300e-01 -8.4038094627e-01 9.2132552253e-15)
2.6800000000e-03	object	(-1.0661647293e+02 -6.3863777615e+01 -5.6843089615e-14)	(-8.4141884522e-01 -8.4038093759e-01 9.1968492136e-15)
2.6900000000e-03	object	(-1.0661647457e+02 -6.3863778196e+01 -6.2122615498e-14)	(-8.4141883791e-01 -8.4038092945e-01 9.0895318303e-15)
2.7000000000e-03	object	(-1.0661647611e+02 -6.3863778742e+01 -6.3477109172e-14)	(-8.4141883105e-01 -8.4038092180e-01 9.1646008031e-15)
2.7100000000e-03	object	(-1.0661647756e+02 -6.3863779254e+01 -5.7106513059e-14)	(-8.4141882461e-01 -8.4038091461e-01 9.1490818150e-15)
2.7200000000e-03	object	(-1.0661647892e+02 -6.3863779735e+01 -6.2380707224e-14)	(-8.4141881856e-01 -8.4038090787e-01 9.2232277513e-15)
2.7300000000e-03	object	(-1.0661648020e+02 -6.3863780187e+01 -5.2137957815e-14)	(-8.4141881289e-01 -8.4038090154e-01 9.1159503479e-15)
2.7400000000e-03	object	(-1.0661648139e+02 -6.3863780611e+01 -6.0956122255e-14)	(-8.4141880756e-01 -8.4038089559e-01 9.1900107935e-15)
2.7500000000e-03	object	(-1.0661648252e+02 -6.3863781009e+01 -6.2684357773e-14)	(-8.4141880255e-01 -8.4038089001e-01 9.0830324134e-15)
2.7600000000e-03	object	(-1.0661648357e+02 -6.3863781383e+01 -5.6333361332e-14)	(-8.4141879785e-01 -8.4038088477e-01 9.0669874187e-15)
2.7700000000e-03	object	(-1.0661648457e+02 -6.3863781734e+01 -5.7707630751e-14)	(-8.4141879344e-01 -8.4038087984e-01 9.1420131839e-15)
2.7800000000e-03	object	(-1.0661648550e+02 -6.3863782064e+01 -6.2963527159e-14)	(-8.4141878929e-01 -8.4038087522e-01 9.2168489078e-15)
2.7900000000e-03	object	(-1.0661648637e+02 -6.3863782373e+01 -6.0141848718e-14)	(-8.4141878540e-01 -8.4038087088e-01 9.2003864111e-15)
2.8000000000e-03	object	(-1.0661648719e+02 -6.3863782663e+01 -5.7964213366e-14)	(-8.4141878175e-01 -8.4038086681e-01 9.0024307410e-15)
2.8100000000e-03	object	(-1.0661648796e+02 -6.3863782936e+01 -5.9323006483e-14)	(-8.4141877832e-01 -8.4038086298e-01 9.0771347611e-15)
2.8200000000e-03	object	(-1.0661648869e+02 -6.3863783192e+01 -6.0679083256e-14)	(-8.4141877510e-01 -8.4038085939e-01 9.2429547310e-15)
2.8300000000e-03	object	(-1.0661648936e+02 -6.3863783433e+01 -6.2148085328e-14)	(-8.4141877207e-01 -8.4038085602e-01 9.2269961097e-15)
2.8400000000e-03	object	(-1.0661649000e+02 -6.3863783658e+01 -6.3534579653e-14)	(-8.4141876923e-01 -8.4038085285e-01 9.2111769017e-15)
2.8500000000e-03	object	(-1.0661649060e+02 -6.3863783870e+01 -5.3294495758e-14)	(-8.4141876657e-01 -8.4038084988e-01 9.1940905352e-15)
2.8600000000e-03	object	(-1.0661649116e+02 -6.3863784069e+01 -6.2466304319e-14)	(-8.4141876406e-01 -8.4038084709e-01 8.9956715797e-15)
2.8700000000e-03	object	(-1.0661649169e+02 -6.3863784256e+01 -5.9948799086e-14)	(-8.4141876171e-01 -8.4038084447e-01 8.9797517006e-15)
2.8800000000e-03	object	(-1.0661649219e+02 -6.3863784432e+01 -6.1345352669e-14)	(-8.4141875951e-01 -8.4038084200e-01 9.0548121772e-15)
2.8900000000e-03	object	(-1.0661649265e+02 -6.3863784596e+01 -5.8851767402e-14)	(-8.4141875743e-01 -8.4038083969e-01 9.1298067565e-15)
2.9000000000e-03	object	(-1.0661649309e+02 -6.3863784751e+01 -5.6372780162e-14)	(-8.4141875549e-01 -8.4038083752e-01 9.0223068033e-15)
2.9100000000e-03	object	(-1.0661649350e+02 -6.3863784896e+01 -6.1659605760e-14)	(-8.4141875366e-01 -8.4038083549e-01 9.0056059592e-15)
2.9200000000e-03	object	(-1.0661649388e+02 -6.3863785032e+01 -5.9177447059e-14)	(-8.4141875195e-01 -8.4038083357e-01 9.0800605791e-15)
2.9300000000e-03	object	(-1.0661649424e+02 -6.3863785160e+01 -6.0573396776e-14)	(-8.4141875034e-01 -8.4038083178e-01 8.9731780671e-15)
2.9400000000e-03	object	(-1.0661649458e+02 -6.3863785281e+01 -6.1980928898e-14)	(-8.4141874882e-01 -8.4038083009e-01 9.1385424824e-15)
2.9500000000e-03	object	(-1.0661649490e+02 -6.3863785393e+01 -7.8398385763e-14)	(-8.4141874740e-01 -8.4038082851e-01 9.1223374277e-15)
2.9600000000e-03	object	(-1.0661649520e+02 -6.3863785499e+01 -7.1106877189e-14)	(-8.4141874607e-01 -8.4038082702e-01 9.1966966183e-15)
2.9700000000e-03	object	(-1.0661649548e+02 -6.3863785599e+01 -7.6003766505e-14)	(-8.4141874482e-01 -8.4038082563e-01 9.0896943015e-15)
2.9800000000e-03	object	(-1.0661649575e+02 -6.3863785692e+01 -8.0671124638e-14)	(-8.4141874364e-01 -8.4038082431e-01 9.0736410632e-15)
2.9900000000e-03	object	(-1.0661649599e+02 -6.3863785780e+01 -7.7549560459e-14)	(-8.4141874254e-01 -8.4038082308e-01 9.2389413073e-15)
3.0000000000e-03	object	(-1.0661649623e+02 -6.3863785862e+01 -7.4351764634e-14)	(-8.4141874150e-01 -8.4038082193e-01 9.0409030791e-15)
3.0100000000e-03	object	(-1.0661649644e+02 -6.3863785939e+01 -7.4832399334e-14)	(-8.4141874053e-01 -8.4038082084e-01 9.1153656634e-15)
3.0200000000e-03	object	(-1.0661649665e+02 -6.3863786012e+01 -7.9746023475e-14)	(-8.4141873962e-01 -8.4038081983e-01 9.1893134938e-15)
3.0300000000e-03	object	(-1.0661649684e+02 -6.3863786080e+01 -8.0482490041e-14)	(-8.4141873876e-01 -8.4038081887e-01 9.1727166594e-15)
3.0400000000e-03	object	(-1.0661649702e+02 -6.3863786144e+01 -7.3505701800e-14)	(-8.4141873796e-01 -8.4038081797e-01 9.1571681456e-15)
3.0500000000e-03	object	(-1.0661649719e+02 -6.3863786204e+01 -7.8106911159e-14)	(-8.4141873720e-01 -8.4038081713e-01 9.0509864218e-15)
3.0600000000e-03	object	(-1.0661649735e+02 -6.3863786261e+01 -7.8854099140e-14)	(-8.4141873649e-01 -8.4038081634e-01 9.0354802146e-15)
3.0700000000e-03	object	(-1.0661649750e+02 -6.3863786314e+01 -7.9660757496e-14)	(-8.4141873582e-01 -8.4038081559e-01 9.1103689197e-15)
3.0800000000e-03	object	(-1.0661649764e+02 -6.3863786363e+01 -7.6187016521e-14)	(-8.4141873520e-01 -8.4038081490e-01 9.0032730806e-15)
3.0900000000e-03	object	(-1.0661649777e+02 -6.3863786410e+01 -7.3070288024e-14)	(-8.4141873461e-01 -8.4038081424e-01 9.0774807736e-15)
3.1000000000e-03	object	(-1.0661649790e+02 -6.3863786454e+01 -7.3845269818e-14)	(-8.4141873406e-01 -8.4038081362e-01 9.0612906380e-15)
3.1100000000e-03	object	(-1.0661649801e+02 -6.3863786495e+01 -7.4862990646e-14)	(-8.4141873354e-01 -8.4038081305e-01 9.0451017004e-15)
3.1200000000e-03	object	(-1.0661649812e+02 -6.3863786534e+01 -7.9505956412e-14)	(-8.4141873305e-01 -8.4038081250e-01 9.1198318695e-15)
3.1300000000e-03	object	(-1.0661649822e+02 -6.3863786570e+01 -7.6386877607e-14)	(-8.4141873260e-01 -8.4038081200e-01 9.1946774431e-15)
3.1400000000e-03	object	(-1.0661649832e+02 -6.3863786604e+01 -7.2900104496e-14)	(-8.4141873217e-01 -8.4038081152e-01 9.0875573354e-15)
3.1500000000e-03	object	(-1.0661649841e+02 -6.3863786636e+01 -7.7873539593e-14)	(-8.4141873177e-01 -8.4038081107e-01 8.9807427765e-15)
3.1600000000e-03	object	(-1.0661649850e+02 -6.3863786666e+01 -7.8291525298e-14)	(-8.4141873139e-01 -8.4038081065e-01 9.2367643921e-15)
3.1700000000e-03	object	(-1.0661649858e+02 -6.3863786694e+01 -7.5463809431e-14)	(-8.4141873103e-01 -8.4038081025e-01 9.0387152539e-15)
3.1800000000e-03	object	(-1.0661649865e+02 -6.3863786721e+01 -8.0134974016e-14)	(-8.4141873070e-01 -8.4038080988e-01 9.2036707072e-15)
3.1900000000e-03	object	(-1.0661649872e+02 -6.3863786746e+01 -7.3110105485e-14)	(-8.4141873039e-01 -8.4038080953e-01 9.0964547890e-15)
3.2000000000e-03	object	(-1.0661649879e+02 -6.3863786769e+01 -7.3825887179e-14)	(-8.4141873009e-01 -8.4038080920e-01 9.0803079730e-15)
3.2100000000e-03	object	(-1.0661649885e+02 -6.3863786791e+01 -7.4282211621e-14)	(-8.4141872982e-01 -8.4038080890e-01 9.0641804909e-15)
3.2200000000e-03	object	(-1.0661649891e+02 -6.3863786811e+01 -7.9178137337e-14)	(-8.4141872956e-01 -8.4038080861e-01 9.0483264584e-15)
3.2300000000e-03	object	(-1.0661649896e+02 -6.3863786831e+01 -7.9954748111e-14)	(-8.4141872932e-01 -8.4038080834e-01 9.3045225944e-15)
3.2400000000e-03	object	(-1.0661649901e+02 -6.3863786849e+01 -7.6541678642e-14)	(-8.4141872909e-01 -8.4038080808e-01 9.1066253621e-15)
3.2500000000e-03	object	(-1.0661649906e+02 -6.3863786866e+01 -7.7526029281e-14)	(-8.4141872887e-01 -8.4038080784e-01 9.2719984296e-15)
3.2600000000e-03	object	(-1.0661649911e+02 -6.3863786882e+01 -7.8316592160e-14)	(-8.4141872867e-01 -8.4038080762e-01 9.1652935178e-15)
3.2700000000e-03	object	(-1.0661649915e+02 -6.3863786897e+01 -7.9077030708e-14)	(-8.4141872848e-01 -8.4038080741e-01 9.1491311815e-15)
3.2800000000e-03	object	(-1.0661649919e+02 -6.3863786911e+01 -7.5904122419e-14)	(-8.4141872831e-01 -8.4038080721e-01 9.2233981810e-15)
3.2900000000e-03	object	(-1.0661649923e+02 -6.3863786924e+01 -7.6713681296e-14)	(-8.4141872814e-01 -8.4038080702e-01 9.1159865194e-15)
3.3000000000e-03	object	(-1.0661649926e+02 -6.3863786937e+01 -7.7405526493e-14)	(-8.4141872798e-01 -8.4038080685e-01 9.0994379410e-15)
3.3100000000e-03	object	(-1.0661649929e+02 -6.3863786948e+01 -7.3932645539e-14)	(-8.4141872784e-01 -8.4038080668e-01 9.0833705827e-15)
3.3200000000e-03	object	(-1.0661649932e+02 -6.3863786959e+01 -7.1138887736e-14)	(-8.4141872770e-01 -8.4038080653e-01 9.1585834029e-15)
3.3300000000e-03	object	(-1.0661649935e+02 -6.3863786970e+01 -7.9600542688e-14)	(-8.4141872757e-01 -8.4038080639e-01 9.1431882431e-15)
3.3400000000e-03	object	(-1.0661649938e+02 -6.3863786979e+01 -7.2618755305e-14)	(-8.4141872745e-01 -8.4038080625e-01 9.1275317271e-15)
3.3500000000e-03	object	(-1.0661649941e+02 -6.3863786988e+01 -7.7273294833e-14)	(-8.4141872733e-01 -8.4038080612e-01 9.1115580778e-15)
3.3600000000e-03	object	(-1.0661649943e+02 -6.3863786997e+01 -7.4070420047e-14)	(-8.4141872722e-01 -8.4038080600e-01 9.1860185447e-15)
3.3700000000e-03	object	(-1.0661649945e+02 -6.3863787005e+01 -7.8711588007e-14)	(-8.4141872712e-01 -8.4038080589e-01 9.0789224994e-15)
3.3800000000e-03	object	(-1.0661649947e+02 -6.3863787012e+01 -7.5276555785e-14)	(-8.4141872703e-01 -8.4038080579e-01 8.9720680652e-15)
3.3900000000e-03	object	(-1.0661649949e+02 -6.3863787019e+01 -8.0189357535e-14)	(-8.4141872694e-01 -8.4038080569e-01 9.2285581335e-15)
3.4000000000e-03	object	(-1.0661649951e+02 -6.3863787026e+01 -6.5162257897e-14)	(-8.4141872686e-01 -8.4038080559e-01 9.1217411330e-15)
3.4100000000e-03	object	(-1.0661649953e+02 -6.3863787032e+01 -7.7867317484e-14)	(-8.4141872678e-01 -8.4038080551e-01 9.1051139528e-15)
3.4200000000e-03	object	(-1.0661649955e+02 -6.3863787038e+01 -7.8275136633e-14)	(-8.4141872671e-01 -8.4038080543e-01 9.1796666614e-15)
3.4300000000e-03	object	(-1.0661649956e+02 -6.3863787043e+01 -7.9378991384e-14)	(-8.4141872664e-01 -8.4038080535e-01 9.0729211558e-15)
3.4400000000e-03	object	(-1.0661649958e+02 -6.3863787049e+01 -7.6229773818e-14)	(-8.4141872657e-01 -8.4038080528e-01 9.0572244494e-15)
3.4500000000e-03	object	(-1.0661649959e+02 -6.3863787053e+01 -7.2805409367e-14)	(-8.4141872651e-01 -8.4038080521e-01 9.0414525949e-15)
3.4600000000e-03	object	(-1.0661649960e+02 -6.3863787058e+01 -5.8423221185e-14)	(-8.4141872646e-01 -8.4038080514e-01 9.1165401583e-15)
3.4700000000e-03	object	(-1.0661649961e+02 -6.3863787062e+01 -5.9851011422e-14)	(-8.4141872640e-01 -8.4038080509e-01 9.1003740285e-15)
3.4800000000e-03	object	(-1.0661649963e+02 -6.3863787066e+01 -6.1239726232e-14)	(-8.4141872635e-01 -8.4038080503e-01 9.0841484657e-15)
3.4900000000e-03	object	(-1.0661649964e+02 -6.3863787070e+01 -5.8408039317e-14)	(-8.4141872630e-01 -8.4038080498e-01 9.2498542020e-15)
3.5000000000e-03	object	(-1.0661649965e+02 -6.3863787073e+01 -4.8489140695e-14)	(-8.4141872626e-01 -8.4038080493e-01 9.0523214305e-15)
3.5100000000e-03	object	(-1.0661649966e+02 -6.3863787077e+01 -6.1543789347e-14)	(-8.4141872622e-01 -8.4038080488e-01 9.1269092000e-15)
3.5200000000e-03	object	(-1.0661649966e+02 -6.3863787080e+01 -4.7430193909e-14)	(-8.4141872618e-01 -8.4038080484e-01 9.2014145647e-15)
3.5300000000e-03	object	(-1.0661649967e+02 -6.3863787083e+01 -5.6569074432e-14)	(-8.4141872614e-01 -8.4038080480e-01 9.0944004621e-15)
3.5400000000e-03	object	(-1.0661649968e+02 -6.3863787086e+01 -5.7979445835e-14)	(-8.4141872611e-01 -8.4038080476e-01 9.1690497360e-15)
3.5500000000e-03	object	(-1.0661649969e+02 -6.3863787088e+01 -5.9358489978e-14)	(-8.4141872608e-01 -8.4038080472e-01 9.1533820738e-15)
3.5600000000e-03	object	(-1.0661649969e+02 -6.3863787091e+01 -5.6867352896e-14)	(-8.4141872604e-01 -8.4038080469e-01 9.2285362200e-15)
3.5700000000e-03	object	(-1.0661649970e+02 -6.3863787093e+01 -5.8397404490e-14)	(-8.4141872602e-01 -8.4038080466e-01 9.1224517831e-15)
3.5800000000e-03	object	(-1.0661649971e+02 -6.3863787095e+01 -5.5914023456e-14)	(-8.4141872599e-01 -8.4038080463e-01 9.1068186911e-15)
3.5900000000e-03	object	(-1.0661649971e+02 -6.3863787097e+01 -5.7288449317e-14)	(-8.4141872596e-01 -8.4038080460e-01 9.0909578112e-15)
3.6000000000e-03	object	(-1.0661649972e+02 -6.3863787099e+01 -5.8818260729e-14)	(-8.4141872594e-01 -8.4038080457e-01 9.1659660660e-15)
3.6100000000e-03	object	(-1.0661649972e+02 -6.3863787101e+01 -6.0185394215e-14)	(-8.4141872592e-01 -8.4038080455e-01 9.1506700400e-15)
3.6200000000e-03	object	(-1.0661649973e+02 -6.3863787102e+01 -6.1274743177e-14)	(-8.4141872590e-01 -8.4038080452e-01 9.2259246089e-15)
3.6300000000e-03	object	(-1.0661649973e+02 -6.3863787104e+01 -5.9103540181e-14)	(-8.4141872588e-01 -8.4038080450e-01 9.0291354032e-15)
3.6400000000e-03	object	(-1.0661649974e+02 -6.3863787105e+01 -5.6597364114e-14)	(-8.4141872586e-01 -8.4038080448e-01 9.1955008513e-15)
3.6500000000e-03	object	(-1.0661649974e+02 -6.3863787107e+01 -5.8094403611e-14)	(-8.4141872584e-01 -8.4038080446e-01 8.9985735947e-15)
3.6600000000e-03	object	(-1.0661649974e+02 -6.3863787108e+01 -6.3036428357e-14)	(-8.4141872583e-01 -8.4038080444e-01 9.0740247060e-15)
3.6700000000e-03	object	(-1.0661649975e+02 -6.3863787109e+01 -6.0529790217e-14)	(-8.4141872581e-01 -8.4038080443e-01 9.1496061318e-15)
3.6800000000e-03	object	(-1.0661649975e+02 -6.3863787110e+01 -6.2212021024e-14)	(-8.4141872580e-01 -8.4038080441e-01 9.0433146650e-15)
3.6900000000e-03	object	(-1.0661649975e+02 -6.3863787111e+01 -5.9712012812e-14)	(-8.4141872578e-01 -8.4038080440e-01 9.2091512162e-15)
3.7000000000e-03	object	(-1.0661649976e+02 -6.3863787112e+01 -6.1076059062e-14)	(-8.4141872577e-01 -8.4038080438e-01 9.1025295767e-15)
3.7100000000e-03	object	(-1.0661649976e+02 -6.3863787113e+01 -6.2473574631e-14)	(-8.4141872576e-01 -8.4038080437e-01 8.9954988572e-15)
3.7200000000e-03	object	(-1.0661649976e+02 -6.3863787114e+01 -5.6119913122e-14)	(-8.4141872575e-01 -8.4038080436e-01 8.9796272666e-15)
3.7300000000e-03	object	(-1.0661649976e+02 -6.3863787115e+01 -6.1400778399e-14)	(-8.4141872574e-01 -8.4038080435e-01 9.1455064624e-15)
3.7400000000e-03	object	(-1.0661649977e+02 -6.3863787116e+01 -6.2791699846e-14)	(-8.4141872573e-01 -8.4038080433e-01 9.1302727345e-15)
3.7500000000e-03	object	(-1.0661649977e+02 -6.3863787116e+01 -6.0350354937e-14)	(-8.4141872572e-01 -8.4038080432e-01 9.0239462348e-15)
3.7600000000e-03	object	(-1.0661649977e+02 -6.3863787117e+01 -5.7559819675e-14)	(-8.4141872571e-01 -8.4038080432e-01 9.2805355008e-15)
3.7700000000e-03	object	(-1.0661649977e+02 -6.3863787118e+01 -4.4224133800e-14)	(-8.4141872570e-01 -8.4038080431e-01 8.9924195137e-15)
3.7800000000e-03	object	(-1.0661649977e+02 -6.3863787118e+01 -6.0867200867e-14)	(-8.4141872569e-01 -8.4038080430e-01 9.0673415232e-15)
3.7900000000e-03	object	(-1.0661649978e+02 -6.3863787119e+01 -5.8407690030e-14)	(-8.4141872569e-01 -8.4038080429e-01 9.0512777396e-15)
3.8000000000e-03	object	(-1.0661649978e+02 -6.3863787119e+01 -5.9807503765e-14)	(-8.4141872568e-01 -8.4038080428e-01 9.2168748544e-15)
3.8100000000e-03	object	(-1.0661649978e+02 -6.3863787120e+01 -6.1203689782e-14)	(-8.4141872567e-01 -8.4038080428e-01 9.1103261288e-15)
3.8200000000e-03	object	(-1.0661649978e+02 -6.3863787120e+01 -5.8755299084e-14)	(-8.4141872567e-01 -8.4038080427e-01 9.1845262011e-15)
3.8300000000e-03	object	(-1.0661649978e+02 -6.3863787121e+01 -6.0141082893e-14)	(-8.4141872566e-01 -8.4038080426e-01 9.0774064755e-15)
3.8400000000e-03	object	(-1.0661649978e+02 -6.3863787121e+01 -5.7673582426e-14)	(-8.4141872566e-01 -8.4038080426e-01 9.0611450362e-15)
3.8500000000e-03	object	(-1.0661649978e+02 -6.3863787122e+01 -5.9076626197e-14)	(-8.4141872565e-01 -8.4038080425e-01 9.1363960840e-15)
3.8600000000e-03	object	(-1.0661649978e+02 -6.3863787122e+01 -6.0447577894e-14)	(-8.4141872565e-01 -8.4038080425e-01 9.1208107667e-15)
