/*--------------------------------*- C++ -*----------------------------------*\
| =========                 |                                                 |
| \\      /  F ield         | OpenFOAM: The Open Source CFD Toolbox           |
|  \\    /   O peration     | Version:  v1706                                 |
|   \\  /    A nd           | Web:      www.OpenFOAM.com                      |
|    \\/     M anipulation  |                                                 |
\*---------------------------------------------------------------------------*/
FoamFile
{
    version     2.0;
    format      ascii;
    class       volVectorField;
    location    "0.00015";
    object      wallShearStress;
}
// * * * * * * * * * * * * * * * * * * * * * * * * * * * * * * * * * * * * * //

dimensions      [1 -1 -2 0 0 0 0];


internalField   uniform (0 0 0);

boundaryField
{
    inlet
    {
        type            calculated;
        value           uniform (0 0 0);
    }
    object
    {
        type            calculated;
        value           nonuniform List<vector> 
150
(
(-82.21942636 -0.1048352437 9.272539632e-14)
(-80.93520456 0.09329501255 -1.025626934e-12)
(-80.93307587 0.3108544738 1.99813091e-12)
(-80.86162037 0.5298534448 -4.170638825e-13)
(-80.77127246 0.7493674515 3.864934308e-13)
(-80.66611178 0.9661259449 5.619361677e-15)
(-80.54622466 1.178015964 -5.041586322e-13)
(-80.41156522 1.383681953 -1.339240385e-14)
(-80.26224188 1.582193451 1.687291664e-13)
(-80.09851885 1.772870073 -5.299224678e-13)
(-79.92080244 1.955201004 1.20204384e-13)
(-79.72963691 2.128818018 -2.934810685e-14)
(-79.52571119 2.293502051 -2.996265802e-14)
(-79.30987684 2.449215838 -6.14199954e-13)
(-79.08317756 2.596164053 7.196556682e-13)
(-78.84689465 2.73489087 -9.334788708e-13)
(-78.60260882 2.866442645 2.334214009e-13)
(-78.35227014 2.992672547 -5.70717934e-13)
(-78.09820114 3.116942002 -3.020474959e-13)
(-77.84262166 3.246216518 -1.298245084e-13)
(-77.58448605 3.398972658 -5.62164808e-13)
(-77.28976374 3.634589138 1.507729196e-13)
(-76.92649071 3.895332801 -2.365581791e-13)
(-76.51976426 4.094763067 5.824154935e-13)
(-76.11102762 4.250241713 1.507343812e-13)
(-75.70410322 4.370639761 -1.827862361e-13)
(-75.29738654 4.460402003 3.520745802e-13)
(-74.88961384 4.523065102 2.948466988e-13)
(-74.48009777 4.561979976 8.439284561e-15)
(-74.06913442 4.581231564 1.84138845e-13)
(-73.65918365 4.587117095 -1.147793301e-13)
(-73.25826973 4.589668188 4.923770175e-14)
(-72.88980112 4.594726797 1.063683508e-14)
(-72.53347961 4.578871889 -2.726212807e-14)
(-72.19211593 4.550649817 -2.417950665e-13)
(-71.8629602 4.49494662 -2.324950674e-13)
(-71.51205275 4.397986032 1.140020853e-13)
(-71.1724072 4.292591803 1.499455985e-13)
(-70.9164965 4.269113999 2.86426762e-13)
(-70.69172741 4.250149981 -2.582232054e-13)
(-70.30593636 4.004198552 6.08043283e-16)
(-69.87835783 3.703177248 1.248589413e-13)
(-69.54903326 3.4919566 2.218417773e-13)
(-69.23235723 3.274567329 1.589375971e-13)
(-68.92287712 3.044013815 7.036626096e-14)
(-68.62065417 2.799717721 2.949473772e-13)
(-68.32652729 2.542044373 2.538925983e-14)
(-68.04079309 2.272298531 1.430078131e-13)
(-67.76259617 1.985824629 6.500483861e-14)
(-67.74622923 -0.08780305271 2.218405851e-14)
(-66.61200381 -17.5064423 -7.737862835e-14)
(-62.70269721 -24.69743487 2.411588491e-16)
(-62.67947781 -28.39541546 -3.691318908e-14)
(-63.98734175 -30.85595467 -9.647011508e-15)
(-65.81555311 -32.81941406 -4.452084335e-15)
(-67.89858235 -34.56062711 -1.996504936e-15)
(-70.15619474 -36.2015317 -9.60270205e-16)
(-72.57780807 -37.81325224 2.342679104e-16)
(-75.17634713 -39.44448498 -2.149981913e-16)
(-77.96775541 -41.12870815 -2.417948805e-16)
(-80.96351215 -42.88686572 1.060349436e-14)
(-84.17081389 -44.72959991 1.243615755e-14)
(-87.59751033 -46.6593663 4.731009015e-15)
(-91.26025857 -48.67190482 -2.737132511e-15)
(-95.19359634 -50.75644139 2.459583064e-15)
(-99.45159222 -52.89628991 -2.898727676e-15)
(-104.0834535 -55.07526765 -2.654798595e-16)
(-109.040512 -57.29997267 3.225738554e-15)
(-113.9381788 -59.63079079 4.993881243e-15)
(-117.612449 -62.06898199 2.936637424e-16)
(-117.5449646 -63.9340694 2.866649377e-15)
(-109.3318579 -62.83729801 2.053446502e-15)
(-87.45531694 -54.5031902 3.289315764e-15)
(-51.88382853 -35.61551575 3.770351078e-15)
(-16.98948046 -12.87185911 1.894923145e-15)
(-1.603946813 -1.682638498 8.947178127e-16)
(-0.006298014152 -0.1063555047 1.35581799e-15)
(0.01477190613 -0.02566136559 -2.133622854e-16)
(0.01478925405 -0.02377622022 -2.606806862e-16)
(0.0147629038 -0.02376970705 -1.133831762e-15)
(0.01473849503 -0.02379281406 1.667269706e-16)
(0.01471622538 -0.02381454125 6.75315405e-16)
(0.01469586045 -0.0238345782 1.00520698e-15)
(0.01467719093 -0.02385309437 6.047744364e-16)
(0.01466003502 -0.02387024329 1.053374609e-15)
(0.01464423625 -0.02388616147 1.376010863e-15)
(0.01462965739 -0.02390096918 1.370852472e-15)
(0.01461617696 -0.02391476983 1.884424791e-15)
(0.01460368905 -0.02392765568 2.382837465e-15)
(0.01459210089 -0.02393971045 2.849439464e-15)
(0.01458132811 -0.02395100518 2.157903421e-15)
(0.01457129636 -0.02396160268 1.938023708e-15)
(0.0145619415 -0.02397156251 1.960839773e-15)
(0.01455320499 -0.02398093676 2.040671123e-15)
(0.01454503451 -0.02398977211 1.813827926e-15)
(0.01453738316 -0.02399811062 9.727700565e-16)
(0.01453020876 -0.0240059902 8.752410724e-16)
(0.0145234733 -0.0240134452 -1.325411055e-17)
(0.01451714249 -0.02402050673 -6.748847973e-16)
(0.01451118526 -0.02402720305 -1.223906184e-16)
(0.01450557344 -0.02403355991 -1.379819282e-16)
(0.01450028129 -0.02403960075 -1.963116105e-16)
(0.01449528464 -0.02404534518 -5.424805671e-16)
(0.01449056403 -0.0240508143 -5.123367571e-16)
(0.01448610063 -0.02405602828 -4.025519451e-16)
(0.01448187551 -0.02406100199 -4.250502005e-16)
(0.01447787271 -0.02406575047 -2.64103109e-16)
(0.01447407819 -0.0240702896 -2.314688158e-16)
(0.01447047682 -0.02407463058 -6.908527592e-16)
(0.01446705524 -0.02407878326 -6.962996109e-16)
(0.01446380323 -0.02408276027 -1.30211811e-16)
(0.01446071005 -0.02408657195 -1.70764903e-16)
(0.01445776583 -0.02409022777 4.187425087e-16)
(0.01445496145 -0.0240937365 3.767830582e-16)
(0.0144522885 -0.02409710628 9.040454302e-16)
(0.01444973917 -0.0241003447 3.905864218e-16)
(0.01444730623 -0.02410345879 7.024666004e-19)
(0.01444498295 -0.02410645515 -3.706756069e-16)
(0.01444276307 -0.02410933991 -1.29893438e-15)
(0.01444064074 -0.02411211882 -1.141803192e-15)
(0.01443861037 -0.02411479723 -1.245290294e-15)
(0.01443666598 -0.02411737831 -3.124528261e-16)
(0.01443480461 -0.02411986827 2.171313064e-16)
(0.01443302237 -0.02412227371 9.007529347e-17)
(0.01443131391 -0.02412459714 1.383154439e-16)
(0.01442967562 -0.02412684231 1.560097325e-16)
(0.01442810471 -0.02412901478 1.899287448e-16)
(0.01442659632 -0.0241311163 -4.762307653e-17)
(0.01442514649 -0.02413314808 2.571851751e-18)
(0.01442375357 -0.02413511478 -3.236453166e-16)
(0.01442241468 -0.02413701943 -2.478768556e-16)
(0.01442112714 -0.0241388648 -3.215888771e-16)
(0.01441988841 -0.0241406535 -6.402507659e-17)
(0.01441869592 -0.02414238805 -1.419079543e-17)
(0.01441754684 -0.02414407107 -5.364582671e-17)
(0.0144164376 -0.02414570546 -6.460498461e-16)
(0.01441536282 -0.02414729498 -6.895634175e-16)
(0.0144143136 -0.02414884515 -1.076520732e-15)
(0.01441327461 -0.0241503647 -7.926996611e-16)
(0.0144122197 -0.02415186582 -6.151049452e-16)
(0.014411111 -0.02415337177 -5.561623421e-16)
(0.01440989153 -0.0241549165 -4.705520042e-16)
(0.01440848407 -0.02415654078 -4.042705938e-16)
(0.01440679843 -0.02415829576 -3.791499654e-16)
(0.01440473995 -0.02416023846 -2.346570545e-16)
(0.01440221723 -0.02416241915 -3.665437817e-16)
(0.01439914967 -0.02416488029 -2.846608079e-16)
(0.0143954654 -0.02416767209 -2.145885329e-16)
(0.01439114676 -0.02417088884 1.072461832e-16)
(0.01438587405 -0.02417591399 5.089916293e-16)
)
;
    }
    outlet
    {
        type            calculated;
        value           uniform (0 0 0);
    }
    front
    {
        type            wedge;
    }
    back
    {
        type            wedge;
    }
}


// ************************************************************************* //
