/*--------------------------------*- C++ -*----------------------------------*\
| =========                 |                                                 |
| \\      /  F ield         | OpenFOAM: The Open Source CFD Toolbox           |
|  \\    /   O peration     | Version:  v1706                                 |
|   \\  /    A nd           | Web:      www.OpenFOAM.com                      |
|    \\/     M anipulation  |                                                 |
\*---------------------------------------------------------------------------*/
FoamFile
{
    version     2.0;
    format      ascii;
    class       volVectorField;
    location    "0.0002";
    object      wallShearStress;
}
// * * * * * * * * * * * * * * * * * * * * * * * * * * * * * * * * * * * * * //

dimensions      [1 -1 -2 0 0 0 0];


internalField   uniform (0 0 0);

boundaryField
{
    inlet
    {
        type            calculated;
        value           uniform (0 0 0);
    }
    object
    {
        type            calculated;
        value           nonuniform List<vector> 
150
(
(-240.3907048 0.6270548811 1.183356413e-14)
(-240.3187698 1.901345686 6.94298187e-15)
(-240.2170233 3.174592476 7.744314526e-12)
(-240.0592849 4.43750656 7.731312568e-15)
(-239.841114 5.692328108 1.436602195e-12)
(-239.5750137 6.937201915 -1.16111387e-12)
(-239.2575558 8.169798176 -9.815535572e-13)
(-238.8889641 9.387952851 4.321763993e-15)
(-238.4697846 10.58952288 7.557284166e-13)
(-238.0007079 11.7723907 -6.658151764e-13)
(-237.4825338 12.93446975 3.818848585e-15)
(-236.9161586 14.07370928 3.755458841e-15)
(-236.302569 15.1880984 3.592914892e-15)
(-235.6428385 16.27566968 -1.856841863e-12)
(-234.9381232 17.3345029 2.158583864e-12)
(-234.1896606 18.36272839 -2.404992393e-12)
(-233.3987655 19.35853032 1.128591191e-12)
(-232.5668287 20.32014985 -2.108257433e-12)
(-231.6953131 21.24588846 -6.596152742e-13)
(-230.785752 22.13411075 2.477427407e-15)
(-229.8397457 22.98324721 -1.47265736e-12)
(-228.8589588 23.7917974 5.608042053e-13)
(-227.8451174 24.5583318 -7.931216102e-13)
(-226.8000053 25.28149554 2.268648121e-12)
(-225.725462 25.96000922 4.818505231e-13)
(-224.6233785 26.5926726 -6.824584469e-13)
(-223.4956946 27.17836568 1.091070156e-12)
(-222.3443936 27.71605102 1.042049981e-12)
(-221.1715024 28.20477575 2.780455079e-15)
(-219.9790852 28.64367274 3.825986386e-13)
(-218.7692392 29.03196293 -5.424842163e-13)
(-217.5440931 29.36895521 1.766907009e-13)
(-216.3058039 29.65404929 2.748684412e-15)
(-215.056548 29.88673564 -1.570458968e-13)
(-213.7985252 30.06659682 -7.628283367e-13)
(-212.5339478 30.19330784 -7.312446842e-13)
(-211.2650404 30.26663707 5.649605747e-13)
(-209.994036 30.2864464 4.068720346e-13)
(-208.7231691 30.25269151 1.037285368e-12)
(-207.4546766 30.16542194 -9.899569127e-13)
(-206.1907891 30.02478092 2.226420908e-15)
(-204.93373 29.83100509 4.579268285e-13)
(-203.6857117 29.58442428 6.57355545e-13)
(-202.4489285 29.28546041 5.251628611e-13)
(-201.2255568 28.93462724 2.024788635e-13)
(-200.0177487 28.53252903 9.603317099e-13)
(-198.8276302 28.07986007 9.426689505e-14)
(-197.6573189 27.57737693 4.401784508e-13)
(-196.5130707 27.02422109 8.627504829e-14)
(-196.0303301 25.99469534 8.248614867e-14)
(-218.8071851 16.79406475 -7.183941161e-14)
(-200.6520874 -18.06046787 3.366497491e-15)
(-181.5423534 -49.20426993 -2.224883455e-14)
(-169.3788872 -67.0111518 -5.013593974e-15)
(-153.5384451 -73.91389861 -6.439933773e-15)
(-127.4246462 -68.67233097 -5.194980116e-16)
(-95.63788167 -55.93954199 -2.691713701e-16)
(-72.04974562 -43.90162489 8.959346371e-16)
(-60.05023647 -36.03078225 -2.905160136e-16)
(-55.34331257 -31.99980858 3.408820979e-16)
(-53.90393369 -30.38080623 1.428335942e-14)
(-53.50007294 -29.85122642 1.189801133e-14)
(-53.15111061 -29.63767717 5.787817193e-15)
(-52.54762133 -29.4100278 -5.480927075e-15)
(-51.69218261 -29.08337007 6.005917097e-15)
(-50.72507166 -28.68800984 -3.42956647e-15)
(-49.78877799 -28.28878472 -1.962738098e-16)
(-48.99130386 -27.93949631 9.402741991e-15)
(-48.40571546 -27.67897056 1.156766753e-14)
(-48.07227517 -27.53048996 3.114759135e-15)
(-48.00995326 -27.50670182 7.042914815e-15)
(-48.22613015 -27.61436891 3.378402885e-15)
(-48.7217796 -27.85741621 6.476204502e-15)
(-49.49317059 -28.23593077 1.141772981e-14)
(-50.53638059 -28.74886852 1.005086545e-14)
(-51.84758337 -29.39430947 7.165348969e-15)
(-53.42400656 -30.17000306 1.236226634e-14)
(-55.26410546 -31.07513895 5.352528388e-15)
(-57.36576686 -32.1113084 5.249910521e-15)
(-59.72313608 -33.27705287 -1.958661219e-15)
(-62.33206472 -34.57329834 3.133755243e-17)
(-65.18591696 -36.00192211 7.097417033e-16)
(-68.27364193 -37.56457956 3.309014581e-15)
(-71.57870364 -39.26179871 8.22567366e-16)
(-75.07872481 -41.0919234 6.791712031e-16)
(-78.74673227 -43.05041389 1.457992523e-15)
(-82.55379057 -45.12947659 3.139376041e-16)
(-86.47345761 -47.31865477 2.43726989e-16)
(-90.4867365 -49.60650486 5.564348456e-16)
(-94.58709319 -51.98400012 4.098264203e-15)
(-98.78255939 -54.44727284 3.583950851e-15)
(-103.0940403 -56.99970307 3.592156989e-15)
(-107.5497418 -59.65163374 3.513673132e-15)
(-112.1768195 -62.41768222 3.84172609e-15)
(-116.9904815 -65.3126346 4.553612045e-15)
(-121.9807345 -68.34544587 3.329980171e-15)
(-127.0998406 -71.51006165 4.067156493e-15)
(-132.2550753 -74.7738578 4.396705177e-15)
(-137.3064594 -78.06695979 2.631481945e-15)
(-142.0596701 -81.27346926 3.703811284e-15)
(-146.2386807 -84.21991849 3.500491652e-15)
(-149.4247868 -86.65031775 3.246104339e-15)
(-150.9637383 -88.18052258 3.419585863e-15)
(-149.9145494 -88.26844342 3.053838338e-15)
(-145.2078608 -86.2940836 3.634599116e-15)
(-136.0787304 -81.79814621 2.552220948e-15)
(-122.3402926 -74.63772829 1.890412573e-15)
(-103.9725313 -64.71631298 1.701045377e-15)
(-80.61366561 -51.52385026 -1.725275956e-16)
(-52.16406503 -34.35017218 -1.262828042e-15)
(-22.24211164 -15.29607984 -4.144097308e-16)
(-3.547290118 -2.947276573 -1.99840428e-16)
(-0.09690634353 -0.2282824544 4.151110034e-16)
(0.01311797293 -0.03047800068 3.935669782e-16)
(0.01421979563 -0.02380093853 9.182344739e-16)
(0.01423437023 -0.0236606958 3.967364093e-16)
(0.01423014635 -0.02366192844 3.884353693e-18)
(0.01422573053 -0.02366592028 -3.944989293e-16)
(0.0142214928 -0.02366981615 -1.360472985e-15)
(0.01421743075 -0.02367356527 -1.274761677e-15)
(0.01421353493 -0.02367717403 -1.314055063e-15)
(0.0142097956 -0.02368064771 -3.47110891e-16)
(0.01420620622 -0.02368399445 2.074277068e-16)
(0.01420275954 -0.02368722266 8.468718807e-17)
(0.01419944717 -0.0236903366 1.363410943e-16)
(0.01419626252 -0.02369334163 1.562828475e-16)
(0.01419320005 -0.02369624482 1.921042232e-16)
(0.01419025229 -0.02369904939 -4.301582551e-17)
(0.01418741276 -0.02370175796 2.756467959e-18)
(0.01418467722 -0.02370437657 -3.273240393e-16)
(0.01418204004 -0.02370690974 -2.531984749e-16)
(0.01417949526 -0.023709362 -3.266261425e-16)
(0.01417703591 -0.02371173829 -6.739409855e-17)
(0.01417465301 -0.02371404454 -1.822688034e-17)
(0.01417233405 -0.02371628853 -8.357814723e-17)
(0.01417006089 -0.02371848099 -7.141582492e-16)
(0.01416780719 -0.02372063708 -8.18238596e-16)
(0.01416553592 -0.02372277784 -1.221577873e-15)
(0.0141631973 -0.0237249314 -9.8686736e-16)
(0.01416072798 -0.02372713152 -7.656561473e-16)
(0.01415805674 -0.02372942163 -6.943720308e-16)
(0.014155106 -0.02373184959 -5.559897342e-16)
(0.01415179907 -0.0237344589 -4.577290627e-16)
(0.01414807114 -0.02373728908 -4.119999821e-16)
(0.01414387316 -0.02374037257 -2.538749678e-16)
(0.0141391655 -0.02374372899 -3.772925875e-16)
(0.01413390567 -0.02374737542 -2.897995507e-16)
(0.01412803072 -0.02375135331 -2.168936598e-16)
(0.01412150264 -0.02375576869 1.078941636e-16)
(0.01411401663 -0.023762075 5.141478806e-16)
)
;
    }
    outlet
    {
        type            calculated;
        value           uniform (0 0 0);
    }
    front
    {
        type            wedge;
    }
    back
    {
        type            wedge;
    }
}


// ************************************************************************* //
