/*--------------------------------*- C++ -*----------------------------------*\
| =========                 |                                                 |
| \\      /  F ield         | OpenFOAM: The Open Source CFD Toolbox           |
|  \\    /   O peration     | Version:  v1706                                 |
|   \\  /    A nd           | Web:      www.OpenFOAM.com                      |
|    \\/     M anipulation  |                                                 |
\*---------------------------------------------------------------------------*/
FoamFile
{
    version     2.0;
    format      ascii;
    class       volVectorField;
    location    "0.00022";
    object      wallShearStress;
}
// * * * * * * * * * * * * * * * * * * * * * * * * * * * * * * * * * * * * * //

dimensions      [1 -1 -2 0 0 0 0];


internalField   uniform (0 0 0);

boundaryField
{
    inlet
    {
        type            calculated;
        value           uniform (0 0 0);
    }
    object
    {
        type            calculated;
        value           nonuniform List<vector> 
150
(
(-240.3907048 0.6270548811 1.194818058e-14)
(-240.3187698 1.901345686 -4.291639716e-12)
(-240.2170233 3.174592476 7.744304426e-12)
(-240.0592849 4.43750656 -1.831827223e-12)
(-239.841114 5.692328108 1.43661873e-12)
(-239.5750137 6.937201916 -1.161170833e-12)
(-239.2575558 8.169798176 -1.967763548e-12)
(-238.8889641 9.387952851 4.2279279e-15)
(-238.4697846 10.58952288 7.556137477e-13)
(-238.0007079 11.7723907 -1.335837877e-12)
(-237.4825338 12.93446975 3.680630105e-15)
(-236.9161586 14.07370928 3.632115618e-15)
(-236.302569 15.1880984 3.468271834e-15)
(-235.6428385 16.27566968 -1.857004591e-12)
(-234.9381232 17.3345029 2.158461797e-12)
(-234.1896606 18.36272839 -2.806477657e-12)
(-233.3987655 19.35853032 1.128458229e-12)
(-232.5668287 20.32014985 -2.108517806e-12)
(-231.6953131 21.24588846 -6.597790098e-13)
(-230.785752 22.13411075 2.276862479e-15)
(-229.8397457 22.98324721 -1.472972851e-12)
(-228.8589588 23.7917974 5.60564535e-13)
(-227.8451174 24.5583318 -7.932934606e-13)
(-226.8000053 25.28149554 2.016552988e-12)
(-225.725462 25.96000922 7.212479725e-13)
(-224.6233785 26.5926726 -6.826062025e-13)
(-223.4956946 27.17836568 8.730281986e-13)
(-222.3443936 27.71605102 1.249883096e-12)
(-221.1715024 28.20477575 -1.961330785e-13)
(-219.9790852 28.64367274 3.824635766e-13)
(-218.7692392 29.03196293 -5.427566645e-13)
(-217.5440931 29.36895521 1.764531242e-13)
(-216.3058039 29.65404929 2.47905373e-15)
(-215.056548 29.88673564 -1.573004497e-13)
(-213.7985252 30.06659682 -6.097697271e-13)
(-212.5339478 30.19330784 -7.314913133e-13)
(-211.2650404 30.26663707 5.647179568e-13)
(-209.994036 30.2864464 4.066302576e-13)
(-208.7231691 30.25269151 9.078015752e-13)
(-207.4546766 30.16542194 -9.899317459e-13)
(-206.1907891 30.02478092 2.005201742e-15)
(-204.93373 29.83100509 4.57721405e-13)
(-203.6857117 29.58442429 6.571194721e-13)
(-202.4489285 29.28546041 6.299119318e-13)
(-201.2255568 28.93462724 3.02660167e-13)
(-200.0177487 28.53252904 9.601011864e-13)
(-198.8276302 28.07986008 9.403328267e-14)
(-197.6573187 27.57737714 5.27770476e-13)
(-196.5130374 27.02424716 8.591858768e-14)
(-196.0248675 25.99820653 2.287853287e-15)
(-218.8445442 16.89902849 -7.260525543e-14)
(-200.9924991 -17.5384025 3.425929635e-15)
(-181.8810517 -48.76285498 -2.221869453e-14)
(-171.514136 -66.30063869 -3.010390222e-15)
(-166.2563119 -75.71360502 -3.769762246e-16)
(-163.6769283 -80.5018105 -3.281922861e-15)
(-162.3419661 -83.09218328 -5.528827313e-16)
(-161.5247413 -84.4601051 2.239629595e-16)
(-160.2183462 -85.16434681 -2.677891282e-15)
(-155.9317789 -84.39632782 -2.195965197e-15)
(-145.864173 -80.04098563 5.42862261e-15)
(-130.2152849 -72.65716931 7.43753623e-15)
(-112.4606937 -64.63752752 5.908535135e-15)
(-94.95474492 -56.60468858 -4.313935036e-15)
(-79.04271532 -48.43275349 3.988331451e-15)
(-66.35589122 -40.90468623 -4.207848833e-15)
(-57.69476511 -35.06718762 -2.861037255e-16)
(-52.486125 -31.22930682 8.955988807e-15)
(-49.6499602 -29.02823472 1.088174818e-14)
(-48.16501995 -27.85757157 3.73202943e-15)
(-47.34991424 -27.22675033 7.100155322e-15)
(-46.79837824 -26.83034058 4.312697701e-15)
(-46.28315802 -26.49976585 7.009281054e-15)
(-45.69435034 -26.1543857 1.166553806e-14)
(-44.99964179 -25.76750472 1.08408302e-14)
(-44.2205574 -25.34615772 8.44628884e-15)
(-43.41585903 -24.91846106 1.287476726e-14)
(-42.66612948 -24.52395059 7.002671624e-15)
(-42.0580874 -24.20505255 5.666405883e-15)
(-41.67072041 -23.99993796 4.701428602e-17)
(-41.56580419 -23.93778263 7.552516083e-17)
(-41.78554141 -24.03796733 9.71935653e-16)
(-42.35625446 -24.31266388 2.896150005e-15)
(-43.29015524 -24.76616218 9.643486685e-16)
(-44.59614143 -25.4012221 9.956841636e-16)
(-46.28242445 -26.22109356 2.898790374e-15)
(-48.3577127 -27.23074351 8.658644735e-16)
(-50.83077482 -28.43688608 1.171163746e-15)
(-53.70932742 -29.84650238 1.102226198e-15)
(-56.99217088 -31.46741531 6.145089526e-15)
(-60.63425636 -33.29820927 5.669321903e-15)
(-64.57298331 -35.32331889 4.908242826e-15)
(-68.74515554 -37.52413878 4.873167986e-15)
(-73.07877729 -39.87310714 5.382450507e-15)
(-77.50182519 -42.33358052 6.869697914e-15)
(-81.95300333 -44.86605048 5.682611636e-15)
(-86.39062346 -47.43864255 6.339385527e-15)
(-90.78999868 -50.03089358 5.84439437e-15)
(-95.13401382 -52.62807681 4.266102107e-15)
(-99.40679323 -55.21169184 4.744525969e-15)
(-103.5950337 -57.75670995 3.277725974e-15)
(-107.6925797 -60.23672793 2.776519319e-15)
(-111.702696 -62.63079861 1.891893394e-15)
(-115.6359803 -64.92650118 1.473423638e-15)
(-119.5044415 -67.11724278 1.541201161e-15)
(-123.3131204 -69.19458613 9.692539032e-16)
(-127.0502933 -71.13854071 3.052282467e-16)
(-130.6758235 -72.90944009 4.103689757e-16)
(-134.1053426 -74.4451608 -9.858670012e-16)
(-137.1870426 -75.66746559 -1.035507069e-15)
(-139.6708213 -76.49844723 -2.970162015e-16)
(-141.1823308 -76.87878244 -1.773023424e-16)
(-141.235495 -76.76464888 3.131394632e-16)
(-139.3225629 -76.08751473 2.767074679e-16)
(-135.06704 -74.70494972 1.651820323e-15)
(-128.3040205 -72.38494652 1.278813192e-15)
(-118.9207896 -68.80773346 9.777537827e-16)
(-106.4579603 -63.55247669 6.931737872e-16)
(-89.73022584 -56.05803021 -2.273501865e-15)
(-66.75369189 -45.27123402 -2.16055536e-15)
(-42.64063426 -31.76186792 -3.47448725e-15)
(-22.30866263 -17.03517397 -1.504021058e-15)
(-9.426971885 -5.350505792 3.502099418e-16)
(-4.062500191 0.4470009588 2.8125984e-16)
(-2.686292964 2.252974132 9.509602186e-16)
(-2.456270316 2.728975741 5.711578064e-16)
(-2.452724179 2.912090597 5.011235218e-16)
(-2.490427377 3.041375426 -1.305516366e-16)
(-2.53861847 3.160667658 -2.252471203e-17)
(-2.59236107 3.277773268 -3.773233662e-16)
(-2.650522264 3.394728348 -9.249612044e-17)
(-2.712490767 3.51261773 -1.412163751e-16)
(-2.777728896 3.63225152 3.459007596e-17)
(-2.845707805 3.754255263 -4.527636659e-17)
(-2.915891319 3.879084748 -7.94842193e-18)
(-2.987726558 4.007030846 -1.0337719e-15)
(-3.060635945 4.138222115 -9.633126627e-16)
(-3.134010102 4.272626756 -1.285721663e-15)
(-3.207199517 4.410053123 -3.433633844e-16)
(-3.27950285 4.550150503 -1.575098058e-16)
(-3.350148315 4.692408751 -5.487242086e-16)
(-3.418259781 4.836159897 -2.124443153e-16)
(-3.482793309 4.980576615 -1.377657724e-16)
(-3.542420816 5.124662765 -1.297521615e-16)
(-3.595331301 5.267221279 -4.584141772e-17)
(-3.638919768 5.406772708 -8.42601993e-17)
(-3.669408698 5.541348609 -8.781962054e-17)
(-3.681733223 5.668024932 -6.666734809e-17)
(-3.670834883 5.781719636 3.900651184e-16)
(-3.636798159 5.872747198 1.003870628e-15)
)
;
    }
    outlet
    {
        type            calculated;
        value           uniform (0 0 0);
    }
    front
    {
        type            wedge;
    }
    back
    {
        type            wedge;
    }
}


// ************************************************************************* //
