/*--------------------------------*- C++ -*----------------------------------*\
| =========                 |                                                 |
| \\      /  F ield         | OpenFOAM: The Open Source CFD Toolbox           |
|  \\    /   O peration     | Version:  v1706                                 |
|   \\  /    A nd           | Web:      www.OpenFOAM.com                      |
|    \\/     M anipulation  |                                                 |
\*---------------------------------------------------------------------------*/
FoamFile
{
    version     2.0;
    format      ascii;
    class       volVectorField;
    location    "0.00065";
    object      wallShearStress;
}
// * * * * * * * * * * * * * * * * * * * * * * * * * * * * * * * * * * * * * //

dimensions      [1 -1 -2 0 0 0 0];


internalField   uniform (0 0 0);

boundaryField
{
    inlet
    {
        type            calculated;
        value           uniform (0 0 0);
    }
    object
    {
        type            calculated;
        value           nonuniform List<vector> 
300
(
(-5.443239083 -0.8723652932 1.662697585e-15)
(-5.136060601 -1.423784467 -4.464375792e-15)
(-5.138709411 -2.1936125 -1.4455483e-15)
(-5.122928822 -2.989244926 9.59929805e-16)
(-5.106380433 -3.784456822 2.581731756e-14)
(-5.092382746 -4.571344464 4.737209713e-14)
(-5.083158719 -5.346766909 5.704782922e-14)
(-5.08051654 -6.109513893 6.983268626e-14)
(-5.085908609 -6.859390682 9.314387085e-14)
(-5.100437554 -7.596801629 7.693297272e-14)
(-5.124877329 -8.322508972 5.467226782e-14)
(-5.159711819 -9.03747374 3.935472844e-14)
(-5.205183398 -9.742745652 3.036710768e-14)
(-5.261344034 -10.43938707 2.828668776e-14)
(-5.328103579 -11.12842193 2.843721486e-14)
(-5.405272196 -11.81080347 2.016853115e-14)
(-5.492595595 -12.48739584 1.705179118e-14)
(-5.589782926 -13.15896568 7.574978791e-15)
(-5.696527865 -13.82618066 3.856034096e-15)
(-5.812523871 -14.48961261 6.147881254e-15)
(-5.937474754 -15.14974377 1.035618734e-14)
(-6.071101295 -15.80697433 4.366800305e-15)
(-6.213145139 -16.46163078 -1.902111171e-15)
(-6.363370744 -17.11397487 -9.113639067e-15)
(-6.521565543 -17.76421125 -1.155422077e-14)
(-6.687539624 -18.41249605 -3.905306609e-15)
(-6.861124324 -19.05894324 1.984319516e-15)
(-7.04217108 -19.70363201 9.020051647e-15)
(-7.230549635 -20.34661193 1.328951634e-14)
(-7.426146547 -20.98790849 8.989693459e-15)
(-7.628864111 -21.62752803 1.047701515e-14)
(-7.838618693 -22.26546155 1.122922831e-14)
(-8.055340406 -22.90168914 1.135674721e-14)
(-8.278971817 -23.53618281 9.725826388e-15)
(-8.509468151 -24.16891073 8.02261409e-15)
(-8.746796778 -24.7998394 7.90373032e-15)
(-8.99093782 -25.42893788 8.119903664e-15)
(-9.241884373 -26.05618023 8.915356974e-15)
(-9.49964342 -26.68154916 1.092879729e-14)
(-9.764236661 -27.30503944 8.925222373e-15)
(-10.03570147 -27.92666158 9.571578122e-15)
(-10.31409176 -28.54644581 6.053841087e-15)
(-10.59947811 -29.16444596 9.196959016e-15)
(-10.89194747 -29.78074392 6.580423867e-15)
(-11.19160075 -30.39545293 4.271919623e-15)
(-11.49854841 -31.00872036 5.088075022e-15)
(-11.81290284 -31.62072892 7.372148064e-15)
(-12.13476655 -32.23169441 8.567321391e-15)
(-12.46421526 -32.84185784 9.284610711e-15)
(-12.80127795 -33.4514716 1.016312449e-14)
(-13.14591446 -34.06077374 9.258958585e-15)
(-13.4979999 -34.66995477 9.307595511e-15)
(-13.85732237 -35.27911902 1.050809972e-14)
(-14.22359743 -35.88825558 1.389020609e-14)
(-14.59649052 -36.49722751 1.110656275e-14)
(-14.97563907 -37.10577335 9.289460536e-15)
(-15.36067302 -37.71351612 8.765236561e-15)
(-15.75123393 -38.31998056 8.400582433e-15)
(-16.14699029 -38.92461358 9.342300124e-15)
(-16.54764969 -39.52681 1.24198548e-14)
(-16.9529641 -40.12593514 1.457343462e-14)
(-17.36273453 -40.72135048 1.274481617e-14)
(-17.77680833 -41.31243277 1.045233585e-14)
(-18.19507661 -41.89859255 8.449988702e-15)
(-18.6174681 -42.47928632 7.317155472e-15)
(-19.04394303 -43.0540261 6.963150826e-15)
(-19.47448684 -43.62238613 7.228738325e-15)
(-19.90910305 -44.18400338 6.684010737e-15)
(-20.34780828 -44.7385789 5.684022909e-15)
(-20.79062731 -45.28587464 3.516704415e-15)
(-21.23758918 -45.82571008 3.905997982e-15)
(-21.68872457 -46.35795853 5.360865256e-15)
(-22.14406292 -46.88254038 7.440300203e-15)
(-22.60363098 -47.39941769 9.23063279e-15)
(-23.06745304 -47.90858963 7.815558158e-15)
(-23.53555006 -48.41008755 4.524961488e-15)
(-24.00793881 -48.90396771 2.343343302e-15)
(-24.48463501 -49.39030912 2.788773585e-15)
(-24.96565388 -49.86920958 3.540744997e-15)
(-25.4510126 -50.34078278 4.123592795e-15)
(-25.94073514 -50.80515687 3.808996159e-15)
(-26.4348584 -51.26247528 3.719282701e-15)
(-26.93344191 -51.71290116 2.95814862e-15)
(-27.43658036 -52.15662336 1.925748733e-15)
(-27.94442182 -52.59387251 1.448582939e-15)
(-28.45718517 -53.02494386 8.218056856e-16)
(-28.97517115 -53.45023068 1.408732402e-16)
(-29.49874869 -53.87026201 -4.96377125e-18)
(-30.02829411 -54.28571157 8.92314711e-16)
(-30.56409191 -54.69734865 1.652701853e-16)
(-31.10625737 -55.1058975 -9.656533752e-17)
(-31.65474189 -55.51191385 -4.516648193e-16)
(-32.20939378 -55.91573789 -5.376301923e-16)
(-32.77002096 -56.31752738 -3.049524509e-16)
(-33.33641007 -56.71731687 3.670413923e-16)
(-33.90831298 -57.11502748 3.621996364e-16)
(-34.48546223 -57.51046053 1.7509198e-15)
(-35.06762576 -57.90333147 9.976247128e-16)
(-35.65458516 -58.29337289 6.499551986e-17)
(-36.24604322 -58.6802774 -1.782615122e-16)
(-36.84162165 -59.06360276 -4.701726107e-16)
(-37.44101879 -59.44274385 -6.806632557e-16)
(-38.04403443 -59.81725875 -5.06483645e-16)
(-38.65033973 -60.18672037 -6.228219179e-16)
(-39.25951438 -60.55052868 -8.148422049e-16)
(-39.87134421 -60.90792395 -4.830347992e-16)
(-40.48586368 -61.25858586 4.746539173e-16)
(-41.10284166 -61.60234211 7.19061562e-16)
(-41.72209855 -61.93854533 8.917088673e-17)
(-42.34417318 -62.26701734 -1.8838361e-16)
(-42.96965304 -62.58855677 7.023221828e-16)
(-43.5983338 -62.90379858 2.173492255e-15)
(-44.23032713 -63.21217181 5.687935178e-16)
(-44.86659688 -63.51499524 7.875672142e-16)
(-45.50646241 -63.81298681 2.41878226e-15)
(-46.15056528 -64.10441798 4.030920689e-15)
(-46.79998362 -64.39416389 3.496444619e-15)
(-47.45246242 -64.67672169 3.530789271e-15)
(-48.11685459 -64.95388251 2.990177529e-15)
(-48.79425536 -65.2447989 1.869280505e-15)
(-49.45973264 -65.52376388 1.301964094e-15)
(-50.12009048 -65.781762 2.976285875e-15)
(-50.78310344 -66.02714253 2.512585002e-15)
(-51.44708536 -66.26357802 1.906983253e-15)
(-52.11207442 -66.4919937 1.374552134e-15)
(-52.77809212 -66.71269829 3.820194572e-16)
(-53.4451357 -66.92572438 -5.319728325e-16)
(-54.11320801 -67.13099766 -1.842328169e-15)
(-54.78234953 -67.32843554 -1.655170351e-15)
(-55.45266273 -67.51803444 -1.294285702e-15)
(-56.12431213 -67.69991423 -9.616564236e-16)
(-56.79751297 -67.87432337 -7.468797105e-16)
(-57.4725108 -68.04163759 5.42945271e-16)
(-58.14954944 -68.20230883 2.333441561e-16)
(-58.82885207 -68.35682364 6.698991225e-16)
(-59.5105938 -68.50564858 1.656875746e-15)
(-60.19488758 -68.64918319 1.440108435e-15)
(-60.88177684 -68.7877174 1.245534242e-15)
(-61.57123565 -68.92141907 6.501997915e-16)
(-62.26316965 -69.05031729 4.767992669e-16)
(-62.9574251 -69.17430567 1.801146544e-16)
(-63.65380054 -69.29315912 2.807693064e-16)
(-64.352063 -69.4065559 1.953554376e-16)
(-65.05196212 -69.51410873 5.754245617e-17)
(-65.75324645 -69.61539474 -9.158695681e-16)
(-66.4556828 -69.70999901 -1.506516817e-15)
(-67.15906968 -69.79754605 -1.271314241e-15)
(-67.86324189 -69.87773218 -1.252485407e-15)
(-68.5680785 -69.95033887 -1.336718195e-15)
(-69.27350215 -70.01525614 -1.710856512e-15)
(-69.97947207 -70.07246791 -1.386332318e-15)
(-70.68597785 -70.12204994 -1.865372737e-15)
(-71.39303044 -70.16414921 -1.862045097e-15)
(-72.10065038 -70.19896004 -1.467545746e-15)
(-72.80886009 -70.22669981 -2.597308992e-15)
(-73.51767404 -70.24758218 -1.850733392e-15)
(-74.22709486 -70.26179916 -1.872757813e-15)
(-74.93711007 -70.2695083 -2.224240691e-15)
(-75.64768963 -70.27081406 -1.175718343e-15)
(-76.35878872 -70.2657755 -1.017613682e-15)
(-77.07035126 -70.2544064 -1.587447281e-15)
(-77.78231172 -70.23668253 -1.622428279e-15)
(-78.49460014 -70.21255121 -9.299518572e-16)
(-79.20714649 -70.18194741 -9.229863599e-16)
(-79.91987995 -70.14480037 -9.953174729e-16)
(-80.63273579 -70.10104527 -1.348269026e-15)
(-81.34564871 -70.05062696 -1.917104268e-15)
(-82.05856138 -69.99350636 -2.554953918e-15)
(-82.77141894 -69.92965992 -2.150371504e-15)
(-83.4841696 -69.85908353 -1.881896165e-15)
(-84.19676355 -69.78177793 -1.73270345e-15)
(-84.90915495 -69.69776115 -1.667350986e-15)
(-85.62129509 -69.60706085 -1.198400831e-15)
(-86.33313399 -69.50970256 -1.054812188e-15)
(-87.04462034 -69.4057155 -7.433023384e-16)
(-87.75570055 -69.29511957 -4.30035277e-16)
(-88.46632413 -69.17793776 -5.127430196e-16)
(-89.17643691 -69.05418551 -6.428979716e-16)
(-89.88598769 -68.92387731 -1.502878915e-15)
(-90.59492389 -68.78702473 -1.454769846e-15)
(-91.30319279 -68.64363831 -1.194669755e-15)
(-92.01074537 -68.49372836 -8.470518512e-16)
(-92.7175286 -68.33730308 -3.387353476e-16)
(-93.42349277 -68.1743735 -5.401956614e-16)
(-94.12858812 -68.00494975 -6.800111031e-16)
(-94.8327638 -67.8290425 -5.818752122e-16)
(-95.53597171 -67.64666461 -1.653754333e-15)
(-96.23816074 -67.45782789 -1.332191712e-15)
(-96.9392828 -67.26254362 -1.059289269e-15)
(-97.63928777 -67.06082916 -8.566403183e-16)
(-98.33812684 -66.85269532 -8.443163144e-16)
(-99.03575204 -66.63815823 -8.54875912e-16)
(-99.73211456 -66.41723436 -7.532214162e-16)
(-100.4271658 -66.18993687 -8.290679288e-16)
(-101.1208588 -65.95628611 -8.404854193e-16)
(-101.8131446 -65.71629406 -1.280553791e-15)
(-102.5039877 -65.46999261 -1.292737313e-15)
(-103.1933008 -65.21744249 -1.154449313e-15)
(-103.8810401 -64.95897098 -1.083444613e-15)
(-104.5778016 -64.75456562 -1.509487471e-15)
(-108.0705899 -62.76305722 -8.848799978e-16)
(-109.7263408 -62.37118518 -4.226374773e-16)
(-110.695109 -62.60541087 -4.269281771e-15)
(-111.4562735 -63.02704683 -1.153140182e-15)
(-112.134643 -63.45834793 -4.758443467e-16)
(-112.7601761 -63.8522912 -3.757027772e-17)
(-113.3363697 -64.20070618 -1.0576382e-15)
(-113.8625057 -64.50620425 -1.818306802e-15)
(-114.3403522 -64.77544123 -1.746330203e-15)
(-114.7752411 -65.01691905 -5.287915679e-16)
(-115.1749746 -65.23919186 -1.027756886e-15)
(-115.5480841 -65.44940394 -3.027084465e-15)
(-115.9023921 -65.65263805 -2.038944784e-15)
(-116.244221 -65.85198361 -2.126644362e-15)
(-116.5780848 -66.04890425 -1.558789073e-15)
(-116.9067865 -66.24370078 -1.403497696e-15)
(-117.2317265 -66.43596584 -1.349793879e-15)
(-117.5533499 -66.6250399 -1.420744185e-15)
(-117.8717034 -66.81047576 -1.707078597e-15)
(-118.1869473 -66.99238012 -3.324859615e-15)
(-118.4996927 -67.17154091 -1.243917424e-15)
(-118.8111837 -67.34937343 -2.535478425e-15)
(-119.1232206 -67.52767019 -1.549036796e-15)
(-119.4379497 -67.70830421 -2.330520953e-15)
(-119.7576212 -67.89297448 -2.106539172e-15)
(-120.0842988 -68.08300422 -2.998851712e-15)
(-120.4196864 -68.27927631 -3.222896951e-15)
(-120.7650107 -68.48224032 -2.251128013e-15)
(-121.120977 -68.69196604 -2.328566064e-15)
(-121.4878365 -68.90826032 -2.844916713e-15)
(-121.865504 -69.13079905 -3.031020831e-15)
(-122.2536759 -69.359263 -3.445221558e-15)
(-122.6520323 -69.59351988 -4.200489062e-15)
(-123.0603774 -69.83373334 -3.447748227e-15)
(-123.4787402 -70.08039158 -3.184424335e-15)
(-123.9074073 -70.33421855 -4.100668945e-15)
(-124.3467921 -70.59594357 -3.639298465e-15)
(-124.7972758 -70.86607336 -2.901451079e-15)
(-125.2589818 -71.14468129 -2.531067611e-15)
(-125.7316292 -71.43133124 -3.186756941e-15)
(-126.2145095 -71.72514271 -2.309369461e-15)
(-126.7064903 -72.02490971 -2.445675868e-15)
(-127.2061437 -72.32929272 -2.827470453e-15)
(-127.7118748 -72.63698028 -3.420424604e-15)
(-128.2220411 -72.94679523 -3.451404489e-15)
(-128.7350906 -73.25777785 -2.416542595e-15)
(-129.249631 -73.56919832 -2.788332729e-15)
(-129.7644488 -73.88051122 -2.832624047e-15)
(-130.2785424 -74.1913246 -3.272257581e-15)
(-130.7910703 -74.50132352 -2.775466828e-15)
(-131.301312 -74.81021847 -2.822797391e-15)
(-131.8086595 -75.11772343 -3.369477121e-15)
(-132.3125358 -75.42350264 -3.881376445e-15)
(-132.8124025 -75.72717753 -3.120740282e-15)
(-133.3077272 -76.02832129 -3.879709534e-15)
(-133.7979461 -76.32645038 -3.048411768e-15)
(-134.282488 -76.62105906 -2.946146106e-15)
(-134.7607929 -76.91165594 -4.01147971e-15)
(-135.2323112 -77.19779499 -3.438345835e-15)
(-135.6965717 -77.47915974 -3.497587868e-15)
(-136.1531964 -77.75560591 -3.4419211e-15)
(-136.6019371 -78.02719189 -2.408634191e-15)
(-137.042725 -78.29416927 -2.85818002e-15)
(-137.4756205 -78.55686575 -2.858084662e-15)
(-137.9007895 -78.81556729 -3.530869583e-15)
(-138.3183925 -79.07036515 -2.889900587e-15)
(-138.7285031 -79.32108062 -1.855893157e-15)
(-139.1310859 -79.56730172 -1.2713766e-15)
(-139.5259582 -79.8084679 -2.149019523e-15)
(-139.9128498 -80.04404303 -2.681108721e-15)
(-140.2914616 -80.27365624 -3.013822695e-15)
(-140.6615151 -80.49716466 -3.078874044e-15)
(-141.0228366 -80.71466233 -3.108837645e-15)
(-141.3753867 -80.92640613 -3.441433383e-15)
(-141.7192232 -81.13269037 -4.186002699e-15)
(-142.0545007 -81.33378386 -4.959801792e-15)
(-142.381402 -81.52987554 -4.017186784e-15)
(-142.7001094 -81.72108634 -3.524696886e-15)
(-143.0108236 -81.90752254 -3.52681131e-15)
(-143.3137274 -82.08927897 -3.584537481e-15)
(-143.6090135 -82.26646479 -4.613672404e-15)
(-143.8968763 -82.43919492 -5.120416057e-15)
(-144.1774824 -82.60756613 -5.409029819e-15)
(-144.4509993 -82.77167332 -4.33212426e-15)
(-144.7176034 -82.93161981 -3.923619586e-15)
(-144.9774546 -83.08750037 -4.193107891e-15)
(-145.2307308 -83.23942162 -5.662722582e-15)
(-145.4775931 -83.38747966 -4.872547042e-15)
(-145.7181865 -83.53176098 -4.68497674e-15)
(-145.9526737 -83.67236888 -4.143313472e-15)
(-146.1812039 -83.8094042 -3.950624326e-15)
(-146.4039485 -83.94298735 -4.545551612e-15)
(-146.6210675 -84.07323377 -3.872962781e-15)
(-146.8327088 -84.20024828 -4.264532908e-15)
(-147.0390392 -84.32414302 -3.887381415e-15)
(-147.2402096 -84.44501142 -3.51942984e-15)
(-147.4363809 -84.56294478 -3.994296421e-15)
(-147.6277119 -84.67802764 -5.027693649e-15)
(-147.8143273 -84.79032222 -4.721877253e-15)
(-147.9931033 -84.9051711 -4.032115282e-15)
)
;
    }
    outlet
    {
        type            calculated;
        value           uniform (0 0 0);
    }
    front
    {
        type            wedge;
    }
    back
    {
        type            wedge;
    }
}


// ************************************************************************* //
