/*--------------------------------*- C++ -*----------------------------------*\
| =========                 |                                                 |
| \\      /  F ield         | OpenFOAM: The Open Source CFD Toolbox           |
|  \\    /   O peration     | Version:  v1706                                 |
|   \\  /    A nd           | Web:      www.OpenFOAM.com                      |
|    \\/     M anipulation  |                                                 |
\*---------------------------------------------------------------------------*/
FoamFile
{
    version     2.0;
    format      ascii;
    class       volScalarField;
    location    "0.00065";
    object      wallHeatFlux;
}
// * * * * * * * * * * * * * * * * * * * * * * * * * * * * * * * * * * * * * //

dimensions      [1 0 -3 0 0 0 0];


internalField   uniform 0;

boundaryField
{
    inlet
    {
        type            calculated;
        value           uniform 0;
    }
    object
    {
        type            calculated;
        value           nonuniform List<scalar> 
300
(
638153.6234
639478.1972
639953.0686
640206.8001
640345.602
640409.3281
640418.2301
640384.4499
640316.0232
640218.5898
640096.2432
639952.0052
639788.117
639606.2411
639407.5996
639193.0799
638963.3158
638718.751
638459.6851
638186.3105
637898.7487
637597.0639
637281.2801
636951.407
636607.4252
636249.3231
635877.0699
635490.6513
635090.0442
634675.2293
634246.1978
633802.9366
633345.4455
632873.7129
632387.7426
631887.5211
631373.0444
630844.2947
630301.2461
629743.8584
629172.0727
628585.8081
627984.9517
627369.3631
626738.8604
626093.2171
625432.168
624755.4129
624062.6147
623353.4414
622627.5675
621884.7347
621124.7836
620347.6787
619553.5299
618742.5978
617915.2749
617072.0844
616213.6489
615340.6918
614453.9727
613554.3088
612642.5118
611719.3962
610785.7411
609842.283
608889.7167
607928.6609
606959.6764
605983.2509
604999.8005
604009.6845
603013.1866
602010.5231
601001.8632
599987.3272
598966.966
597940.8019
596908.8117
595870.9265
594827.0357
593776.9747
592720.525
591657.3711
590587.0882
589509.0783
588422.5185
587326.3284
586219.1594
585099.576
583966.2604
582818.2309
581654.8658
580475.8264
579280.9821
578070.3881
576844.3028
575603.1705
574347.3995
573077.5683
571794.5762
570499.5986
569193.4933
567877.2345
566552.2095
565219.971
563881.1255
562536.2297
561186.7081
559832.4961
558471.7136
557103.4688
555728.939
554344.6886
552950.0513
551547.8983
550127.3539
548701.8291
547254.1752
545749.8607
544276.0966
542836.9383
541402.1502
539967.7203
538532.0503
537094.5607
535655.1951
534214.106
532771.4558
531327.1951
529880.9899
528432.2053
526979.9017
525522.9601
524060.213
522590.5072
521112.856
519626.5423
518131.1429
516626.5675
515113.062
513591.1768
512061.7392
510525.7517
508984.3186
507438.5715
505889.5868
504338.2604
502785.3079
501231.1948
499676.1467
498120.159
496563.0434
495004.4656
493444.0191
491881.2717
490315.8225
488747.3393
487175.5932
485600.4602
484021.9257
482440.0648
480855.0348
479267.0384
477676.2839
476083.0076
474487.4052
472889.6548
471289.8934
469688.2405
468084.7825
466479.5737
464872.6495
463264.0471
461653.7949
460041.922
458428.4771
456813.495
455197.0306
453579.1341
451959.854
450339.2591
448717.3983
447094.332
445470.1196
443844.8127
442218.4729
440591.1452
438962.8921
437333.7551
435703.786
434073.0393
432441.559
430809.3933
429176.5887
427543.1906
425909.2468
424274.8454
422640.0918
421009.6498
418267.7258
416849.2034
415167.1285
413176.6613
411080.5049
409022.4376
407082.7407
405298.1681
403673.2858
402189.6287
400816.298
399519.7344
398270.5516
397046.7459
395834.1951
394625.8366
393419.9631
392217.8836
391021.6117
389831.6573
388645.5542
387457.5717
386259.1746
385040.2966
383790.7938
382501.5908
381165.5729
379777.9249
378335.9917
376839.0933
375287.9387
373683.8447
372027.9552
370320.3146
368559.4842
366742.7365
364866.7084
362928.6019
360927.1454
358863.3465
356740.7024
354564.8062
352342.7521
350082.3265
347791.1665
345476.3371
343144.0514
340799.5127
338447.0754
336090.3216
333732.3409
331375.9951
329024.0977
326679.5672
324345.4987
322025.0937
319721.7482
317438.9288
315179.9388
312947.7193
310744.4243
308571.2289
306428.3218
304315.0928
302230.7101
300174.6289
298147.1546
296149.6945
294184.5374
292254.4402
290361.9998
288509.0367
286696.4541
284924.2794
283191.9101
281498.5288
279843.258
278225.3139
276644.0212
275098.711
273588.7399
272113.4719
270672.2084
269264.3012
267889.1212
266546.0144
265234.371
263953.5393
262702.8697
261481.7279
260289.4297
259125.3002
257988.5894
256878.5339
255794.4002
254735.456
253701.0337
252690.5254
251703.3085
250738.8695
)
;
    }
    outlet
    {
        type            calculated;
        value           uniform 0;
    }
    front
    {
        type            wedge;
    }
    back
    {
        type            wedge;
    }
}


// ************************************************************************* //
