/*--------------------------------*- C++ -*----------------------------------*\
| =========                 |                                                 |
| \\      /  F ield         | OpenFOAM: The Open Source CFD Toolbox           |
|  \\    /   O peration     | Version:  v1706                                 |
|   \\  /    A nd           | Web:      www.OpenFOAM.com                      |
|    \\/     M anipulation  |                                                 |
\*---------------------------------------------------------------------------*/
FoamFile
{
    version     2.0;
    format      ascii;
    class       volVectorField;
    location    "0.00158";
    object      wallShearStress;
}
// * * * * * * * * * * * * * * * * * * * * * * * * * * * * * * * * * * * * * //

dimensions      [1 -1 -2 0 0 0 0];


internalField   uniform (0 0 0);

boundaryField
{
    inlet
    {
        type            calculated;
        value           nonuniform 0();
    }
    object
    {
        type            calculated;
        value           nonuniform List<vector> 
196
(
(-0.4055308649 -0.2093602493 -6.406766438e-15)
(-0.3857204617 -0.3529004713 -1.578968393e-14)
(-0.3889146924 -0.5529091571 -4.014226888e-14)
(-0.3910893105 -0.7602558085 -3.060016399e-14)
(-0.3938517386 -0.9699871995 -2.03384915e-14)
(-0.397228717 -1.18060602 6.356273212e-15)
(-0.4012145158 -1.391455769 1.952355884e-14)
(-0.4058018289 -1.602162252 2.42910961e-14)
(-0.410986818 -1.812471837 2.499405699e-14)
(-0.4167690759 -2.022193441 1.773769635e-14)
(-0.4231509157 -2.231174821 1.18724499e-14)
(-0.4301366009 -2.439292166 2.090618321e-15)
(-0.4377313589 -2.646444855 -1.718152699e-15)
(-0.4459405096 -2.852551796 -1.534629341e-18)
(-0.4547682354 -3.057548416 -3.16552278e-16)
(-0.4642133497 -3.261376787 -9.412916854e-16)
(-0.4742922332 -3.463999087 -6.107440962e-15)
(-0.4850111427 -3.665406286 -1.28569066e-14)
(-0.4963603504 -3.86557774 -1.764396997e-14)
(-0.5083612319 -4.064515118 -1.917396247e-14)
(-0.5209925456 -4.262218798 -2.295167226e-14)
(-0.5342903387 -4.458709727 -2.035422605e-14)
(-0.5482116183 -4.654000137 -1.597501019e-14)
(-0.5628161932 -4.848123854 -8.564807842e-15)
(-0.5780304135 -5.04109999 -2.695246543e-15)
(-0.5939489955 -5.232970633 -3.706047865e-16)
(-0.6104562049 -5.423762913 1.025538822e-17)
(-0.6276849563 -5.613511381 3.737140821e-17)
(-0.6454940396 -5.802259512 -5.027865251e-17)
(-0.6640329937 -5.990034546 -1.330047351e-15)
(-0.6831487146 -6.176889938 -1.231955496e-18)
(-0.7030021549 -6.362843394 1.703735975e-15)
(-0.7234368299 -6.547989601 9.619974169e-16)
(-0.7445326282 -6.732280428 -5.326081434e-16)
(-0.7662754021 -6.915795331 -1.512725492e-15)
(-0.7886704494 -7.098565052 -1.032423039e-16)
(-0.8117072294 -7.280631191 5.307537901e-17)
(-0.8353766318 -7.462008325 5.466900543e-17)
(-0.8597007911 -7.642735907 5.846336081e-16)
(-0.8846560153 -7.822863783 2.257048347e-15)
(-0.9102455126 -8.002397035 7.279864167e-16)
(-0.9364701673 -8.181379781 5.701765783e-17)
(-0.9633170579 -8.359827344 2.204713727e-17)
(-0.9908094925 -8.537772985 8.754128934e-17)
(-1.018925364 -8.715260985 1.607720414e-15)
(-1.047669499 -8.892304359 1.629998441e-15)
(-1.077030556 -9.06892656 2.194092828e-16)
(-1.107026739 -9.245149819 4.69572369e-16)
(-1.137641687 -9.421009562 -1.609775029e-16)
(-1.168882125 -9.596518816 -1.822563056e-17)
(-1.200737883 -9.771701647 5.59275958e-17)
(-1.233219966 -9.94657372 5.621344113e-16)
(-1.266317425 -10.12115941 1.799392389e-15)
(-1.300038563 -10.29546981 1.610158781e-15)
(-1.334373759 -10.46952478 3.73952317e-15)
(-1.369331068 -10.6433317 1.507119059e-15)
(-1.404902071 -10.81690681 9.049833116e-17)
(-1.441093414 -10.9902545 -1.22302241e-15)
(-1.477897969 -11.16338711 -1.157499592e-15)
(-1.515321234 -11.33630616 -1.790883316e-16)
(-1.55335728 -11.50902291 -6.597643978e-17)
(-1.592004077 -11.68153208 1.640342995e-16)
(-1.63126378 -11.85383423 2.248463551e-16)
(-1.671135924 -12.02593047 3.227257052e-17)
(-1.711614758 -12.19781721 -5.00677955e-17)
(-1.752699525 -12.36948612 -7.845269019e-16)
(-1.794387131 -12.54093116 -1.619993716e-15)
(-1.83667576 -12.71214403 -1.305426978e-15)
(-1.879560354 -12.88311598 -4.7460728e-16)
(-1.923037743 -13.0538358 -1.624692948e-16)
(-1.967103104 -13.22429499 -4.832966814e-16)
(-2.01175285 -13.39448281 -7.017409094e-16)
(-2.05698163 -13.56439114 3.854805088e-17)
(-2.10278644 -13.73401299 -5.785892556e-17)
(-2.149158402 -13.90334139 2.277579586e-17)
(-2.196096455 -14.07236695 -3.475799816e-16)
(-2.243599263 -14.24109238 4.913535799e-16)
(-2.291658345 -14.40951759 -3.399320827e-17)
(-2.340267569 -14.57763715 2.727526758e-16)
(-2.389428433 -14.74545146 1.389615428e-16)
(-2.439133774 -14.91296334 6.522801541e-16)
(-2.489386273 -15.0801705 6.348004134e-16)
(-2.540187574 -15.24708298 7.011154809e-17)
(-2.591527039 -15.41370422 -1.363616831e-17)
(-2.643401595 -15.58002399 1.492160607e-16)
(-2.695819975 -15.74604475 5.56642231e-16)
(-2.748780165 -15.91177237 3.245273002e-17)
(-2.802293561 -16.07723454 -1.570136478e-17)
(-2.856272137 -16.2423847 -1.232656775e-17)
(-2.910859148 -16.40717397 -1.694252001e-16)
(-2.966015337 -16.57176068 5.156433776e-17)
(-3.02166514 -16.73607122 -3.063399574e-16)
(-3.077857098 -16.9000513 -2.3930827e-16)
(-3.13462259 -17.0637558 -4.640360803e-16)
(-3.191899072 -17.2271803 -9.426747311e-16)
(-3.249737471 -17.39029384 -9.177439044e-17)
(-3.308084406 -17.55311318 -3.474942445e-16)
(-3.367051177 -17.71559875 2.227176164e-16)
(-3.426600342 -17.87788781 1.513379987e-16)
(-3.486643557 -18.03993692 2.867239859e-17)
(-3.547160878 -18.20161687 -3.794905496e-17)
(-3.608332087 -18.36294699 -1.355116681e-16)
(-3.670066097 -18.52413521 1.03364644e-16)
(-3.732091078 -18.68493534 8.331020423e-17)
(-3.795017604 -18.84517431 -3.695295302e-16)
(-3.858539713 -19.00532385 -1.481834372e-16)
(-3.922441002 -19.16524557 -3.049986924e-16)
(-3.986584308 -19.32464446 -1.552823312e-16)
(-4.051570737 -19.48338973 6.964921254e-16)
(-4.117092128 -19.64195079 1.305217468e-15)
(-4.183019749 -19.80007828 1.683301313e-15)
(-4.249409027 -19.95764784 1.63792948e-15)
(-4.316305736 -20.11466272 6.091702656e-16)
(-4.38368869 -20.27112916 -4.366447427e-16)
(-4.451555597 -20.42702488 -1.326114923e-15)
(-4.51986987 -20.58234786 -2.157991381e-15)
(-4.588571465 -20.73702642 -2.906105636e-15)
(-4.657759598 -20.89102077 -1.552920273e-15)
(-4.727406944 -21.04442895 1.171806768e-16)
(-4.797465107 -21.1972319 2.725311784e-16)
(-4.867861241 -21.34936373 1.15901302e-16)
(-4.938668231 -21.50073819 6.279520213e-17)
(-5.010001952 -21.65147571 6.310535406e-17)
(-5.081738208 -21.8017161 1.357956154e-16)
(-5.153756602 -21.95133376 4.281800046e-16)
(-5.226101223 -22.10017318 2.663888113e-16)
(-5.299058576 -22.24832992 -3.254201474e-16)
(-5.372464525 -22.39609786 -1.215019717e-15)
(-5.44613852 -22.54333665 -7.706592262e-16)
(-5.520136744 -22.68986862 5.905084715e-17)
(-5.594755353 -22.8357996 -5.704777555e-17)
(-5.669760918 -22.98139652 -6.297419831e-17)
(-5.745083105 -23.12645194 1.673673599e-16)
(-5.820784371 -23.27090467 1.488906974e-16)
(-5.897092417 -23.41483555 8.596720554e-17)
(-5.973670161 -23.55840529 -7.176350564e-17)
(-6.05073614 -23.70129411 -5.365058642e-17)
(-6.128335949 -23.84377525 -3.156224771e-16)
(-6.206290592 -23.98600105 -2.056306042e-16)
(-6.284151344 -24.12756921 1.840130166e-17)
(-6.362900903 -24.26801977 4.36164035e-16)
(-6.442260642 -24.4082313 3.533142166e-16)
(-6.521749498 -24.54799845 3.558803258e-17)
(-6.601513958 -24.68699555 7.082388271e-17)
(-6.681573334 -24.82540358 -4.262945181e-16)
(-6.761602886 -24.96283303 -1.430700681e-16)
(-6.84251664 -25.0990734 3.887456353e-17)
(-6.923757683 -25.23491632 6.28549419e-18)
(-7.004809423 -25.36986075 7.9648582e-17)
(-7.086183707 -25.50362875 -1.174655723e-16)
(-7.167544486 -25.63636461 8.852984691e-17)
(-7.249438171 -25.76771987 1.492299079e-17)
(-7.331590743 -25.89821712 -4.814911519e-16)
(-7.413482871 -26.02759787 -5.296347371e-16)
(-7.495774105 -26.15546425 -7.45206242e-16)
(-7.578087245 -26.28235397 -2.142652855e-16)
(-7.660186755 -26.40778497 -6.950128017e-17)
(-7.742781747 -26.53163667 -4.933066118e-16)
(-7.825188887 -26.65445077 -3.200307951e-16)
(-7.907708982 -26.7756291 -1.766836489e-16)
(-7.990171071 -26.895453 6.866270819e-17)
(-8.072498068 -27.01388946 5.537915533e-16)
(-8.154758178 -27.13069333 2.614908946e-16)
(-8.237212987 -27.24589738 1.618842462e-16)
(-8.31947008 -27.35968605 7.040727712e-16)
(-8.40157804 -27.47185289 2.5602738e-16)
(-8.483602317 -27.5823602 1.544275804e-16)
(-8.565526606 -27.69119868 7.731012652e-16)
(-8.647309037 -27.79833031 1.101076947e-15)
(-8.728910931 -27.90369827 1.411259509e-15)
(-8.810297019 -28.00723903 1.464059405e-15)
(-8.891427724 -28.10888685 1.040083887e-15)
(-8.972266966 -28.20857274 9.681362999e-16)
(-9.052772698 -28.30622732 4.925223768e-16)
(-9.132904274 -28.40177434 1.673207149e-16)
(-9.212622597 -28.4951422 -3.233531535e-17)
(-9.291898865 -28.58625059 -4.602421077e-16)
(-9.370723969 -28.67502775 -6.61262495e-16)
(-9.449136208 -28.76142009 -4.2576384e-16)
(-9.526961524 -28.84540422 -8.993312436e-17)
(-9.604165093 -28.92684757 8.096243909e-17)
(-9.680656865 -29.00569032 1.489499532e-17)
(-9.756344395 -29.08181806 -6.325356972e-17)
(-9.831317058 -29.15510424 9.264559183e-17)
(-9.905613887 -29.22551951 7.919375723e-17)
(-9.979060358 -29.29301241 4.944691443e-16)
(-10.05153791 -29.35742874 4.178414854e-16)
(-10.12299894 -29.41862632 2.250623381e-16)
(-10.19338185 -29.47648432 1.396196302e-16)
(-10.2626079 -29.53088329 -1.618652971e-16)
(-10.33060569 -29.58169821 -3.018574566e-16)
(-10.39729329 -29.62881303 -1.11189385e-16)
(-10.46256292 -29.67210189 -1.015766404e-16)
(-10.52630017 -29.71141839 -3.322002259e-16)
(-10.58836684 -29.74658563 -3.107940368e-17)
(-10.64854649 -29.7773799 1.382865971e-17)
)
;
    }
    outlet
    {
        type            calculated;
        value           nonuniform 0();
    }
    front
    {
        type            wedge;
    }
    back
    {
        type            wedge;
    }
    procBoundary1to0
    {
        type            processor;
        value           uniform (0 0 0);
    }
    procBoundary1to2
    {
        type            processor;
        value           uniform (0 0 0);
    }
    procBoundary1to3
    {
        type            processor;
        value           uniform (0 0 0);
    }
}


// ************************************************************************* //
