/*--------------------------------*- C++ -*----------------------------------*\
| =========                 |                                                 |
| \\      /  F ield         | OpenFOAM: The Open Source CFD Toolbox           |
|  \\    /   O peration     | Version:  v1706                                 |
|   \\  /    A nd           | Web:      www.OpenFOAM.com                      |
|    \\/     M anipulation  |                                                 |
\*---------------------------------------------------------------------------*/
FoamFile
{
    version     2.0;
    format      ascii;
    class       volScalarField;
    location    "0.0013";
    object      wallHeatFlux;
}
// * * * * * * * * * * * * * * * * * * * * * * * * * * * * * * * * * * * * * //

dimensions      [1 0 -3 0 0 0 0];


internalField   uniform 0;

boundaryField
{
    inlet
    {
        type            calculated;
        value           uniform 0;
    }
    object
    {
        type            calculated;
        value           nonuniform List<scalar> 
300
(
635108.7767
636376.0662
636840.4218
637090.478
637229.1689
637294.8326
637306.8061
637276.6836
637212.2114
637118.9287
637000.964
636861.46
636702.8379
636526.9649
636335.2812
636128.8868
635908.6134
635675.0817
635428.7523
635169.9514
634898.909
634615.7796
634320.6578
634013.5923
633694.6018
633363.6771
633020.785
632665.883
632298.908
631919.7833
631528.4208
631124.7206
630708.5605
630279.8033
629838.2891
629383.8394
628916.2482
628435.2949
627940.7263
627432.2832
626909.6999
626372.7198
625821.1194
625254.7273
624673.4402
624077.2505
623466.255
622840.6527
622200.7509
621546.9472
620879.719
620199.5942
619507.1402
618802.9447
618087.5732
617361.5709
616625.4317
615879.5786
615124.3477
614359.9855
613586.6205
612804.2663
612012.8113
611212.0124
610401.511
609580.8541
608749.5136
607906.94
607052.6213
606186.1475
605307.2813
604415.9599
603512.3246
602596.7098
601669.5882
600731.5322
599783.163
598825.1083
597857.9343
596882.1195
595898.0143
594905.7911
593905.4115
592896.6142
591878.8896
590851.4915
589813.501
588763.9374
587701.9245
586626.8296
585538.3748
584436.6893
583322.2985
582196.0793
581059.1503
579912.7363
578758.0099
577595.9247
576427.1639
575252.0879
574070.7834
572883.1514
571689.1006
570488.4244
569280.9105
568066.4819
566845.0171
565616.5464
564381.1056
563138.7032
561889.1618
560632.0244
559366.294
558090.7662
556804.1919
555505.8859
554195.3968
552873.8508
551540.7367
550199.3528
548851.2129
547496.0362
546131.8794
544742.9128
543338.5741
541993.7429
540655.5602
539314.3439
537965.4232
536606.535
535237.0792
533857.4171
532468.5648
531071.9285
529668.8075
528260.3928
526847.375
525430.2211
524008.9312
522583.2426
521152.8335
519717.4749
518276.9593
516831.25
515380.393
513924.6649
512464.2594
510999.3739
509530.2389
508056.9833
506579.8059
505098.6266
503613.5746
502124.7442
500632.133
499135.8325
497635.9362
496132.545
494625.6648
493115.4575
491601.9345
490085.1978
488565.3333
487042.3339
485516.289
483987.2902
482455.3527
480920.5769
479383.03
477842.7122
476299.7839
474754.3177
473206.3186
471655.9241
470103.1189
468548.0818
466990.8626
465431.4673
463870.0123
462306.613
460741.2836
459174.0779
457605.1306
456034.4906
454462.1851
452888.3382
451312.9624
449736.0778
448157.8415
446578.2964
444997.4529
443415.3986
441832.1872
440247.9059
438662.5862
437076.2575
435489.0015
433900.8904
432311.9742
430723.9628
429297.2849
428812.8391
428258.425
427530.7508
426705.0375
425838.2982
424957.9197
424075.1758
423194.8526
422319.948
421453.4207
420599.1753
419762.1854
418948.2551
418163.6124
417413.967
416703.8325
416035.9438
415410.9064
414827.2678
414281.7063
413769.585
413285.6914
412824.6187
412381.4221
411951.87
411532.6121
411121.3685
410716.6749
410317.8328
409924.7637
409537.813
409157.6631
408785.0927
408420.9383
408066.0262
407721.0643
407386.6334
407063.0128
406750.1814
406447.9367
406155.7353
405872.8375
405598.4122
405331.6013
405071.6654
404817.926
404569.8502
404327.05
404089.2033
403856.0468
403627.1905
403402.0982
403180.1781
402960.5701
402742.3309
402524.3902
402305.5966
402084.9255
401861.3481
401633.9491
401401.9532
401164.6762
400921.5404
400671.9004
400415.0423
400150.15
399876.2495
399592.2791
399297.0216
398989.2228
398667.8142
398331.8298
397980.572
397613.6806
397231.1126
396833.1656
396420.2883
395993.0405
395551.9988
395097.6264
394630.2607
394149.9682
393656.5926
393149.9273
392629.5915
392095.2796
391546.759
390983.9237
390406.9689
389816.2095
389212.1247
388595.3096
387966.3644
387325.8672
386674.1901
386011.4875
385337.7981
384652.8658
383956.3966
)
;
    }
    outlet
    {
        type            calculated;
        value           uniform 0;
    }
    front
    {
        type            wedge;
    }
    back
    {
        type            wedge;
    }
}


// ************************************************************************* //
