/*--------------------------------*- C++ -*----------------------------------*\
| =========                 |                                                 |
| \\      /  F ield         | OpenFOAM: The Open Source CFD Toolbox           |
|  \\    /   O peration     | Version:  v1706                                 |
|   \\  /    A nd           | Web:      www.OpenFOAM.com                      |
|    \\/     M anipulation  |                                                 |
\*---------------------------------------------------------------------------*/
FoamFile
{
    version     2.0;
    format      ascii;
    class       volVectorField;
    location    "0.0013";
    object      wallShearStress;
}
// * * * * * * * * * * * * * * * * * * * * * * * * * * * * * * * * * * * * * //

dimensions      [1 -1 -2 0 0 0 0];


internalField   uniform (0 0 0);

boundaryField
{
    inlet
    {
        type            calculated;
        value           uniform (0 0 0);
    }
    object
    {
        type            calculated;
        value           nonuniform List<vector> 
300
(
(-2.657016607 -0.8510318136 2.587731183e-14)
(-2.510762394 -1.386494875 4.699168064e-14)
(-2.522803603 -2.138891654 5.020825186e-14)
(-2.53107684 -2.919373715 1.410478993e-14)
(-2.543722764 -3.702354663 2.74599715e-14)
(-2.561844196 -4.480087754 2.52660741e-14)
(-2.586057558 -5.249213446 5.133216708e-14)
(-2.616889253 -6.008070886 6.445505398e-14)
(-2.654800002 -6.755893466 6.965785521e-14)
(-2.700170771 -7.492475154 7.855864359e-14)
(-2.753293393 -8.217987764 6.037524501e-14)
(-2.814370654 -8.932859123 5.145679074e-14)
(-2.883523863 -9.637683338 3.997044109e-14)
(-2.960804813 -10.33315222 3.457165345e-14)
(-3.046209555 -11.02000333 2.713186282e-14)
(-3.139692058 -11.69898127 1.721663213e-14)
(-3.241176646 -12.37081024 1.823154798e-16)
(-3.350568622 -13.03617554 -2.038633256e-15)
(-3.467762914 -13.69571233 -4.710187238e-15)
(-3.592650714 -14.34999955 -4.143059768e-15)
(-3.725124518 -14.99955822 -4.670468152e-15)
(-3.865081719 -15.64485255 -8.64175676e-15)
(-4.012427032 -16.28629292 -1.038315543e-14)
(-4.167074118 -16.92424033 -5.004747421e-15)
(-4.328946632 -17.55901165 -7.867832414e-16)
(-4.49797876 -18.19088522 3.1682702e-16)
(-4.674115529 -18.82010645 1.053897831e-15)
(-4.857313026 -19.44689401 2.393096501e-15)
(-5.047538337 -20.07144504 6.250437923e-15)
(-5.244769596 -20.69394074 9.791063032e-15)
(-5.448995818 -21.3145516 7.665229155e-15)
(-5.660216712 -21.93344211 6.834953422e-15)
(-5.878442004 -22.55077475 5.990131848e-15)
(-6.103690663 -23.16671364 5.246911154e-15)
(-6.335989276 -23.78142697 4.348849915e-15)
(-6.575369815 -24.39508827 3.791704261e-15)
(-6.821866104 -25.00787552 1.965875486e-15)
(-7.075509434 -25.61996845 -2.366867585e-15)
(-7.336322345 -26.23154181 -1.196278808e-15)
(-7.604312113 -26.84275653 4.378019511e-16)
(-7.879463347 -27.45374651 4.081922284e-15)
(-8.16173157 -28.0646027 5.3260119e-15)
(-8.451039028 -28.67535594 4.586434526e-15)
(-8.747273959 -29.28596075 3.990187638e-15)
(-9.050293799 -29.89628315 1.448084037e-15)
(-9.359932274 -30.50609613 1.177769789e-15)
(-9.676007897 -31.11508301 1.98317807e-15)
(-9.998332834 -31.72284749 2.289674306e-15)
(-10.32672121 -32.32893018 3.296827962e-15)
(-10.66099587 -32.93282772 8.181167253e-15)
(-11.00099411 -33.53401391 7.548458148e-15)
(-11.3465716 -34.13196024 9.714218606e-15)
(-11.69760562 -34.72615598 7.83846649e-15)
(-12.0539972 -35.31612609 5.878758008e-15)
(-12.41567186 -35.9014451 9.545854996e-15)
(-12.78258103 -36.48175016 7.613658924e-15)
(-13.15470239 -37.05675014 6.228779362e-15)
(-13.53203995 -37.62623261 4.729203825e-15)
(-13.91462455 -38.19006803 4.026731543e-15)
(-14.30251396 -38.74821374 2.557303579e-15)
(-14.69579189 -39.30071397 2.992892168e-15)
(-15.09456644 -39.84769957 3.089307707e-15)
(-15.4989666 -40.38938425 2.03893073e-15)
(-15.90913487 -40.92605792 1.214385752e-16)
(-16.32521776 -41.45807355 -2.291823845e-16)
(-16.74735081 -41.9858298 -1.114552852e-15)
(-17.1756404 -42.50974076 -1.310716956e-15)
(-17.61014495 -43.03019987 -1.204390501e-15)
(-18.05085956 -43.54753653 -2.013987017e-15)
(-18.49770872 -44.06197475 -3.429403669e-15)
(-18.95055149 -44.57360165 -2.985616619e-15)
(-19.40919436 -45.08235416 -4.006801225e-16)
(-19.87341124 -45.58802691 -2.930081334e-16)
(-20.34296322 -46.09029809 -2.076496144e-15)
(-20.81761517 -46.58876172 -1.508931424e-15)
(-21.29715026 -47.08296601 -1.659039648e-15)
(-21.78138098 -47.572451 -3.170818759e-15)
(-22.27015845 -48.05678356 -5.368095116e-15)
(-22.76337756 -48.53558834 -6.5173975e-15)
(-23.26098289 -49.00856972 -5.357809672e-15)
(-23.76297367 -49.47553455 -3.913815641e-15)
(-24.26940707 -49.93640577 -1.72572179e-15)
(-24.78040107 -50.39123425 -4.017367472e-16)
(-25.2961337 -50.84020905 -5.78830674e-16)
(-25.81683284 -51.28365742 5.308145848e-16)
(-26.34275216 -51.72203215 6.095148191e-16)
(-26.87413218 -52.15587047 1.838653021e-16)
(-27.41115308 -52.58572741 -2.262376002e-16)
(-27.95389543 -53.01208565 4.509670489e-16)
(-28.50232094 -53.43527302 1.639908954e-15)
(-29.05627395 -53.85540985 9.574634721e-16)
(-29.61549699 -54.27238965 1.34734291e-15)
(-30.1796559 -54.68588776 3.224948293e-15)
(-30.74837549 -55.09539607 2.823331774e-15)
(-31.32128204 -55.50028653 3.778503705e-15)
(-31.89804541 -55.89989199 2.460577092e-15)
(-32.47841261 -56.29359078 6.177023598e-16)
(-33.06222358 -56.68088055 -7.112111719e-17)
(-33.64941014 -57.06142612 -2.387797738e-16)
(-34.23997088 -57.43507215 -4.427422496e-16)
(-34.83393625 -57.80179528 -1.492227538e-15)
(-35.43134703 -58.161672 -1.252635851e-15)
(-36.03223924 -58.51482446 -2.594465634e-15)
(-36.63663411 -58.86138957 -6.549923592e-16)
(-37.24452962 -59.20148781 -5.91345831e-16)
(-37.85591353 -59.53521459 -4.622905847e-16)
(-38.47075192 -59.86265312 -6.564161492e-16)
(-39.08898873 -60.1838135 -1.012014858e-15)
(-39.7105838 -60.49872197 -1.475448806e-15)
(-40.33550809 -60.80735386 2.634996799e-16)
(-40.96383096 -61.10978473 -1.884470547e-15)
(-41.59571818 -61.40619755 -2.205338152e-15)
(-42.23144549 -61.69699173 -1.243531222e-15)
(-42.87129288 -61.98267399 -1.17660674e-15)
(-43.51546242 -62.26374382 -6.501919725e-16)
(-44.16402471 -62.54051093 -5.706959079e-16)
(-44.81687708 -62.81316618 -1.952619189e-15)
(-45.47373703 -63.081229 -8.66423724e-16)
(-46.13448054 -63.34491081 -2.67775212e-16)
(-46.7981766 -63.60294092 3.532818789e-17)
(-47.46467578 -63.85458138 1.617330877e-15)
(-48.13424913 -64.09978698 2.350278038e-15)
(-48.80830914 -64.33855518 8.874009996e-16)
(-49.49135854 -64.57657638 9.608876332e-16)
(-50.1806386 -64.81430594 2.297786766e-15)
(-50.85385845 -65.02523309 3.025951915e-15)
(-51.52831539 -65.22325507 1.678566811e-15)
(-52.2044186 -65.41383572 6.164605603e-16)
(-52.8831298 -65.59892961 2.889890732e-16)
(-53.5649137 -65.77934008 -1.272141825e-15)
(-54.24988383 -65.95522885 -1.136953233e-15)
(-54.93793348 -66.12640193 -1.833075779e-15)
(-55.62879785 -66.29242772 -4.761312499e-16)
(-56.3221459 -66.45276287 -8.025714521e-16)
(-57.0176648 -66.60689729 -9.58295003e-16)
(-57.7150855 -66.75439191 -1.22006519e-15)
(-58.41423586 -66.89498361 -1.777960741e-15)
(-59.11501528 -67.02854221 -1.634338408e-15)
(-59.81741145 -67.15510748 -1.413457289e-15)
(-60.52143525 -67.27478503 -5.166101304e-16)
(-61.22711433 -67.38772445 -8.902533934e-16)
(-61.9344619 -67.49405651 -1.153049659e-15)
(-62.64346597 -67.59387139 -8.862273367e-16)
(-63.35408682 -67.68720142 -5.424699741e-16)
(-64.06625187 -67.77402052 -2.402839374e-16)
(-64.77987289 -67.85426027 -3.924951076e-16)
(-65.49486585 -67.92786085 -1.64950626e-16)
(-66.21114005 -67.99475138 1.638255908e-16)
(-66.92861611 -68.05487907 -2.694829792e-17)
(-67.64722979 -68.10822712 5.344689514e-16)
(-68.36692244 -68.15478209 4.269469294e-16)
(-69.08763035 -68.19454616 -2.364030118e-16)
(-69.80929879 -68.22752044 1.249005026e-16)
(-70.5318734 -68.25371064 2.702243219e-16)
(-71.25529694 -68.27312324 -9.332247216e-17)
(-71.97950836 -68.28574834 -2.138839501e-16)
(-72.70445196 -68.29158628 -3.603450325e-16)
(-73.43007208 -68.29063443 -9.341013978e-16)
(-74.15630172 -68.28288226 -1.006677672e-15)
(-74.8830886 -68.26832753 -5.161744822e-16)
(-75.61038004 -68.24698276 -1.313573167e-16)
(-76.33811398 -68.21883433 9.951152754e-16)
(-77.06624308 -68.18389815 2.993051634e-16)
(-77.79470635 -68.14217323 6.569407649e-17)
(-78.5234477 -68.09365808 -1.01510356e-17)
(-79.25241914 -68.03836543 1.257036165e-16)
(-79.98155865 -67.97629287 5.167837456e-16)
(-80.71081427 -67.90744496 -5.426334079e-17)
(-81.44013386 -67.83182916 -1.846893628e-16)
(-82.16945245 -67.74944118 -9.835933395e-16)
(-82.89871806 -67.66028055 -1.169495524e-15)
(-83.62788108 -67.56436338 -1.152701206e-15)
(-84.35687786 -67.46168516 -1.0625989e-15)
(-85.085652 -67.35224173 -2.901842158e-16)
(-85.81414279 -67.23604906 -7.662568554e-17)
(-86.54230057 -67.11310673 6.415267707e-16)
(-87.2700677 -66.98342626 3.572552598e-16)
(-87.99737554 -66.84700145 1.201039233e-16)
(-88.72417437 -66.70384337 2.714146778e-16)
(-89.45040894 -66.55395574 2.613924072e-16)
(-90.17601608 -66.39734587 3.379539081e-16)
(-90.90094067 -66.23402301 2.086392758e-16)
(-91.62513109 -66.06399255 -2.154716217e-18)
(-92.34853098 -65.88726933 -1.58330585e-16)
(-93.07108169 -65.70386215 -2.209339045e-16)
(-93.79273458 -65.51378083 -8.402397383e-16)
(-94.51343106 -65.31703968 -1.232956215e-15)
(-95.23310967 -65.11364386 -1.177196131e-15)
(-95.9517241 -64.9036039 -1.490892277e-15)
(-96.66922715 -64.68694908 -1.453799369e-15)
(-97.38555516 -64.46368021 -1.486840337e-15)
(-98.10065355 -64.23380593 -2.151558439e-15)
(-98.81447514 -63.99735897 -1.976902181e-15)
(-99.52695141 -63.7543567 -1.841064241e-15)
(-100.2380314 -63.50481379 -1.708644121e-15)
(-100.9476629 -63.24874151 -1.799448929e-15)
(-101.6558006 -62.98615474 -1.957426647e-15)
(-102.3623921 -62.71706836 -1.805879237e-15)
(-103.0673886 -62.44159256 -1.592331494e-15)
(-103.7760154 -62.18978178 -1.340572964e-15)
(-105.5186993 -61.21679817 6.040479706e-16)
(-106.3435947 -60.93067818 -1.290693513e-16)
(-106.8057865 -60.98287841 -1.669956949e-15)
(-107.1530999 -61.15473469 -1.389462532e-15)
(-107.4600613 -61.34816952 -1.335503264e-15)
(-107.7499148 -61.53588584 -1.458690061e-15)
(-108.0296693 -61.71389901 -9.04685382e-16)
(-108.3016554 -61.8836893 -1.367311708e-15)
(-108.5668688 -62.04705477 -8.087974917e-16)
(-108.825829 -62.20512771 -2.162818628e-15)
(-109.0786518 -62.35834352 -2.916915685e-15)
(-109.3250541 -62.506607 -3.157497914e-15)
(-109.5643734 -62.64944029 -4.466824035e-15)
(-109.7956095 -62.78612233 -3.792717705e-15)
(-110.0176222 -62.91589398 -4.937830098e-15)
(-110.2292714 -63.03810004 -5.390137016e-15)
(-110.4296043 -63.15233783 -4.876698805e-15)
(-110.6180508 -63.2585633 -3.4753627e-15)
(-110.7944843 -63.35709416 -3.432203595e-15)
(-110.9592781 -63.44858741 -3.680230742e-15)
(-111.1132332 -63.53392967 -3.787383928e-15)
(-111.2574624 -63.61412204 -3.684996628e-15)
(-111.3933097 -63.69019563 -4.190547833e-15)
(-111.5221606 -63.76308265 -2.782633219e-15)
(-111.6453399 -63.83356881 -3.606811949e-15)
(-111.7640272 -63.90226096 -2.926838777e-15)
(-111.8791665 -63.96956612 -3.669555178e-15)
(-111.9915006 -64.03574204 -5.16015346e-15)
(-112.1015315 -64.10089559 -5.108484163e-15)
(-112.2095431 -64.16502206 -5.321663953e-15)
(-112.3156737 -64.2280556 -6.17883809e-15)
(-112.4199185 -64.28987869 -5.291623951e-15)
(-112.5222004 -64.35036471 -5.158884503e-15)
(-112.6223783 -64.40937455 -3.955149831e-15)
(-112.7202669 -64.46677103 -3.860921567e-15)
(-112.8156984 -64.5224466 -3.338057906e-15)
(-112.9085056 -64.57631398 -3.385748936e-15)
(-112.9985747 -64.62833576 -2.970278156e-15)
(-113.085835 -64.67851158 -3.843452899e-15)
(-113.1702585 -64.72688013 -3.59489135e-15)
(-113.2519167 -64.77354635 -3.988040764e-15)
(-113.3309308 -64.81864055 -3.152875607e-15)
(-113.4074579 -64.86230845 -3.011810925e-15)
(-113.4817091 -64.90471101 -4.188710384e-15)
(-113.5538915 -64.94598834 -3.673149658e-15)
(-113.624221 -64.98626798 -2.8391353e-15)
(-113.6928816 -65.02563913 -3.701358447e-15)
(-113.7600107 -65.06415657 -3.298122079e-15)
(-113.8257372 -65.10186658 -3.00337068e-15)
(-113.8901524 -65.13880034 -2.646158801e-15)
(-113.9533583 -65.17500853 -2.96482864e-15)
(-114.0154573 -65.21055337 -3.115792203e-15)
(-114.0765552 -65.24551559 -3.292252605e-15)
(-114.1368237 -65.28002734 -3.453322753e-15)
(-114.196453 -65.31423424 -2.946583436e-15)
(-114.2556695 -65.34830539 -2.458882724e-15)
(-114.3147346 -65.38242284 -3.119475719e-15)
(-114.3738992 -65.41675233 -2.617810363e-15)
(-114.4334459 -65.4514668 -2.350788113e-15)
(-114.4936308 -65.48670691 -2.635951117e-15)
(-114.5546712 -65.52258272 -2.151702658e-15)
(-114.6167787 -65.55919367 -1.898474321e-15)
(-114.6801243 -65.59661625 -1.801494846e-15)
(-114.7448796 -65.63493575 -1.677634124e-15)
(-114.8112044 -65.67423833 -1.385638867e-15)
(-114.8792533 -65.71462379 -1.247908684e-15)
(-114.9492249 -65.75623017 -1.767057442e-15)
(-115.0213326 -65.79921469 -1.142275984e-15)
(-115.0958381 -65.84376825 -6.619638312e-16)
(-115.1730174 -65.89008233 -1.368031694e-15)
(-115.2531342 -65.93833042 -1.057718629e-15)
(-115.3364711 -65.98867998 -1.292149459e-15)
(-115.4232616 -66.04124367 -1.354181736e-15)
(-115.5136668 -66.09607283 -1.050725349e-15)
(-115.6077996 -66.15317155 -9.792798725e-16)
(-115.7056812 -66.21248185 -8.191296012e-16)
(-115.8072805 -66.27391742 -4.138837494e-16)
(-115.912502 -66.33736164 -3.441523562e-16)
(-116.0212006 -66.40269024 -2.447128698e-16)
(-116.1332431 -66.46980865 -7.860789132e-17)
(-116.2484945 -66.53864691 1.499234012e-16)
(-116.3668704 -66.60918815 2.911581284e-16)
(-116.4883209 -66.68144733 3.835850366e-16)
(-116.6128214 -66.75546145 -1.378076988e-16)
(-116.7404176 -66.83130644 -2.955496834e-17)
(-116.8711586 -66.90904416 1.26550845e-16)
(-117.0050994 -66.98872365 -1.392568144e-16)
(-117.1422884 -67.07036821 -2.14475256e-16)
(-117.2827185 -67.15394963 -3.797284488e-16)
(-117.4263748 -67.23942272 -3.266104898e-16)
(-117.5731849 -67.32669867 -4.909903621e-16)
(-117.723023 -67.41566142 -3.582891618e-16)
(-117.8757581 -67.50620124 -2.863634072e-16)
(-118.0312338 -67.59821066 -2.416773323e-16)
(-118.1893208 -67.69162023 -2.847787542e-16)
(-118.3499069 -67.78638784 -3.061718368e-16)
(-118.5128989 -67.88250156 -3.824202056e-16)
(-118.6782829 -67.98000934 -8.698965402e-16)
(-118.8460639 -68.07897722 -7.126077185e-16)
(-119.0127123 -68.18520518 -7.329341615e-16)
)
;
    }
    outlet
    {
        type            calculated;
        value           uniform (0 0 0);
    }
    front
    {
        type            wedge;
    }
    back
    {
        type            wedge;
    }
}


// ************************************************************************* //
