/*--------------------------------*- C++ -*----------------------------------*\
| =========                 |                                                 |
| \\      /  F ield         | OpenFOAM: The Open Source CFD Toolbox           |
|  \\    /   O peration     | Version:  v1706                                 |
|   \\  /    A nd           | Web:      www.OpenFOAM.com                      |
|    \\/     M anipulation  |                                                 |
\*---------------------------------------------------------------------------*/
FoamFile
{
    version     2.0;
    format      ascii;
    class       volVectorField;
    location    "0.00128";
    object      wallShearStress;
}
// * * * * * * * * * * * * * * * * * * * * * * * * * * * * * * * * * * * * * //

dimensions      [1 -1 -2 0 0 0 0];


internalField   uniform (0 0 0);

boundaryField
{
    inlet
    {
        type            calculated;
        value           uniform (0 0 0);
    }
    object
    {
        type            calculated;
        value           nonuniform List<vector> 
300
(
(-2.657016602 -0.8510318123 2.587765674e-14)
(-2.51076239 -1.386494873 4.685683189e-14)
(-2.522803599 -2.138891651 4.965409281e-14)
(-2.531076836 -2.919373711 1.439393596e-14)
(-2.54372276 -3.702354657 2.740194598e-14)
(-2.561844193 -4.480087748 2.520896739e-14)
(-2.586057555 -5.249213439 5.1301304e-14)
(-2.616889249 -6.008070877 6.445653046e-14)
(-2.654799999 -6.755893456 6.954565383e-14)
(-2.700170768 -7.492475144 7.850266181e-14)
(-2.75329339 -8.217987752 6.047852911e-14)
(-2.81437065 -8.932859111 5.153771853e-14)
(-2.883523859 -9.637683324 4.005585182e-14)
(-2.960804809 -10.33315221 3.454146325e-14)
(-3.046209551 -11.02000331 2.733853128e-14)
(-3.139692054 -11.69898125 1.716116067e-14)
(-3.241176642 -12.37081022 5.772434233e-17)
(-3.350568618 -13.03617552 -2.041791155e-15)
(-3.46776291 -13.69571231 -4.714382537e-15)
(-3.59265071 -14.34999953 -4.153946777e-15)
(-3.725124513 -14.9995582 -4.629871537e-15)
(-3.865081715 -15.64485253 -8.642748482e-15)
(-4.012427028 -16.2862929 -9.77961855e-15)
(-4.167074113 -16.92424031 -5.070839399e-15)
(-4.328946628 -17.55901163 -8.192728223e-16)
(-4.497978756 -18.1908852 2.974675233e-16)
(-4.674115524 -18.82010643 1.045100351e-15)
(-4.857313021 -19.44689398 2.38558121e-15)
(-5.047538332 -20.07144501 6.209652917e-15)
(-5.244769591 -20.69394071 9.166783562e-15)
(-5.448995813 -21.31455157 7.530732108e-15)
(-5.660216707 -21.93344209 6.79804565e-15)
(-5.878441999 -22.55077472 5.988795132e-15)
(-6.103690659 -23.16671361 5.311156241e-15)
(-6.335989271 -23.78142694 4.399439326e-15)
(-6.575369811 -24.39508824 3.858743266e-15)
(-6.8218661 -25.0078755 2.04097088e-15)
(-7.07550943 -25.61996843 -2.496939641e-15)
(-7.336322342 -26.23154179 -1.207586536e-15)
(-7.60431211 -26.84275651 4.052972548e-16)
(-7.879463345 -27.45374649 3.927807821e-15)
(-8.161731568 -28.06460268 5.30891686e-15)
(-8.451039026 -28.67535592 4.554496587e-15)
(-8.747273958 -29.28596073 3.963767549e-15)
(-9.050293798 -29.89628314 1.289602031e-15)
(-9.359932272 -30.50609612 1.378046667e-15)
(-9.676007896 -31.115083 1.928888737e-15)
(-9.998332832 -31.72284748 2.235207599e-15)
(-10.3267212 -32.32893018 3.36140573e-15)
(-10.66099587 -32.93282772 8.184311309e-15)
(-11.00099411 -33.5340139 7.522139819e-15)
(-11.3465716 -34.13196023 9.602157103e-15)
(-11.69760561 -34.72615597 7.822175933e-15)
(-12.05399719 -35.31612608 6.255665497e-15)
(-12.41567186 -35.90144509 9.481638802e-15)
(-12.78258103 -36.48175015 7.577483752e-15)
(-13.15470238 -37.05675013 6.220588559e-15)
(-13.53203994 -37.62623259 4.758058107e-15)
(-13.91462454 -38.19006802 4.046127382e-15)
(-14.30251395 -38.74821372 2.560386671e-15)
(-14.69579188 -39.30071396 2.99354588e-15)
(-15.09456644 -39.84769955 3.096503779e-15)
(-15.49896659 -40.38938423 2.058296678e-15)
(-15.90913486 -40.92605789 1.434985858e-16)
(-16.32521775 -41.45807353 -2.070615882e-16)
(-16.7473508 -41.98582978 -1.105050095e-15)
(-17.17564039 -42.50974073 -1.333007154e-15)
(-17.61014494 -43.03019984 -1.202647986e-15)
(-18.05085955 -43.5475365 -2.010208575e-15)
(-18.49770871 -44.06197473 -3.504767229e-15)
(-18.95055148 -44.57360162 -3.399728655e-15)
(-19.40919435 -45.08235414 -3.971280809e-16)
(-19.87341122 -45.58802689 -2.983548379e-16)
(-20.3429632 -46.09029806 -2.082568181e-15)
(-20.81761516 -46.5887617 -1.494701674e-15)
(-21.29715025 -47.08296598 -1.637190866e-15)
(-21.78138096 -47.57245097 -3.143350069e-15)
(-22.27015844 -48.05678353 -5.327395099e-15)
(-22.76337755 -48.5355883 -6.693174566e-15)
(-23.26098287 -49.00856968 -5.340321598e-15)
(-23.76297365 -49.47553451 -3.901883134e-15)
(-24.26940705 -49.93640573 -1.95187176e-15)
(-24.78040105 -50.39123422 -4.012115826e-16)
(-25.29613368 -50.84020902 -5.8092499e-16)
(-25.81683282 -51.28365739 3.185372236e-16)
(-26.34275214 -51.72203211 6.15067281e-16)
(-26.87413216 -52.15587043 1.736615233e-16)
(-27.41115307 -52.58572738 -2.284864454e-16)
(-27.95389541 -53.01208561 4.380759867e-16)
(-28.50232093 -53.43527298 1.649243058e-15)
(-29.05627394 -53.85540982 9.521432597e-16)
(-29.61549697 -54.27238962 1.347965489e-15)
(-30.17965589 -54.68588773 3.193855452e-15)
(-30.74837547 -55.09539604 2.813697472e-15)
(-31.32128202 -55.5002865 3.521320262e-15)
(-31.89804539 -55.89989196 2.45842295e-15)
(-32.47841259 -56.29359074 8.121499511e-16)
(-33.06222356 -56.68088051 -7.575440269e-17)
(-33.64941012 -57.06142608 -2.318471574e-16)
(-34.23997086 -57.43507212 -4.391815678e-16)
(-34.83393622 -57.80179524 -1.466610189e-15)
(-35.431347 -58.16167196 -1.243572132e-15)
(-36.03223921 -58.51482442 -2.857430225e-15)
(-36.63663408 -58.86138953 -8.492936721e-16)
(-37.24452959 -59.20148777 -6.217845096e-16)
(-37.8559135 -59.53521455 -4.848738754e-16)
(-38.47075189 -59.86265307 -6.558700637e-16)
(-39.0889887 -60.18381345 -9.916627428e-16)
(-39.71058377 -60.49872192 -1.452593494e-15)
(-40.33550807 -60.80735382 1.076151053e-16)
(-40.96383093 -61.10978469 -1.646435957e-15)
(-41.59571816 -61.40619751 -2.252690099e-15)
(-42.23144547 -61.69699169 -1.255342893e-15)
(-42.87129285 -61.98267395 -1.166688281e-15)
(-43.51546239 -62.26374378 -6.491585397e-16)
(-44.16402469 -62.5405109 -5.482390865e-16)
(-44.81687705 -62.81316614 -2.268257858e-15)
(-45.47373701 -63.08122897 -8.442422996e-16)
(-46.13448051 -63.34491077 -2.875620374e-16)
(-46.79817657 -63.60294088 1.373540427e-17)
(-47.46467575 -63.85458135 1.925039332e-15)
(-48.1342491 -64.09978694 2.332423029e-15)
(-48.80830911 -64.33855513 6.22821754e-16)
(-49.4913585 -64.57657633 9.43522538e-16)
(-50.18063857 -64.81430589 1.974754062e-15)
(-50.85385841 -65.02523304 3.026697002e-15)
(-51.52831535 -65.22325502 1.690275204e-15)
(-52.20441856 -65.41383567 6.281428385e-16)
(-52.88312976 -65.59892957 3.09006311e-16)
(-53.56491366 -65.77934003 -1.285697408e-15)
(-54.2498838 -65.9552288 -1.112127477e-15)
(-54.93793344 -66.12640188 -1.599687479e-15)
(-55.62879782 -66.29242767 -3.369084648e-16)
(-56.32214586 -66.45276282 -7.154314602e-16)
(-57.01766477 -66.60689724 -9.323058446e-16)
(-57.71508546 -66.75439187 -1.18581657e-15)
(-58.41423582 -66.89498356 -1.503108987e-15)
(-59.11501524 -67.02854217 -1.60549163e-15)
(-59.81741141 -67.15510744 -1.389454414e-15)
(-60.5214352 -67.27478498 -5.348203294e-16)
(-61.22711429 -67.3877244 -8.925295578e-16)
(-61.93446186 -67.49405646 -1.137709771e-15)
(-62.64346593 -67.59387134 -8.683940574e-16)
(-63.35408677 -67.68720137 -5.301301875e-16)
(-64.06625183 -67.77402047 -2.390724683e-16)
(-64.77987285 -67.85426022 -3.94303562e-16)
(-65.49486581 -67.9278608 -1.727326592e-16)
(-66.21114001 -67.99475133 1.513062691e-16)
(-66.92861606 -68.05487902 -3.786630601e-17)
(-67.64722974 -68.10822707 2.975348473e-16)
(-68.36692239 -68.15478204 4.206442253e-16)
(-69.0876303 -68.19454611 -4.898202043e-16)
(-69.80929874 -68.22752039 5.91973529e-16)
(-70.53187335 -68.25371059 2.610616926e-16)
(-71.25529688 -68.27312319 1.745173875e-16)
(-71.9795083 -68.28574829 -2.256659039e-16)
(-72.7044519 -68.29158622 -3.627345238e-16)
(-73.43007202 -68.29063438 -9.377562173e-16)
(-74.15630167 -68.28288221 -1.010683378e-15)
(-74.88308854 -68.26832748 -2.674546739e-16)
(-75.61037998 -68.2469827 7.264664583e-17)
(-76.33811392 -68.21883428 7.525533036e-16)
(-77.06624302 -68.1838981 5.188141572e-16)
(-77.79470629 -68.14217318 8.548097083e-17)
(-78.52344764 -68.09365803 3.263900376e-19)
(-79.25241908 -68.03836538 1.231580282e-16)
(-79.98155859 -67.97629282 7.500855227e-16)
(-80.71081421 -67.90744491 -6.657242929e-17)
(-81.4401338 -67.83182911 -2.606872466e-16)
(-82.16945239 -67.74944113 -7.883935156e-16)
(-82.898718 -67.6602805 -1.216081852e-15)
(-83.62788102 -67.56436332 -1.18186764e-15)
(-84.35687779 -67.4616851 -1.062938139e-15)
(-85.08565193 -67.35224168 -2.821218193e-16)
(-85.81414273 -67.236049 -8.098403374e-17)
(-86.54230051 -67.11310668 4.04285176e-16)
(-87.27006763 -66.98342621 3.670371509e-16)
(-87.99737547 -66.8470014 1.092467418e-16)
(-88.7241743 -66.70384332 2.45946946e-16)
(-89.45040887 -66.55395569 2.336661512e-16)
(-90.17601601 -66.39734581 1.409931392e-16)
(-90.9009406 -66.23402296 1.843893467e-16)
(-91.62513102 -66.0639925 -3.439389054e-17)
(-92.3485309 -65.88726927 -1.828387719e-16)
(-93.07108161 -65.7038621 -2.385908358e-16)
(-93.79273451 -65.51378078 -1.107794553e-15)
(-94.51343099 -65.31703963 -1.230800944e-15)
(-95.23310959 -65.11364381 -1.186845346e-15)
(-95.95172402 -64.90360384 -1.490068185e-15)
(-96.66922707 -64.68694903 -1.450122066e-15)
(-97.38555508 -64.46368016 -1.479879128e-15)
(-98.10065347 -64.23380587 -1.902769737e-15)
(-98.81447506 -63.99735891 -1.964502376e-15)
(-99.52695133 -63.75435665 -1.832556161e-15)
(-100.2380313 -63.50481373 -1.696382465e-15)
(-100.9476628 -63.24874146 -2.073987505e-15)
(-101.6558005 -62.98615469 -1.939980289e-15)
(-102.362392 -62.7170683 -1.792620841e-15)
(-103.0673885 -62.4415925 -1.583041187e-15)
(-103.7760153 -62.18978172 -1.336845458e-15)
(-105.5186992 -61.21679812 3.873830386e-16)
(-106.3435946 -60.93067813 -1.323590546e-16)
(-106.8057864 -60.98287835 -1.65138053e-15)
(-107.1530998 -61.15473464 -1.383104284e-15)
(-107.4600612 -61.34816946 -1.563772379e-15)
(-107.7499147 -61.53588578 -1.446097854e-15)
(-108.0296691 -61.71389894 -8.888326267e-16)
(-108.3016552 -61.88368923 -1.351423831e-15)
(-108.5668687 -62.04705471 -6.941640073e-16)
(-108.8258289 -62.20512764 -1.918279482e-15)
(-109.0786516 -62.35834345 -2.493194856e-15)
(-109.325054 -62.50660693 -3.01540578e-15)
(-109.5643733 -62.64944021 -4.383562071e-15)
(-109.7956094 -62.78612225 -3.742565631e-15)
(-110.0176221 -62.91589389 -4.689171704e-15)
(-110.2292713 -63.03809995 -4.994430914e-15)
(-110.4296041 -63.15233774 -4.759467783e-15)
(-110.6180506 -63.25856321 -3.231845138e-15)
(-110.7944841 -63.35709406 -3.382651205e-15)
(-110.959278 -63.44858731 -3.639212121e-15)
(-111.113233 -63.53392957 -3.751133919e-15)
(-111.2574623 -63.61412194 -3.677890233e-15)
(-111.3933095 -63.69019553 -4.192819944e-15)
(-111.5221604 -63.76308254 -3.139247741e-15)
(-111.6453397 -63.8335687 -3.608429579e-15)
(-111.764027 -63.90226084 -2.905887303e-15)
(-111.8791663 -63.969566 -3.680342694e-15)
(-111.9915004 -64.03574192 -5.196453127e-15)
(-112.1015313 -64.10089547 -5.160838702e-15)
(-112.2095429 -64.16502194 -5.377129156e-15)
(-112.3156734 -64.22805547 -6.177040233e-15)
(-112.4199182 -64.28987856 -5.299212082e-15)
(-112.5222002 -64.35036457 -5.162629013e-15)
(-112.622378 -64.40937441 -3.954098358e-15)
(-112.7202667 -64.46677088 -3.848807389e-15)
(-112.8156981 -64.52244644 -3.336773327e-15)
(-112.9085054 -64.57631382 -3.393212918e-15)
(-112.9985744 -64.62833559 -2.969176623e-15)
(-113.0858347 -64.67851141 -3.696827451e-15)
(-113.1702582 -64.72687995 -3.586473084e-15)
(-113.2519164 -64.77354616 -3.980378896e-15)
(-113.3309305 -64.81864036 -3.116342594e-15)
(-113.4074575 -64.86230826 -2.946912409e-15)
(-113.4817088 -64.90471081 -4.248045838e-15)
(-113.5538912 -64.94598814 -3.609204792e-15)
(-113.6242206 -64.98626777 -2.771031375e-15)
(-113.6928812 -65.02563891 -3.634792956e-15)
(-113.7600103 -65.06415634 -3.074423665e-15)
(-113.8257367 -65.10186635 -2.995218113e-15)
(-113.890152 -65.13880011 -2.64433945e-15)
(-113.9533579 -65.17500828 -2.967866344e-15)
(-114.0154568 -65.21055312 -3.130553149e-15)
(-114.0765547 -65.24551532 -3.305702767e-15)
(-114.1368232 -65.28002707 -3.448399806e-15)
(-114.1964525 -65.31423396 -2.94685143e-15)
(-114.2556689 -65.3483051 -2.471833769e-15)
(-114.3147341 -65.38242253 -3.144164777e-15)
(-114.3738986 -65.41675201 -2.62673271e-15)
(-114.4334453 -65.45146648 -2.3541884e-15)
(-114.4936302 -65.48670658 -2.776072451e-15)
(-114.5546706 -65.52258238 -2.175363706e-15)
(-114.6167781 -65.55919332 -1.936207548e-15)
(-114.6801236 -65.5966159 -1.815965558e-15)
(-114.7448789 -65.63493539 -1.675850245e-15)
(-114.8112038 -65.67423796 -1.389679324e-15)
(-114.8792526 -65.71462342 -1.23659856e-15)
(-114.9492242 -65.75622979 -1.772302721e-15)
(-115.0213319 -65.7992143 -1.15904291e-15)
(-115.0958373 -65.84376784 -6.728846698e-16)
(-115.1730166 -65.89008191 -1.251429587e-15)
(-115.2531334 -65.93832999 -1.066103329e-15)
(-115.3364704 -65.98867953 -1.27977937e-15)
(-115.4232607 -66.04124321 -1.469844716e-15)
(-115.513666 -66.09607235 -1.042551404e-15)
(-115.6077987 -66.15317105 -9.241638887e-16)
(-115.7056803 -66.21248134 -8.201586923e-16)
(-115.8072795 -66.27391688 -4.122885263e-16)
(-115.912501 -66.33736109 -3.313986913e-16)
(-116.0211996 -66.40268967 -2.320683076e-16)
(-116.133242 -66.46980806 -7.017847366e-17)
(-116.2484935 -66.53864631 1.544591969e-16)
(-116.3668693 -66.60918752 3.069331078e-16)
(-116.4883197 -66.68144668 4.05067008e-16)
(-116.6128202 -66.75546079 -1.556404811e-16)
(-116.7404164 -66.83130575 -4.381472026e-17)
(-116.8711573 -66.90904345 -2.350949014e-17)
(-117.005098 -66.98872292 -1.198893342e-16)
(-117.142287 -67.07036745 -3.554796671e-16)
(-117.2827171 -67.15394884 -3.498915206e-16)
(-117.4263733 -67.23942191 -3.274978128e-16)
(-117.5731835 -67.32669783 -5.824493448e-16)
(-117.7230215 -67.41566056 -3.658772818e-16)
(-117.8757565 -67.50620037 -2.912563245e-16)
(-118.0312322 -67.59820976 -2.882695848e-16)
(-118.1893192 -67.69161931 -2.833662e-16)
(-118.3499052 -67.78638689 -3.328352736e-16)
(-118.5128972 -67.88250059 -3.810930193e-16)
(-118.6782811 -67.98000833 -8.541857221e-16)
(-118.846062 -68.07897618 -7.062642222e-16)
(-119.0127104 -68.18520411 -7.27112073e-16)
)
;
    }
    outlet
    {
        type            calculated;
        value           uniform (0 0 0);
    }
    front
    {
        type            wedge;
    }
    back
    {
        type            wedge;
    }
}


// ************************************************************************* //
