/*--------------------------------*- C++ -*----------------------------------*\
| =========                 |                                                 |
| \\      /  F ield         | OpenFOAM: The Open Source CFD Toolbox           |
|  \\    /   O peration     | Version:  v1706                                 |
|   \\  /    A nd           | Web:      www.OpenFOAM.com                      |
|    \\/     M anipulation  |                                                 |
\*---------------------------------------------------------------------------*/
FoamFile
{
    version     2.0;
    format      ascii;
    class       volScalarField;
    location    "0.00128";
    object      wallHeatFlux;
}
// * * * * * * * * * * * * * * * * * * * * * * * * * * * * * * * * * * * * * //

dimensions      [1 0 -3 0 0 0 0];


internalField   uniform 0;

boundaryField
{
    inlet
    {
        type            calculated;
        value           uniform 0;
    }
    object
    {
        type            calculated;
        value           nonuniform List<scalar> 
300
(
635108.7765
636376.066
636840.4216
637090.4778
637229.1686
637294.8324
637306.8059
637276.6834
637212.2112
637118.9285
637000.9638
636861.4598
636702.8377
636526.9647
636335.281
636128.8866
635908.6132
635675.0815
635428.7521
635169.9512
634898.9088
634615.7794
634320.6576
634013.5921
633694.6015
633363.6769
633020.7847
632665.8827
632298.9078
631919.7831
631528.4206
631124.7204
630708.5603
630279.8031
629838.2889
629383.8392
628916.248
628435.2947
627940.7261
627432.2829
626909.6996
626372.7196
625821.1191
625254.727
624673.44
624077.2503
623466.2548
622840.6524
622200.7506
621546.9469
620879.7187
620199.594
619507.1399
618802.9445
618087.573
617361.5706
616625.4315
615879.5783
615124.3475
614359.9852
613586.6203
612804.2661
612012.8111
611212.0122
610401.5107
609580.8538
608749.5133
607906.9398
607052.621
606186.1473
605307.2811
604415.9596
603512.3244
602596.7096
601669.5879
600731.532
599783.1627
598825.1081
597857.9341
596882.1193
595898.0141
594905.7908
593905.4113
592896.614
591878.8894
590851.4912
589813.5008
588763.9372
587701.9242
586626.8294
585538.3746
584436.689
583322.2983
582196.0791
581059.15
579912.7361
578758.0097
577595.9245
576427.1636
575252.0877
574070.7832
572883.1512
571689.1004
570488.4242
569280.9103
568066.4817
566845.0169
565616.5462
564381.1053
563138.703
561889.1616
560632.0242
559366.2938
558090.766
556804.1917
555505.8857
554195.3966
552873.8506
551540.7364
550199.3526
548851.2127
547496.036
546131.8792
544742.9126
543338.5739
541993.7427
540655.56
539314.3437
537965.423
536606.5348
535237.079
533857.4169
532468.5647
531071.9283
529668.8073
528260.3926
526847.3748
525430.2209
524008.931
522583.2424
521152.8334
519717.4748
518276.9592
516831.2499
515380.3928
513924.6647
512464.2592
510999.3737
509530.2387
508056.9831
506579.8057
505098.6264
503613.5744
502124.744
500632.1328
499135.8323
497635.936
496132.5448
494625.6646
493115.4574
491601.9344
490085.1977
488565.3331
487042.3337
485516.2888
483987.29
482455.3525
480920.5767
479383.0299
477842.712
476299.7838
474754.3176
473206.3184
471655.9239
470103.1188
468548.0817
466990.8625
465431.4672
463870.0121
462306.6129
460741.2834
459174.0778
457605.1304
456034.4905
454462.185
452888.3381
451312.9623
449736.0777
448157.8414
446578.2963
444997.4528
443415.3985
441832.1871
440247.9058
438662.5861
437076.2574
435489.0013
433900.8903
432311.9741
430723.9627
429297.2847
428812.839
428258.4249
427530.7507
426705.0374
425838.298
424957.9196
424075.1757
423194.8525
422319.9479
421453.4206
420599.1752
419762.1853
418948.255
418163.6123
417413.967
416703.8324
416035.9437
415410.9063
414827.2677
414281.7062
413769.5849
413285.6913
412824.6186
412381.422
411951.8699
411532.612
411121.3684
410716.6748
410317.8327
409924.7636
409537.8129
409157.6631
408785.0926
408420.9382
408066.0262
407721.0643
407386.6333
407063.0128
406750.1814
406447.9367
406155.7353
405872.8375
405598.4122
405331.6014
405071.6654
404817.9261
404569.8502
404327.0501
404089.2034
403856.0469
403627.1907
403402.0984
403180.1783
402960.5703
402742.3312
402524.3904
402305.5969
402084.9258
401861.3485
401633.9495
401401.9536
401164.6766
400921.5408
400671.9007
400415.0427
400150.1503
399876.2499
399592.2795
399297.022
398989.2233
398667.8147
398331.8304
397980.5726
397613.6813
397231.1134
396833.1665
396420.2892
395993.0415
395551.9999
395097.6275
394630.2619
394149.9695
393656.5939
393149.9287
392629.5931
392095.2812
391546.7607
390983.9255
390406.9708
389816.2115
389212.1267
388595.3118
387966.3666
387325.8695
386674.1926
386011.4901
385337.8007
384652.8686
383956.3995
)
;
    }
    outlet
    {
        type            calculated;
        value           uniform 0;
    }
    front
    {
        type            wedge;
    }
    back
    {
        type            wedge;
    }
}


// ************************************************************************* //
