/*--------------------------------*- C++ -*----------------------------------*\
| =========                 |                                                 |
| \\      /  F ield         | OpenFOAM: The Open Source CFD Toolbox           |
|  \\    /   O peration     | Version:  v1706                                 |
|   \\  /    A nd           | Web:      www.OpenFOAM.com                      |
|    \\/     M anipulation  |                                                 |
\*---------------------------------------------------------------------------*/
FoamFile
{
    version     2.0;
    format      ascii;
    class       volVectorField;
    location    "0.00379";
    object      wallShearStress;
}
// * * * * * * * * * * * * * * * * * * * * * * * * * * * * * * * * * * * * * //

dimensions      [1 -1 -2 0 0 0 0];


internalField   uniform (0 0 0);

boundaryField
{
    inlet
    {
        type            calculated;
        value           uniform (0 0 0);
    }
    object
    {
        type            calculated;
        value           nonuniform List<vector> 
300
(
(-0.8856426398 -0.8403808043 -5.840769003e-14)
(-0.8414187257 -1.365359443 -4.527859393e-14)
(-0.855698725 -2.102791226 -3.191529077e-14)
(-0.8745810607 -2.866130571 -1.811570956e-14)
(-0.9004692444 -3.630217818 -2.549058129e-14)
(-0.9334892109 -4.387696485 -3.82987221e-14)
(-0.973620314 -5.135414784 -3.285031874e-14)
(-1.020833217 -5.871795226 -3.714407678e-14)
(-1.075096586 -6.596070162 -3.443032314e-14)
(-1.136373072 -7.307980051 -2.568282784e-14)
(-1.204616684 -8.007616834 -2.101619687e-14)
(-1.279772382 -8.695322448 -1.485609052e-14)
(-1.36177721 -9.371613 -1.079031245e-14)
(-1.450562321 -10.03711884 -4.424551544e-15)
(-1.546055278 -10.69253636 -1.286337175e-14)
(-1.648182287 -11.33859008 -8.631462934e-15)
(-1.756870148 -11.97600331 1.850281163e-16)
(-1.872047777 -12.60547656 4.15236057e-15)
(-1.993647325 -13.22767249 3.554695469e-15)
(-2.121604914 -13.84320606 3.508847576e-15)
(-2.25586103 -14.45263914 9.05127774e-15)
(-2.396360677 -15.05647828 5.984329338e-15)
(-2.543053347 -15.65517517 7.251044519e-16)
(-2.695892869 -16.24912866 2.033289666e-15)
(-2.854837218 -16.83868831 8.379207555e-16)
(-3.019848283 -17.4241586 2.700699038e-15)
(-3.190891669 -18.00580354 -2.021400328e-15)
(-3.367936512 -18.58385166 -4.102639485e-15)
(-3.550955388 -19.15850104 -2.851806638e-15)
(-3.739924225 -19.72992405 -2.431053927e-15)
(-3.934822277 -20.29827197 -1.035682758e-15)
(-4.135632148 -20.86367946 -1.825693842e-15)
(-4.342339722 -21.42626789 -3.041885851e-15)
(-4.554934312 -21.98615001 -3.232910128e-15)
(-4.773408381 -22.54343147 -1.903120076e-15)
(-4.997757267 -23.09821252 -4.351867632e-15)
(-5.227978802 -23.65059013 -4.649553882e-15)
(-5.464072599 -24.20065788 -2.821034561e-15)
(-5.706039036 -24.74850501 -3.117466482e-15)
(-5.953877986 -25.29421259 -3.04155147e-15)
(-6.207586751 -25.83784967 -3.312381949e-15)
(-6.467158812 -26.37947044 -5.279375974e-15)
(-6.732581923 -26.91910698 -3.317556861e-15)
(-7.003836735 -27.45676498 -2.916338512e-15)
(-7.280896111 -27.99241963 -2.14180572e-15)
(-7.563724582 -28.52601104 -1.419205841e-15)
(-7.852279976 -29.05744909 -7.729206699e-16)
(-8.146515572 -29.58661628 -7.746486512e-16)
(-8.446381539 -30.11337332 -1.780717124e-16)
(-8.751828727 -30.63757181 -1.403490005e-15)
(-9.062811518 -31.15906507 -1.44761717e-15)
(-9.379289343 -31.67771566 -1.58474259e-15)
(-9.701228916 -32.19340755 -7.321297896e-16)
(-10.02860579 -32.70605405 -7.015255384e-16)
(-10.36140321 -33.21559731 -1.258668963e-15)
(-10.69961102 -33.72200995 9.137920464e-17)
(-11.04322403 -34.22529174 1.15079709e-15)
(-11.39223753 -34.72545794 5.662086549e-16)
(-11.74664425 -35.22253195 1.789488588e-15)
(-12.10643037 -35.71653098 2.652289433e-15)
(-12.47157212 -36.20745299 1.2236782e-15)
(-12.84203558 -36.69527022 1.109613837e-15)
(-13.21777799 -37.17992527 1.871277806e-16)
(-13.59875109 -37.66133336 6.596404805e-16)
(-13.98490665 -38.13939588 4.767519164e-16)
(-14.37620439 -38.61401834 9.364111326e-16)
(-14.77261262 -39.08511732 -2.399308193e-17)
(-15.17411339 -39.55264249 -1.154159564e-15)
(-15.58070025 -40.01657768 -1.884153193e-15)
(-15.99237256 -40.47693614 -2.417511631e-15)
(-16.40912959 -40.93374865 -2.101531491e-15)
(-16.83096112 -41.38704203 -2.14402112e-15)
(-17.25784305 -41.83682293 -1.699909504e-15)
(-17.68973458 -42.28305894 -1.289608199e-15)
(-18.12658293 -42.72567755 -1.982297095e-15)
(-18.56833417 -43.1645834 -2.57435406e-15)
(-19.0149446 -43.59967871 -1.954737153e-15)
(-19.46639053 -44.03089294 -1.403358367e-15)
(-19.92267473 -44.45821128 -6.772248938e-16)
(-20.38382007 -44.88167489 -7.803547546e-16)
(-20.84985413 -45.30136217 7.100952775e-17)
(-21.32079392 -45.7173619 -2.061677234e-16)
(-21.79662796 -46.12972652 1.360360129e-16)
(-22.27730741 -46.53843522 -3.517833857e-16)
(-22.76275352 -46.94338662 2.697545317e-16)
(-23.25287661 -47.34442213 5.773419282e-16)
(-23.74760102 -47.74137607 1.202816249e-15)
(-24.24688449 -48.13413039 6.121567936e-16)
(-24.75072236 -48.52264659 1.614231562e-18)
(-25.25913066 -48.90695737 -2.318762636e-16)
(-25.77211782 -49.28712132 -6.604810274e-17)
(-26.28966414 -49.66317043 4.963695336e-16)
(-26.81170928 -50.03506036 1.00829291e-15)
(-27.33816334 -50.40266949 1.951710254e-15)
(-27.86893833 -50.76584751 1.39662512e-15)
(-28.40397311 -51.12446704 3.241969049e-16)
(-28.9432418 -51.478464 4.511334002e-16)
(-29.48675273 -51.82785533 4.998733327e-16)
(-30.03452213 -52.172698 3.650550662e-16)
(-30.5865495 -52.51304172 -3.355433586e-16)
(-31.14280784 -52.84889362 9.018459631e-17)
(-31.70323975 -53.18020192 6.164644283e-16)
(-32.26777407 -53.50687416 1.00814682e-15)
(-32.83634603 -53.82881436 5.857377293e-16)
(-33.40891505 -54.14595234 4.604784445e-16)
(-33.98546883 -54.45826748 8.002060569e-16)
(-34.56603287 -54.76581021 3.095416161e-16)
(-35.15064065 -55.0686644 3.77815135e-16)
(-35.73930265 -55.36689487 1.508243462e-16)
(-36.33198372 -55.66049887 -6.392029234e-17)
(-36.92861491 -55.949401 -1.678192904e-16)
(-37.52911349 -56.2334799 4.25631393e-16)
(-38.13343376 -56.51265743 4.894105023e-16)
(-38.74158776 -56.78694597 3.65383492e-16)
(-39.3536108 -57.05641372 9.763544224e-16)
(-39.96954119 -57.32115035 4.163727323e-17)
(-40.5893864 -57.58120123 2.636817662e-16)
(-41.21311055 -57.8365368 7.104742101e-17)
(-41.84065798 -58.08709473 -6.097629369e-16)
(-42.47198812 -58.33283155 -5.464674934e-16)
(-43.10702001 -58.57364689 -1.357077689e-15)
(-43.74568782 -58.80944614 -3.384812039e-16)
(-44.38798272 -59.04021843 -6.306997031e-16)
(-45.03392156 -59.2660052 -1.064812238e-15)
(-45.68351147 -59.48680613 -7.525864279e-16)
(-46.33692607 -59.70281217 -1.499518113e-15)
(-46.99458118 -59.91451718 -1.354330112e-15)
(-47.65755111 -60.12260218 -1.653697092e-15)
(-48.33130731 -60.33406111 -1.346163262e-15)
(-49.01104281 -60.54231487 -1.083185489e-15)
(-49.67918503 -60.72892943 -9.536704364e-16)
(-50.3487533 -60.90744725 -1.17599852e-15)
(-51.02161611 -61.08106685 -5.881425304e-16)
(-51.69828234 -61.25033601 -9.261928451e-16)
(-52.37879438 -61.41519877 -1.641131814e-15)
(-53.06306072 -61.57547993 -1.653292371e-15)
(-53.75095601 -61.73099987 -1.799863388e-15)
(-54.44236392 -61.88160725 -1.533447667e-15)
(-55.13717502 -62.02716764 -1.374920489e-15)
(-55.83528332 -62.16755823 -1.301693589e-15)
(-56.53659648 -62.30267721 -1.160921753e-15)
(-57.24102802 -62.43243306 -8.617538328e-16)
(-57.94850041 -62.55674537 -8.09853811e-16)
(-58.65893994 -62.67554102 -6.472136702e-16)
(-59.37228494 -62.78876148 -7.917821368e-16)
(-60.08847691 -62.89635945 -9.828613569e-16)
(-60.80748266 -62.99831045 -1.017321472e-15)
(-61.52926887 -63.09459446 -1.221161205e-15)
(-62.25381693 -63.18520888 -1.012570169e-15)
(-62.98111953 -63.27016272 -5.043645412e-16)
(-63.71117751 -63.34947051 -5.278228607e-16)
(-64.44398762 -63.42314039 -6.65964187e-16)
(-65.17954438 -63.49118035 -6.415627347e-16)
(-65.91784724 -63.55359881 -5.867756867e-16)
(-66.65888048 -63.61038867 -8.601224913e-16)
(-67.40262282 -63.66153594 -1.140749871e-15)
(-68.14905296 -63.7070226 -1.199137596e-15)
(-68.89813096 -63.7468137 -1.217690716e-15)
(-69.64980928 -63.78086928 -1.341841751e-15)
(-70.40405095 -63.80915966 -1.450417891e-15)
(-71.16080686 -63.83164164 -1.191902257e-15)
(-71.92001447 -63.84826389 -1.170345045e-15)
(-72.68162938 -63.85899261 -1.40199502e-15)
(-73.44559853 -63.86378712 -1.130857119e-15)
(-74.21187325 -63.86261328 -9.860811809e-16)
(-74.98041054 -63.85544229 -1.293845808e-15)
(-75.75116036 -63.84224218 -1.03022882e-15)
(-76.52409426 -63.8229992 -1.019610579e-15)
(-77.29918285 -63.79769872 -1.467767199e-15)
(-78.07639235 -63.76632079 -1.262551289e-15)
(-78.85568462 -63.72884671 -1.507122058e-15)
(-79.63705228 -63.6852822 -1.624739544e-15)
(-80.42047232 -63.63561695 -1.50633498e-15)
(-81.20592422 -63.57984529 -1.244487125e-15)
(-81.9933992 -63.51797053 -1.594823876e-15)
(-82.78288451 -63.44999031 -1.647189942e-15)
(-83.5743715 -63.37590508 -1.482617729e-15)
(-84.36784535 -63.29570985 -1.3184806e-15)
(-85.16329129 -63.20939825 -1.33776076e-15)
(-85.96069849 -63.11696475 -1.153595836e-15)
(-86.76004023 -63.01839206 -1.154169334e-15)
(-87.56129869 -62.91366954 -1.042894932e-15)
(-88.36445277 -62.80278238 -1.177442927e-15)
(-89.16946718 -62.68570502 -1.091279139e-15)
(-89.9763062 -62.56241251 -8.965917761e-16)
(-90.78493966 -62.43288329 -8.853664618e-16)
(-91.59531984 -62.29708748 -9.054357344e-16)
(-92.40741151 -62.15499986 -1.118374932e-15)
(-93.22117744 -62.00659559 -8.27964898e-16)
(-94.03657358 -61.85184522 -3.76690685e-16)
(-94.85355081 -61.69071747 -1.030209159e-15)
(-95.67207666 -61.52319422 -5.378845349e-16)
(-96.49210589 -61.34924876 -5.625967151e-16)
(-97.3136061 -61.16886503 -7.265927102e-16)
(-98.1365273 -60.98201356 -6.532999997e-16)
(-98.96084055 -60.78868107 -5.065180361e-16)
(-99.78651505 -60.58885229 -2.267195304e-16)
(-100.6135059 -60.38250484 -5.526196502e-16)
(-101.4417878 -60.16964502 -2.227915509e-16)
(-102.2770852 -59.96175319 -4.24321813e-16)
(-102.8328749 -59.79965984 -3.257804996e-16)
(-103.1223038 -59.58411684 -4.683861285e-16)
(-103.2959166 -59.47770925 -5.113172152e-16)
(-103.4048132 -59.444616 -4.111186608e-16)
(-103.4804808 -59.45186108 -5.741531465e-16)
(-103.539804 -59.47740179 -6.536310069e-16)
(-103.5912399 -59.50924098 -2.916251725e-16)
(-103.6387806 -59.54186364 -5.281090181e-16)
(-103.6842049 -59.57323217 -8.472718757e-16)
(-103.7282736 -59.60290466 -1.071881014e-15)
(-103.7713402 -59.63106157 -1.381637467e-15)
(-103.8135862 -59.65802653 -1.123994219e-15)
(-103.8551451 -59.68410429 -1.090616654e-15)
(-103.8961271 -59.70952861 -1.215809936e-15)
(-103.9366158 -59.7344582 -1.38991581e-15)
(-103.9766825 -59.75899767 -1.611857786e-15)
(-104.0163916 -59.78322467 -1.539220025e-15)
(-104.0558038 -59.80719684 -1.61376994e-15)
(-104.0949703 -59.83095764 -1.553701112e-15)
(-104.1339207 -59.85453346 -1.754512003e-15)
(-104.1726771 -59.87794069 -1.855992228e-15)
(-104.2112657 -59.90120119 -2.098530131e-15)
(-104.2496982 -59.9243259 -1.962586362e-15)
(-104.2879965 -59.94733072 -1.819184528e-15)
(-104.3261719 -59.97022518 -1.884352895e-15)
(-104.3642199 -59.99300613 -1.88001512e-15)
(-104.4021483 -60.01568186 -2.040384383e-15)
(-104.4399534 -60.03825222 -2.034599762e-15)
(-104.4776444 -60.06072411 -1.980265796e-15)
(-104.5152221 -60.0830997 -2.060887377e-15)
(-104.5526732 -60.10536988 -2.039300754e-15)
(-104.5899984 -60.12753825 -2.047785751e-15)
(-104.6271887 -60.14960101 -2.087357321e-15)
(-104.6642489 -60.17156233 -2.13351479e-15)
(-104.7011765 -60.19342245 -2.087353997e-15)
(-104.7379562 -60.215171 -2.085035257e-15)
(-104.7745875 -60.2368109 -2.110798043e-15)
(-104.8110607 -60.25833816 -2.070708724e-15)
(-104.8473811 -60.27975719 -2.082611285e-15)
(-104.8835468 -60.30106879 -2.277500195e-15)
(-104.919544 -60.3222634 -2.591785669e-15)
(-104.9553738 -60.34334496 -2.871493e-15)
(-104.9910284 -60.36431051 -2.79928178e-15)
(-105.0265123 -60.38516388 -2.694173618e-15)
(-105.0618312 -60.40590975 -2.611205885e-15)
(-105.0969778 -60.42654572 -2.80341693e-15)
(-105.1319459 -60.44706649 -3.081227912e-15)
(-105.1667344 -60.46747458 -2.85059661e-15)
(-105.2013502 -60.48777527 -2.730386807e-15)
(-105.2358016 -60.50797438 -2.771059341e-15)
(-105.2700837 -60.5280705 -3.140868409e-15)
(-105.304192 -60.54805905 -3.369810399e-15)
(-105.3381328 -60.56794614 -3.698427209e-15)
(-105.3719028 -60.58773073 -3.448907555e-15)
(-105.4055134 -60.6074199 -3.317461161e-15)
(-105.4389685 -60.62701661 -3.289825416e-15)
(-105.4722592 -60.64651279 -3.378433869e-15)
(-105.5053908 -60.66591326 -3.319576828e-15)
(-105.5383585 -60.68521519 -3.256078905e-15)
(-105.5711716 -60.70442333 -3.175482861e-15)
(-105.603831 -60.72353779 -3.217254806e-15)
(-105.6363238 -60.74254706 -3.170348993e-15)
(-105.6686505 -60.76145199 -3.115349698e-15)
(-105.7008008 -60.7802452 -3.300887307e-15)
(-105.7327775 -60.79892643 -3.287811718e-15)
(-105.7645739 -60.81749029 -3.156345053e-15)
(-105.7961693 -60.83591939 -3.038683345e-15)
(-105.8275553 -60.8542084 -2.977905596e-15)
(-105.8587122 -60.87234361 -3.174580041e-15)
(-105.8896332 -60.8903184 -3.082703299e-15)
(-105.9203019 -60.90812112 -3.382218258e-15)
(-105.9506875 -60.92572841 -3.270216472e-15)
(-105.980772 -60.94312943 -3.489276784e-15)
(-106.0105269 -60.96030547 -3.208792798e-15)
(-106.0399338 -60.97724404 -3.167099464e-15)
(-106.0689743 -60.99393308 -3.143343775e-15)
(-106.0976161 -61.01035337 -3.346303667e-15)
(-106.1258272 -61.02648302 -3.531333871e-15)
(-106.1535811 -61.04230873 -3.277901201e-15)
(-106.1808594 -61.05782105 -3.190042144e-15)
(-106.2076466 -61.07301255 -3.191244294e-15)
(-106.2339153 -61.08787031 -3.468740916e-15)
(-106.2596414 -61.10238051 -3.68563284e-15)
(-106.2848141 -61.1165427 -3.605319244e-15)
(-106.3094168 -61.13035217 -3.502059162e-15)
(-106.3334519 -61.14381562 -3.207762545e-15)
(-106.3569187 -61.15693907 -3.294305163e-15)
(-106.3798086 -61.16972109 -3.350745633e-15)
(-106.402133 -61.18217706 -3.389197536e-15)
(-106.423899 -61.19431847 -3.376815761e-15)
(-106.4451337 -61.20616835 -3.288052598e-15)
(-106.4658617 -61.2177488 -3.406930593e-15)
(-106.4860999 -61.22907387 -3.358410873e-15)
(-106.5058848 -61.24017345 -3.294138011e-15)
(-106.5252475 -61.25107233 -3.287556382e-15)
(-106.544238 -61.26180526 -3.257745921e-15)
(-106.5629014 -61.27240423 -3.222013118e-15)
(-106.5812732 -61.28289127 -3.152193649e-15)
(-106.5993974 -61.29331078 -3.223372622e-15)
(-106.6164998 -61.30475525 -3.200744539e-15)
)
;
    }
    outlet
    {
        type            calculated;
        value           uniform (0 0 0);
    }
    front
    {
        type            wedge;
    }
    back
    {
        type            wedge;
    }
}


// ************************************************************************* //
