/*--------------------------------*- C++ -*----------------------------------*\
| =========                 |                                                 |
| \\      /  F ield         | OpenFOAM: The Open Source CFD Toolbox           |
|  \\    /   O peration     | Version:  v1706                                 |
|   \\  /    A nd           | Web:      www.OpenFOAM.com                      |
|    \\/     M anipulation  |                                                 |
\*---------------------------------------------------------------------------*/
FoamFile
{
    version     2.0;
    format      ascii;
    class       volScalarField;
    location    "0.0007";
    object      wallHeatFlux;
}
// * * * * * * * * * * * * * * * * * * * * * * * * * * * * * * * * * * * * * //

dimensions      [1 0 -3 0 0 0 0];


internalField   uniform 0;

boundaryField
{
    inlet
    {
        type            calculated;
        value           uniform 0;
    }
    object
    {
        type            calculated;
        value           nonuniform List<scalar> 
300
(
638153.6455
639478.2197
639953.0913
640206.8228
640345.6247
640409.3509
640418.2529
640384.4727
640316.0461
640218.6127
640096.2661
639952.0281
639788.1401
639606.2642
639407.6227
639193.1031
638963.339
638718.7744
638459.7085
638186.334
637898.7723
637597.0875
637281.3038
636951.4308
636607.4491
636249.347
635877.0939
635490.6754
635090.0684
634675.2535
634246.2221
633802.9609
633345.4699
632873.7374
632387.7672
631887.5457
631373.0691
630844.3194
630301.271
629743.8833
629172.0977
628585.8332
627984.9769
627369.3885
626738.8859
626093.2427
625432.1938
624755.4389
624062.6408
623353.4678
622627.5941
621884.7616
621124.8107
620347.7062
619553.5575
618742.6257
617915.3029
617072.1125
616213.677
615340.7199
614454.0006
613554.3366
612642.5393
611719.4234
610785.768
609842.3094
608889.7426
607928.6864
606959.7013
605983.2752
604999.8242
604009.7076
603013.209
602010.5449
601001.8844
599987.3476
598966.9858
597940.8211
596908.8303
595870.9445
594827.0531
593776.9917
592720.5415
591657.3871
590587.1038
589509.0936
588422.5335
587326.3433
586219.1744
585099.5911
583966.2757
582818.2465
581654.8818
580475.8428
579280.999
578070.4055
576844.3208
575603.189
574347.4186
573077.5879
571794.5962
570499.6191
569193.5141
567877.2555
566552.2308
565219.9924
563881.1469
562536.251
561186.7295
559832.5175
558471.735
557103.4904
555728.9607
554344.7102
552950.0731
551547.92
550127.3755
548701.8504
547254.1962
545749.8811
544276.1169
542836.958
541402.1693
539967.7387
538532.0681
537094.5777
535655.2114
534214.1216
532771.4707
531327.2093
529881.0035
528432.2184
526979.9144
525522.9725
524060.2252
522590.5193
521112.8681
519626.5544
518131.1551
516626.5799
515113.0745
513591.1894
512061.7519
510525.7644
508984.3313
507438.5841
505889.5992
504338.2726
502785.3198
501231.2065
499676.1581
498120.1701
496563.0541
495004.4761
493444.0293
491881.2816
490315.8323
488747.3489
487175.6026
485600.4695
484021.9347
482440.0738
480855.0436
479267.047
477676.2924
476083.0159
474487.4134
472889.6628
471289.9012
469688.2482
468084.79
466479.581
464872.6566
463264.054
461653.8016
460041.9285
458428.4835
456813.5012
455197.0366
453579.14
451959.8597
450339.2647
448717.4037
447094.3373
445470.1247
443844.8177
442218.4777
440591.1499
438962.8967
437333.7596
435703.7903
434073.0434
432441.5629
430809.3971
429176.5924
427543.1941
425909.2501
424274.8485
422640.0948
421009.6526
418267.7273
416849.2039
415167.1279
413176.6597
411080.5022
409022.434
407082.7367
405298.164
403673.2818
402189.6248
400816.2937
399519.7291
398270.5446
397046.7365
395834.1826
394625.8202
393419.942
392217.8567
391021.5782
389831.6164
388645.5054
387457.5148
386259.1096
385040.2237
383790.7133
382501.503
381165.4778
379777.8226
378335.8821
376838.9763
375287.8139
373683.7113
372027.8121
370320.1596
368559.3141
366742.5474
364866.4962
362928.3626
360926.8759
358863.0447
356740.3676
354564.4386
352342.3525
350081.8961
347790.7061
345475.8471
343143.5315
340798.9616
338446.4913
336089.7017
333731.682
331375.2935
329023.3492
326678.7677
324344.6437
322024.1788
319720.7695
317437.8824
315178.822
312946.5305
310743.1638
308569.8987
306426.9252
304313.6331
302229.1896
300173.0471
298145.5081
296147.9763
294182.7384
292252.5504
290360.0099
288506.9396
286694.2451
284921.9563
283189.4725
281495.9767
279840.5918
278222.5333
276641.1252
275095.6971
273585.6044
272110.2093
270668.8122
269260.7637
267885.4343
266542.1696
265230.3598
263949.3528
262698.4992
261477.1643
260284.6643
259120.3248
257983.3964
256873.1168
255788.7534
254729.5747
253694.9138
252684.1627
251696.6984
250732.0066
)
;
    }
    outlet
    {
        type            calculated;
        value           uniform 0;
    }
    front
    {
        type            wedge;
    }
    back
    {
        type            wedge;
    }
}


// ************************************************************************* //
