/*--------------------------------*- C++ -*----------------------------------*\
| =========                 |                                                 |
| \\      /  F ield         | OpenFOAM: The Open Source CFD Toolbox           |
|  \\    /   O peration     | Version:  v1706                                 |
|   \\  /    A nd           | Web:      www.OpenFOAM.com                      |
|    \\/     M anipulation  |                                                 |
\*---------------------------------------------------------------------------*/
FoamFile
{
    version     2.0;
    format      ascii;
    class       volVectorField;
    location    "0.0007";
    object      wallShearStress;
}
// * * * * * * * * * * * * * * * * * * * * * * * * * * * * * * * * * * * * * //

dimensions      [1 -1 -2 0 0 0 0];


internalField   uniform (0 0 0);

boundaryField
{
    inlet
    {
        type            calculated;
        value           uniform (0 0 0);
    }
    object
    {
        type            calculated;
        value           nonuniform List<vector> 
300
(
(-5.443240566 -0.872365549 1.663220546e-15)
(-5.136061968 -1.423784879 -4.673723438e-15)
(-5.138710733 -2.193613118 -1.838128965e-15)
(-5.122930083 -2.989245742 7.296375156e-16)
(-5.106381626 -3.784457821 2.730398497e-14)
(-5.092383867 -4.571345626 4.848634686e-14)
(-5.083159768 -5.346768217 5.742452139e-14)
(-5.08051752 -6.109515327 7.083603515e-14)
(-5.085909525 -6.859392224 9.4496318e-14)
(-5.100438411 -7.596803264 7.680631174e-14)
(-5.124878134 -8.322510686 5.487093439e-14)
(-5.15971258 -9.037475522 4.006806755e-14)
(-5.205184121 -9.742747492 3.120082544e-14)
(-5.261344727 -10.43938896 2.900661752e-14)
(-5.328104248 -11.12842386 2.918096988e-14)
(-5.405272846 -11.81080545 2.075521409e-14)
(-5.492596231 -12.48739785 1.774521669e-14)
(-5.589783555 -13.15896773 8.339202686e-15)
(-5.696528489 -13.82618274 4.578147791e-15)
(-5.812524494 -14.48961472 6.532177826e-15)
(-5.937475379 -15.14974591 1.01657086e-14)
(-6.071101925 -15.8069765 3.923944862e-15)
(-6.213145776 -16.46163299 -2.894396319e-15)
(-6.36337139 -17.11397711 -1.113682424e-14)
(-6.521566199 -17.76421352 -1.265719744e-14)
(-6.687540291 -18.41249836 -3.781380946e-15)
(-6.861125004 -19.05894558 2.336828074e-15)
(-7.042171773 -19.70363438 9.706790018e-15)
(-7.230550342 -20.34661434 1.466022494e-14)
(-7.426147268 -20.98791094 1.071318063e-14)
(-7.628864845 -21.62753051 1.02779024e-14)
(-7.83861944 -22.26546407 1.086897695e-14)
(-8.055341164 -22.9016917 1.10421046e-14)
(-8.278972586 -23.5361854 9.723519731e-15)
(-8.509468929 -24.16891335 8.516332571e-15)
(-8.746797562 -24.79984205 8.110238091e-15)
(-8.990938608 -25.42894056 8.231650511e-15)
(-9.24188516 -26.05618293 8.873971104e-15)
(-9.499644202 -26.68155188 1.095424303e-14)
(-9.764237433 -27.30504217 9.117313961e-15)
(-10.03570223 -27.92666432 1.030406563e-14)
(-10.31409249 -28.54644854 6.156201814e-15)
(-10.59947881 -29.16444868 9.432359375e-15)
(-10.89194813 -29.78074661 6.716426415e-15)
(-11.19160136 -30.39545557 4.283045608e-15)
(-11.49854895 -31.00872294 5.018400217e-15)
(-11.81290331 -31.62073141 7.165815489e-15)
(-12.13476694 -32.2316968 8.572473459e-15)
(-12.46421556 -32.84186009 9.328467992e-15)
(-12.80127815 -33.4514737 1.019021591e-14)
(-13.14591457 -34.06077566 9.31457561e-15)
(-13.49799993 -34.6699565 9.513932817e-15)
(-13.85732233 -35.27912054 1.049735027e-14)
(-14.22359735 -35.88825689 1.257827094e-14)
(-14.59649043 -36.49722862 1.107734423e-14)
(-14.97563898 -37.10577428 9.33763363e-15)
(-15.36067297 -37.71351689 8.696161734e-15)
(-15.75123395 -38.3199812 8.646934383e-15)
(-16.1469904 -38.92461414 9.582670638e-15)
(-16.54764992 -39.52681052 1.278929928e-14)
(-16.95296447 -40.12593566 1.462081085e-14)
(-17.36273506 -40.72135106 1.267826925e-14)
(-17.77680903 -41.31243345 1.043690994e-14)
(-18.1950775 -41.89859339 8.488320146e-15)
(-18.61746917 -42.47928734 7.432472628e-15)
(-19.04394429 -43.05402735 6.96014565e-15)
(-19.47448829 -43.62238765 7.280944849e-15)
(-19.90910469 -44.18400519 6.603802421e-15)
(-20.34781011 -44.73858103 5.757973178e-15)
(-20.79062932 -45.2858771 3.969579514e-15)
(-21.23759136 -45.82571288 4.194971895e-15)
(-21.68872692 -46.35796169 6.804300576e-15)
(-22.14406543 -46.88254389 9.031852257e-15)
(-22.60363364 -47.39942156 9.881831643e-15)
(-23.06745586 -47.90859384 7.461778768e-15)
(-23.53555301 -48.41009211 4.144459195e-15)
(-24.00794191 -48.90397261 1.976213552e-15)
(-24.48463824 -49.39031434 2.260845418e-15)
(-24.96565724 -49.86921512 3.009353497e-15)
(-25.45101607 -50.34078862 3.749549066e-15)
(-25.94073872 -50.805163 3.768489647e-15)
(-26.43486208 -51.26248167 3.290302522e-15)
(-26.93344569 -51.71290781 2.798263739e-15)
(-27.43658422 -52.15663023 1.898532901e-15)
(-27.94442574 -52.59387959 1.485377955e-15)
(-28.45718911 -53.02495111 8.085214276e-16)
(-28.97517509 -53.45023806 3.805379179e-16)
(-29.49875258 -53.87026947 1.84703756e-16)
(-30.02829792 -54.28571904 1.553374995e-15)
(-30.56409561 -54.69735607 5.563095997e-16)
(-31.10626094 -55.10590479 3.178207095e-16)
(-31.65474532 -55.51192097 -1.538383091e-16)
(-32.20939707 -55.91574481 -2.387991338e-16)
(-32.77002411 -56.31753406 -7.645366993e-17)
(-33.33641308 -56.71732328 1.286438567e-15)
(-33.90831586 -57.11503362 7.97964438e-16)
(-34.48546497 -57.51046638 1.625429689e-15)
(-35.06762838 -57.90333704 9.526739272e-16)
(-35.65458767 -58.29337817 2.082046798e-16)
(-36.24604563 -58.6802824 -2.631713359e-16)
(-36.84162399 -59.06360751 -4.906741771e-16)
(-37.44102109 -59.44274837 -7.207410484e-16)
(-38.0440367 -59.81726307 -5.783328379e-16)
(-38.65034199 -60.18672453 -7.215847774e-16)
(-39.25951666 -60.55053272 -8.750239381e-16)
(-39.87134653 -60.9079279 -3.80974951e-16)
(-40.48586605 -61.25858976 1.069690764e-15)
(-41.10284408 -61.602346 8.849486437e-16)
(-41.722101 -61.9385492 2.68796944e-16)
(-42.34417565 -62.26702119 4.880763727e-17)
(-42.9696555 -62.5885606 9.150766605e-16)
(-43.59833625 -62.90380234 2.40632022e-15)
(-44.2303296 -63.2121755 9.723398661e-16)
(-44.86659936 -63.51499889 1.073918469e-15)
(-45.5064649 -63.81299041 2.685113006e-15)
(-46.15056782 -64.10442154 3.802380741e-15)
(-46.79998627 -64.39416749 3.851128663e-15)
(-47.45246517 -64.67672536 3.514315045e-15)
(-48.11685748 -64.95388626 3.016782512e-15)
(-48.79425841 -65.24480283 1.474914036e-15)
(-49.45973576 -65.52376788 1.496515471e-15)
(-50.12009379 -65.78176615 2.441482665e-15)
(-50.78310692 -66.02714688 2.265238218e-15)
(-51.44708904 -66.2635826 2.36091408e-15)
(-52.1120783 -66.49199851 1.695896154e-15)
(-52.7780962 -66.71270335 6.603425651e-16)
(-53.44513998 -66.92572969 -2.562065278e-16)
(-54.11321248 -67.1310032 -1.451104455e-15)
(-54.78235419 -67.32844132 -1.379730765e-15)
(-55.45266757 -67.51804043 -1.162025094e-15)
(-56.12431713 -67.69992041 -8.864920657e-16)
(-56.79751811 -67.87432971 -7.086932451e-16)
(-57.47251605 -68.04164404 1.075930452e-15)
(-58.14955479 -68.20231536 3.203038078e-16)
(-58.82885749 -68.35683021 1.312113423e-15)
(-59.51059927 -68.50565514 1.807899044e-15)
(-60.19489309 -68.64918972 1.66485475e-15)
(-60.88178236 -68.78772388 1.451005279e-15)
(-61.57124119 -68.92142547 8.64419968e-16)
(-62.2631752 -69.0503236 9.876210992e-16)
(-62.95743067 -69.1743119 7.11862149e-16)
(-63.65380612 -69.29316527 5.654023923e-16)
(-64.35206861 -69.40656199 5.589507753e-16)
(-65.05196777 -69.51411478 4.109562315e-16)
(-65.75325215 -69.61540078 -1.006294922e-15)
(-66.45568856 -69.71000506 -1.081330787e-15)
(-67.15907551 -69.79755213 -1.170331422e-15)
(-67.8632478 -69.8777383 -1.121437492e-15)
(-68.56808449 -69.95034506 -1.67026562e-15)
(-69.27350823 -70.0152624 -1.551819116e-15)
(-69.97947824 -70.07247424 -1.37261405e-15)
(-70.68598412 -70.12205636 -1.866052202e-15)
(-71.3930368 -70.16415569 -1.848720795e-15)
(-72.10065683 -70.19896658 -1.450480104e-15)
(-72.80886663 -70.2267064 -2.551609949e-15)
(-73.51768067 -70.24758881 -2.050717788e-15)
(-74.22710157 -70.26180582 -2.014714454e-15)
(-74.93711686 -70.26951496 -1.928124188e-15)
(-75.6476965 -70.27082074 -1.968691082e-15)
(-76.35879566 -70.26578218 -1.345850411e-15)
(-77.07035827 -70.25441308 -1.464221901e-15)
(-77.7823188 -70.23668921 -1.042958361e-15)
(-78.49460731 -70.21255789 -7.71454011e-16)
(-79.20715373 -70.18195409 -9.358369186e-16)
(-79.91988727 -70.14480706 -8.921775538e-16)
(-80.63274319 -70.10105196 -1.774093665e-15)
(-81.34565619 -70.05063367 -1.8813326e-15)
(-82.05856894 -69.99351308 -2.587957014e-15)
(-82.77142658 -69.92966666 -2.261437605e-15)
(-83.48417732 -69.85909028 -2.006209306e-15)
(-84.19677135 -69.7817847 -1.976359808e-15)
(-84.90916282 -69.69776793 -1.790271095e-15)
(-85.62130305 -69.60706764 -1.332417336e-15)
(-86.33314203 -69.50970936 -9.164645836e-16)
(-87.04462847 -69.40572231 -1.586392597e-16)
(-87.75570875 -69.29512639 -3.226336349e-16)
(-88.46633241 -69.17794458 -4.62870493e-16)
(-89.17644527 -69.05419233 -5.771043756e-16)
(-89.88599613 -68.92388414 -1.441950051e-15)
(-90.59493241 -68.78703156 -1.408338434e-15)
(-91.30320139 -68.64364514 -1.264734276e-15)
(-92.01075405 -68.49373518 -4.567234932e-16)
(-92.71753736 -68.33730991 -8.190110037e-16)
(-93.42350161 -68.17438032 -6.160224789e-16)
(-94.12859704 -68.00495656 -6.642673113e-16)
(-94.8327728 -67.8290493 -5.77727667e-16)
(-95.53598079 -67.64667141 -1.025813911e-15)
(-96.2381699 -67.45783468 -1.36012149e-15)
(-96.93929203 -67.2625504 -1.089533182e-15)
(-97.63929709 -67.06083593 -9.214001302e-16)
(-98.33813623 -66.85270209 -7.083155865e-16)
(-99.03576152 -66.63816499 -6.916860275e-16)
(-99.73212412 -66.41724112 -6.691894518e-16)
(-100.4271755 -66.18994362 -7.827824442e-16)
(-101.1208685 -65.95629286 -8.007652654e-16)
(-101.8131545 -65.71630081 -7.1864902e-16)
(-102.5039976 -65.46999936 -1.215844042e-15)
(-103.1933108 -65.21744923 -1.139561345e-15)
(-103.8810502 -64.95897772 -1.157045436e-15)
(-104.5778117 -64.75457233 -1.567432676e-15)
(-108.0706013 -62.76306395 -9.318860126e-16)
(-109.7263532 -62.3711922 -2.227925239e-16)
(-110.6951225 -62.60541832 -4.490725834e-15)
(-111.456288 -63.02705481 -1.244419032e-15)
(-112.1346587 -63.45835648 -4.590759139e-16)
(-112.7601928 -63.85230028 1.816600619e-17)
(-113.3363874 -64.20071573 -1.183378982e-15)
(-113.8625244 -64.50621423 -1.904323277e-15)
(-114.3403718 -64.77545162 -1.633408901e-15)
(-114.7752617 -65.01692991 -5.09738473e-16)
(-115.1749962 -65.23920332 -1.331234804e-15)
(-115.5481069 -65.44941613 -2.861153179e-15)
(-115.9024163 -65.6526511 -2.006347127e-15)
(-116.2442468 -65.85199764 -3.150891475e-15)
(-116.5781125 -66.04891939 -2.069228227e-15)
(-116.9068164 -66.24371715 -1.707095734e-15)
(-117.2317588 -66.43598362 -1.490897256e-15)
(-117.5533848 -66.62505927 -1.85366833e-15)
(-117.8717413 -66.81049688 -2.333967632e-15)
(-118.1869887 -66.99240313 -2.939845049e-15)
(-118.4997376 -67.17156589 -1.778223105e-15)
(-118.8112324 -67.34940041 -2.546180873e-15)
(-119.1232732 -67.52769918 -2.428118639e-15)
(-119.4380064 -67.70833518 -2.323034602e-15)
(-119.7576818 -67.89300742 -1.915272211e-15)
(-120.0843635 -68.08303912 -2.951239868e-15)
(-120.4197552 -68.27931318 -2.88323749e-15)
(-120.7650836 -68.48227918 -1.725977811e-15)
(-121.121054 -68.69200693 -2.338205721e-15)
(-121.4879177 -68.90830328 -2.733562206e-15)
(-121.8655894 -69.13084415 -2.844892989e-15)
(-122.2537657 -69.35931035 -3.93763217e-15)
(-122.6521267 -69.59356971 -4.074058256e-15)
(-123.0604769 -69.83378606 -3.275885685e-15)
(-123.4788454 -70.08044774 -3.267217285e-15)
(-123.9075189 -70.33427884 -3.595520382e-15)
(-124.3469112 -70.59600867 -3.352274757e-15)
(-124.7974033 -70.86614385 -2.920975065e-15)
(-125.2591185 -71.14475754 -3.125781308e-15)
(-125.7317759 -71.43141339 -3.672063628e-15)
(-126.2146666 -71.72523069 -2.625052393e-15)
(-126.7066581 -72.02500334 -2.655423661e-15)
(-127.2063221 -72.32939175 -3.213907626e-15)
(-127.7120638 -72.6370845 -3.740097275e-15)
(-128.2222406 -72.94690453 -3.936020371e-15)
(-128.7353004 -73.25789225 -3.502139725e-15)
(-129.2498513 -73.56931797 -3.727469388e-15)
(-129.7646797 -73.88063643 -3.32855782e-15)
(-130.2787842 -74.19145578 -3.80353987e-15)
(-130.7913235 -74.50146118 -2.892316849e-15)
(-131.3015773 -74.81036318 -2.984448054e-15)
(-131.8089376 -75.11787583 -3.509821697e-15)
(-132.3128276 -75.42366337 -4.349318299e-15)
(-132.8127089 -75.72734725 -3.069006872e-15)
(-133.3080492 -76.02850067 -4.317626854e-15)
(-133.7982849 -76.32664007 -3.575297046e-15)
(-134.2828446 -76.62125965 -3.46736862e-15)
(-134.7611684 -76.91186794 -4.258959309e-15)
(-135.2327066 -77.19801871 -3.927080608e-15)
(-135.6969878 -77.4793952 -4.20541046e-15)
(-136.1536337 -77.75585282 -4.082089998e-15)
(-136.6023958 -78.02744964 -3.667397317e-15)
(-137.043205 -78.29443716 -3.328857386e-15)
(-137.4761214 -78.55714324 -3.671310149e-15)
(-137.9013111 -78.8158543 -4.052390058e-15)
(-138.3189349 -79.07066224 -3.308870039e-15)
(-138.7290666 -79.32138905 -2.336537203e-15)
(-139.1316716 -79.56762326 -2.037435859e-15)
(-139.5265676 -79.80880453 -2.355338821e-15)
(-139.9134849 -80.04439657 -2.795165014e-15)
(-140.2921245 -80.27402801 -2.940536867e-15)
(-140.6622078 -80.49755539 -3.159370671e-15)
(-141.023561 -80.71507218 -3.151743457e-15)
(-141.3761443 -80.92683492 -3.291515071e-15)
(-141.7200151 -81.13313786 -3.79102739e-15)
(-142.0553278 -81.33424987 -4.419113424e-15)
(-142.3822651 -81.53036012 -3.887293768e-15)
(-142.7010092 -81.72158979 -3.207721323e-15)
(-143.0117609 -81.90804541 -2.966109749e-15)
(-143.3147031 -82.08982209 -3.552741379e-15)
(-143.6100288 -82.26702925 -4.003888602e-15)
(-143.8979325 -82.43978205 -4.437566325e-15)
(-144.1785813 -82.60817743 -4.657558821e-15)
(-144.4521429 -82.77231036 -3.694106385e-15)
(-144.7187938 -82.93228413 -3.434083553e-15)
(-144.9786942 -83.08819348 -3.502327565e-15)
(-145.2320221 -83.24014502 -5.026702911e-15)
(-145.4789389 -83.38823486 -4.008250593e-15)
(-145.7195896 -83.53254955 -4.064102192e-15)
(-145.954137 -83.67319238 -3.70559207e-15)
(-146.1827303 -83.81026418 -3.229883055e-15)
(-146.4055412 -83.94388524 -3.846543915e-15)
(-146.6227296 -84.07417086 -3.126564072e-15)
(-146.8344433 -84.20122571 -3.405764829e-15)
(-147.040849 -84.32516182 -3.039499897e-15)
(-147.2420976 -84.44607255 -2.648575078e-15)
(-147.4383498 -84.56404923 -2.984793667e-15)
(-147.6297645 -84.67917657 -4.062024656e-15)
(-147.8164663 -84.79151699 -3.260323652e-15)
(-147.9953302 -84.90641614 -2.971810575e-15)
)
;
    }
    outlet
    {
        type            calculated;
        value           uniform (0 0 0);
    }
    front
    {
        type            wedge;
    }
    back
    {
        type            wedge;
    }
}


// ************************************************************************* //
