/*--------------------------------*- C++ -*----------------------------------*\
| =========                 |                                                 |
| \\      /  F ield         | OpenFOAM: The Open Source CFD Toolbox           |
|  \\    /   O peration     | Version:  v1706                                 |
|   \\  /    A nd           | Web:      www.OpenFOAM.com                      |
|    \\/     M anipulation  |                                                 |
\*---------------------------------------------------------------------------*/
FoamFile
{
    version     2.0;
    format      ascii;
    class       volVectorField;
    location    "0.00016";
    object      wallShearStress;
}
// * * * * * * * * * * * * * * * * * * * * * * * * * * * * * * * * * * * * * //

dimensions      [1 -1 -2 0 0 0 0];


internalField   uniform (0 0 0);

boundaryField
{
    inlet
    {
        type            calculated;
        value           uniform (0 0 0);
    }
    object
    {
        type            calculated;
        value           nonuniform List<vector> 
150
(
(-86.58582831 -0.08226814565 3.368685073e-12)
(-85.34605946 0.1401213945 -9.748934408e-13)
(-85.33970965 0.3763589872 1.415396982e-12)
(-85.26456961 0.6119754776 -3.732319385e-13)
(-85.16811581 0.8466427487 4.156621099e-13)
(-85.05445946 1.077447043 -2.65841791e-13)
(-84.92369154 1.302407216 -4.888798998e-13)
(-84.77573164 1.520165144 -6.951139796e-15)
(-84.61062242 1.729697392 -1.016109215e-14)
(-84.42853239 1.930158748 -5.240874677e-13)
(-84.22973844 2.120805233 -2.401785845e-14)
(-84.01461406 2.300959792 -2.249898435e-14)
(-83.78362411 2.470001424 -2.371129584e-14)
(-83.53732573 2.627368432 -6.095641415e-13)
(-83.27637366 2.772572313 7.267273456e-13)
(-83.00153228 2.905221658 -9.282109628e-13)
(-82.7136945 3.025058373 3.314606448e-13)
(-82.4139124 3.132011944 -7.419902013e-13)
(-82.10344518 3.226282812 -2.109575831e-13)
(-81.78383668 3.308475122 -5.041848969e-14)
(-81.45704278 3.379819974 -5.565361219e-13)
(-81.12563345 3.442581635 1.494891709e-13)
(-80.79305346 3.50090389 -3.025384616e-13)
(-80.46357206 3.563113716 6.470584494e-13)
(-80.13910628 3.650880955 2.128028828e-13)
(-79.77991455 3.84304306 -1.853644577e-13)
(-79.33007386 4.067951244 2.954749469e-13)
(-78.81191707 4.214745082 4.013230999e-13)
(-78.28835748 4.308527022 6.896437095e-15)
(-77.76563073 4.364946792 1.826502539e-13)
(-77.245671 4.400868276 -1.616150379e-13)
(-76.76695972 4.44422551 9.710210228e-14)
(-76.35536107 4.493099688 9.804684927e-15)
(-75.9536805 4.500767346 -2.709205653e-14)
(-75.53081675 4.458603459 -2.037946257e-13)
(-75.11392299 4.392477309 -2.326888424e-13)
(-74.75830862 4.363880932 1.487713738e-13)
(-74.50627236 4.426537478 1.536429627e-13)
(-74.07974268 4.241854438 3.187449816e-13)
(-73.51102166 3.908447691 -2.884484238e-13)
(-73.08123084 3.695035975 1.32582362e-15)
(-72.68637331 3.495150933 1.250851351e-13)
(-72.3183139 3.297436396 2.223824118e-13)
(-71.96253077 3.086599964 1.583125461e-13)
(-71.61327971 2.857276765 9.495156833e-14)
(-71.27034164 2.609614684 3.182177621e-13)
(-70.93472419 2.344868898 1.519008852e-14)
(-70.60696841 2.065257613 1.715814685e-13)
(-70.28584923 1.769094085 5.517901728e-14)
(-70.10466037 -0.3587554266 4.09930104e-14)
(-64.47228593 -17.1658614 -7.83294546e-14)
(-57.89508696 -23.12051743 2.522919395e-16)
(-56.16484242 -25.79990096 -3.689496361e-14)
(-56.09118613 -27.42916325 -8.76751288e-15)
(-56.67723634 -28.67424657 -2.440487386e-15)
(-57.62457954 -29.77254693 -1.22808551e-15)
(-58.84032537 -30.8260634 -7.379215716e-16)
(-60.3020213 -31.89330504 1.505232189e-16)
(-62.00871767 -33.01349061 -2.633684893e-16)
(-63.9598636 -34.21170516 1.484213706e-15)
(-66.14824283 -35.50120216 1.44003553e-14)
(-68.56031451 -36.88653263 1.215170061e-14)
(-71.17918446 -38.3670267 5.42127756e-15)
(-73.98754417 -39.93964845 -4.925211041e-15)
(-76.96973822 -41.60081846 4.503741716e-15)
(-80.11340468 -43.34743489 -1.176862014e-15)
(-83.41141874 -45.17750278 -1.993485771e-16)
(-86.86496907 -47.09083785 4.528416866e-15)
(-90.48838841 -49.09014715 5.279366626e-15)
(-94.31551715 -51.18242788 -4.236896133e-16)
(-98.40574053 -53.38088514 2.55041004e-15)
(-102.8444453 -55.70725049 7.815172708e-16)
(-107.7239618 -58.19488331 1.681868571e-15)
(-113.0851206 -60.89505904 2.987098636e-15)
(-118.7882403 -63.87609921 2.890964867e-15)
(-124.2999093 -67.16144086 2.104045526e-15)
(-128.4465845 -70.48619693 6.184928928e-15)
(-129.1643273 -72.87068189 3.532087844e-15)
(-123.1785934 -72.28503688 4.705568079e-15)
(-106.2996967 -65.79877371 1.824970876e-15)
(-76.42256117 -50.70289832 1.795632216e-15)
(-39.31922422 -27.97678886 1.077385646e-15)
(-9.877829675 -7.759464385 1.109814751e-15)
(-0.569747706 -0.763083433 7.12053926e-16)
(0.01005673145 -0.05411204914 1.120216109e-15)
(0.01467392634 -0.02438045105 1.448168725e-15)
(0.0146815958 -0.02377808686 1.447645509e-15)
(0.01466653885 -0.02378221192 1.953397248e-15)
(0.0146522185 -0.0237958833 2.439030867e-15)
(0.01463891312 -0.02380883778 2.976145389e-15)
(0.0146265342 -0.0238209742 2.27917508e-15)
(0.01461499802 -0.02383235762 2.088029645e-15)
(0.01460423192 -0.02384305231 2.075905091e-15)
(0.01459416976 -0.02385311462 2.140006801e-15)
(0.01458475237 -0.02386259508 1.901316614e-15)
(0.01457592666 -0.02387153917 1.051854541e-15)
(0.01456764488 -0.02387998793 9.449627428e-16)
(0.014559864 -0.02388797849 3.686816808e-17)
(0.01455254512 -0.02389554452 -6.468565155e-16)
(0.01454565303 -0.0239027166 -1.127509385e-16)
(0.01453915576 -0.02390952257 -1.382588915e-16)
(0.01453302413 -0.02391598779 -1.97502631e-16)
(0.01452723081 -0.02392213361 -5.463858415e-16)
(0.01452175346 -0.02392798272 -5.160506678e-16)
(0.01451657058 -0.02393355674 -4.050720191e-16)
(0.01451166086 -0.02393887189 -4.294371361e-16)
(0.01450700606 -0.02394394443 -2.671343799e-16)
(0.01450259012 -0.02394879136 -2.333917873e-16)
(0.01449839599 -0.02395342494 -6.898075777e-16)
(0.01449440858 -0.02395785598 -6.942972825e-16)
(0.01449061603 -0.02396209798 -1.25363758e-16)
(0.01448700612 -0.0239661621 -1.618971363e-16)
(0.01448356758 -0.02397005858 4.310356112e-16)
(0.01448029001 -0.02397379688 3.873843628e-16)
(0.01447716379 -0.02397738579 9.112505789e-16)
(0.01447418002 -0.02398083351 3.941483261e-16)
(0.01447133041 -0.02398414763 1.390192806e-18)
(0.01446860729 -0.02398733527 -3.788820234e-16)
(0.01446600348 -0.02399040304 -1.311946098e-15)
(0.01446351229 -0.02399335716 -1.171186953e-15)
(0.01446112735 -0.02399620338 -1.259229591e-15)
(0.01445884195 -0.0239989453 -3.190955582e-16)
(0.01445665243 -0.02400158947 2.156860306e-16)
(0.01445455426 -0.02400414285 8.912817087e-17)
(0.01445254149 -0.02400660825 1.378853443e-16)
(0.01445060994 -0.02400898974 1.55966552e-16)
(0.01444875631 -0.02401129315 1.902769291e-16)
(0.0144469752 -0.02401352053 -4.647295065e-17)
(0.01444526221 -0.0240156733 2.614982862e-18)
(0.01444361522 -0.0240177564 -3.251050423e-16)
(0.01444203092 -0.02401977306 -2.505768018e-16)
(0.0144405062 -0.0240217263 -3.237728579e-16)
(0.014439038 -0.02402361897 -6.503341478e-17)
(0.0144376231 -0.02402545395 -1.506553982e-17)
(0.01443625772 -0.02402723432 -6.014405519e-17)
(0.01443493669 -0.02402896383 -6.595715472e-16)
(0.01443365202 -0.02403064758 -7.132061277e-16)
(0.01443239064 -0.02403229329 -1.106851251e-15)
(0.01443113113 -0.02403391294 -8.333977179e-16)
(0.01442983923 -0.02403552317 -6.470705647e-16)
(0.01442846774 -0.02403715248 -5.851050899e-16)
(0.01442695081 -0.02403884002 -4.898180684e-16)
(0.01442520534 -0.02404063036 -4.17531199e-16)
(0.01442314075 -0.0240425755 -3.883592817e-16)
(0.01442066835 -0.02404472964 -2.407824005e-16)
(0.01441770731 -0.02404713713 -3.708657099e-16)
(0.01441418762 -0.02404983376 -2.87563895e-16)
(0.01441004297 -0.02405286573 -2.156527926e-16)
(0.01440525469 -0.02405632809 1.0711204e-16)
(0.01439951028 -0.02406161836 5.099750154e-16)
)
;
    }
    outlet
    {
        type            calculated;
        value           uniform (0 0 0);
    }
    front
    {
        type            wedge;
    }
    back
    {
        type            wedge;
    }
}


// ************************************************************************* //
