/*--------------------------------*- C++ -*----------------------------------*\
| =========                 |                                                 |
| \\      /  F ield         | OpenFOAM: The Open Source CFD Toolbox           |
|  \\    /   O peration     | Version:  v1706                                 |
|   \\  /    A nd           | Web:      www.OpenFOAM.com                      |
|    \\/     M anipulation  |                                                 |
\*---------------------------------------------------------------------------*/
FoamFile
{
    version     2.0;
    format      ascii;
    class       volVectorField;
    location    "0.00221";
    object      wallShearStress;
}
// * * * * * * * * * * * * * * * * * * * * * * * * * * * * * * * * * * * * * //

dimensions      [1 -1 -2 0 0 0 0];


internalField   uniform (0 0 0);

boundaryField
{
    inlet
    {
        type            calculated;
        value           nonuniform 0();
    }
    object
    {
        type            calculated;
        value           nonuniform List<vector> 
196
(
(-0.1930096075 -0.09084560452 0.002074935304)
(-0.1836390885 -0.1488771969 0.002090182029)
(-0.1850023207 -0.2307499151 0.002108373765)
(-0.1861518994 -0.3165570012 0.002131435933)
(-0.1875942863 -0.4037541659 0.002159470727)
(-0.189363362 -0.4916761805 0.00219225267)
(-0.1914582207 -0.580076026 0.002229434424)
(-0.1938742441 -0.6688400002 0.002270618946)
(-0.1966069788 -0.7579063929 0.002315386769)
(-0.199652643 -0.8472363432 0.002363313116)
(-0.2030081419 -0.9368016744 0.00241397738)
(-0.2066710015 -1.026579481 0.002466965535)
(-0.210639225 -1.116549432 0.002521873418)
(-0.2149112677 -1.20669248 0.002578311895)
(-0.2194859153 -1.296990224 0.002635903167)
(-0.224362265 -1.387424634 0.002694282169)
(-0.2295396453 -1.477977948 0.002753099512)
(-0.2350176084 -1.568632683 0.002812017721)
(-0.2407958681 -1.659371698 0.002870711655)
(-0.2468743122 -1.750178245 0.002928870072)
(-0.2532529376 -1.841036175 0.002986192691)
(-0.2599318173 -1.931929887 0.003042390499)
(-0.2669110977 -2.022844456 0.003097184633)
(-0.2741910233 -2.113765762 0.003150306758)
(-0.2817718771 -2.204680426 0.003201497567)
(-0.2896539988 -2.295576061 0.003250506198)
(-0.2978377507 -2.38644108 0.003297090745)
(-0.3063235302 -2.47726503 0.003341016329)
(-0.3151117365 -2.568038209 0.003382054725)
(-0.3242027668 -2.658752059 0.003419986432)
(-0.333597067 -2.749398887 0.003454596497)
(-0.3432950606 -2.839971989 0.003485675629)
(-0.353297196 -2.930465669 0.003513020191)
(-0.36360391 -3.020875058 0.00353643128)
(-0.3742156752 -3.111196281 0.003555714331)
(-0.3851329124 -3.20142628 0.003570683071)
(-0.3963560407 -3.291562732 0.003581150841)
(-0.4078855323 -3.381604221 0.003586931414)
(-0.419721787 -3.471549956 0.003587846481)
(-0.431865297 -3.561399909 0.003583719464)
(-0.4443165246 -3.651154714 0.003574377983)
(-0.4570758823 -3.740815563 0.003559651328)
(-0.470143809 -3.830384194 0.003539364164)
(-0.4835207474 -3.919862738 0.003513352233)
(-0.4972072576 -4.009254041 0.003481452953)
(-0.511203722 -4.098561146 0.003443496088)
(-0.5255106552 -4.187787487 0.003399323506)
(-0.5401285655 -4.276936962 0.003348769636)
(-0.5550579513 -4.366013655 0.003291670095)
(-0.5702992853 -4.455021905 0.003227861111)
(-0.5858531147 -4.543966152 0.003157192025)
(-0.6017199645 -4.632851251 0.003079501241)
(-0.6179004121 -4.721681956 0.002994626986)
(-0.6343950147 -4.810463257 0.002902414938)
(-0.6512043024 -4.899200401 0.002802697767)
(-0.6683288814 -4.987898151 0.002695318937)
(-0.6857693425 -5.076561789 0.002580122673)
(-0.7035263687 -5.165196462 0.00245693966)
(-0.7216006274 -5.253807472 0.002325623503)
(-0.7399926646 -5.342399681 0.002186009889)
(-0.7587031701 -5.430978435 0.002037931954)
(-0.7777328195 -5.519548444 0.001881227678)
(-0.7970823403 -5.608114622 0.001715738201)
(-0.8167523826 -5.696681941 0.001541303836)
(-0.8367435908 -5.785254973 0.001357761166)
(-0.8570568147 -5.873838342 0.001164952206)
(-0.8776927557 -5.962436474 0.0009627054274)
(-0.8986521392 -6.051053906 0.0007508710079)
(-0.919935688 -6.139694481 0.0005292782216)
(-0.9415441508 -6.228362341 0.0002977542006)
(-0.9634783054 -6.317061554 5.613493838e-05)
(-0.9857388757 -6.40579549 -0.0001957407538)
(-1.008326722 -6.49456788 -0.000458034524)
(-1.03124258 -6.583382209 -0.0007309333235)
(-1.054487122 -6.672241453 -0.001014588988)
(-1.078061293 -6.76114869 -0.001309174565)
(-1.101965825 -6.850106916 -0.001614862346)
(-1.12620147 -6.939118581 -0.00193182072)
(-1.150768916 -7.028186468 -0.002260223689)
(-1.175669063 -7.117312769 -0.002600220329)
(-1.200902545 -7.206499503 -0.002951994103)
(-1.226470174 -7.295748818 -0.00331572375)
(-1.252372644 -7.385062198 -0.003691554119)
(-1.27861089 -7.47444158 -0.004079687782)
(-1.305185409 -7.563888139 -0.004480292696)
(-1.332097042 -7.653403191 -0.004893523674)
(-1.359346451 -7.742987756 -0.005319561658)
(-1.386934443 -7.832642821 -0.005758577974)
(-1.414861565 -7.922369164 -0.00621073669)
(-1.443128467 -8.012166993 -0.006676196137)
(-1.471735951 -8.102037144 -0.007155144549)
(-1.500684512 -8.1919793 -0.007647760355)
(-1.529974935 -8.281994116 -0.008154228417)
(-1.559607665 -8.372081033 -0.008674705313)
(-1.589583338 -8.462239909 -0.009209337521)
(-1.619902632 -8.552470412 -0.009758301061)
(-1.650566017 -8.64277215 -0.010321768)
(-1.681573873 -8.733143877 -0.01089993233)
(-1.712926922 -8.823585215 -0.01149292782)
(-1.744625507 -8.914094709 -0.01210093041)
(-1.776670124 -9.004671482 -0.01272411274)
(-1.809061197 -9.095314182 -0.01336262075)
(-1.841799223 -9.186021289 -0.01401663083)
(-1.874884442 -9.276791134 -0.01468630132)
(-1.908317266 -9.367622152 -0.01537177994)
(-1.942098179 -9.458512631 -0.01607325672)
(-1.976227119 -9.549460158 -0.01679089146)
(-2.010704619 -9.640462917 -0.01752483869)
(-2.045530825 -9.731518412 -0.01827520419)
(-2.080706034 -9.822624607 -0.01904215071)
(-2.116230206 -9.913778726 -0.01982586837)
(-2.152103684 -10.00497789 -0.02062646306)
(-2.188326532 -10.09622012 -0.0214441067)
(-2.224898793 -10.1875018 -0.02227889859)
(-2.261820332 -10.27881997 -0.02313100345)
(-2.299091272 -10.37017173 -0.02400057482)
(-2.336711562 -10.46155377 -0.02488772118)
(-2.374681153 -10.55296267 -0.02579258766)
(-2.412999843 -10.64439498 -0.02671526323)
(-2.451667314 -10.73584677 -0.02765591481)
(-2.490683385 -10.82731441 -0.02861464217)
(-2.53004793 -10.91879395 -0.02959160807)
(-2.569760392 -11.0102813 -0.0305868333)
(-2.609820325 -11.10177193 -0.03160048282)
(-2.650227406 -11.19326197 -0.0326326716)
(-2.690981202 -11.28474678 -0.03368350431)
(-2.732080929 -11.3762216 -0.03475301018)
(-2.773526022 -11.46768157 -0.03584135183)
(-2.815315817 -11.55912201 -0.03694854393)
(-2.857449361 -11.65053716 -0.03807466794)
(-2.899926153 -11.74192267 -0.03921984676)
(-2.942744809 -11.83327231 -0.04038411219)
(-2.98590472 -11.92458085 -0.04156755612)
(-3.029404685 -12.01584255 -0.04277023949)
(-3.073243234 -12.10705125 -0.04399212705)
(-3.117419398 -12.19820068 -0.04523336345)
(-3.161931891 -12.28928491 -0.04649389629)
(-3.206779261 -12.3802971 -0.04777380465)
(-3.251959638 -12.47123024 -0.04907316397)
(-3.297471767 -12.56207829 -0.05039192502)
(-3.343313521 -12.65283311 -0.05173013361)
(-3.389483167 -12.74348753 -0.05308771957)
(-3.435978794 -12.83403402 -0.05446476899)
(-3.482798231 -12.92446488 -0.05586114974)
(-3.529939272 -13.01477214 -0.05727693114)
(-3.57739943 -13.10494637 -0.05871210347)
(-3.625176526 -13.19498021 -0.06016656295)
(-3.673267572 -13.28486441 -0.06164034964)
(-3.721669806 -13.37458942 -0.06313325397)
(-3.770380408 -13.46414595 -0.06464528054)
(-3.819396221 -13.55352423 -0.06617633514)
(-3.868713963 -13.64271424 -0.06772631518)
(-3.918330356 -13.73170557 -0.0692951941)
(-3.968241467 -13.82048723 -0.07088285635)
(-4.018443791 -13.90904886 -0.07248920017)
(-4.068933222 -13.99737843 -0.07411400514)
(-4.119705761 -14.08546437 -0.07575726368)
(-4.170756773 -14.17329442 -0.07741882037)
(-4.2220818 -14.2608566 -0.0790984006)
(-4.273675926 -14.34813774 -0.0807959275)
(-4.325534129 -14.43512436 -0.08251115453)
(-4.377651108 -14.52180233 -0.08424392575)
(-4.430021168 -14.608158 -0.08599410784)
(-4.482638722 -14.69417672 -0.08776143829)
(-4.535497386 -14.77984292 -0.08954563764)
(-4.588591221 -14.8651414 -0.09134649852)
(-4.641913267 -14.95005583 -0.09316379155)
(-4.695456301 -15.03456899 -0.09499735603)
(-4.749213459 -15.11866468 -0.09684684629)
(-4.80317663 -15.20232436 -0.0987119635)
(-4.857337812 -15.28552914 -0.1005923851)
(-4.911688094 -15.36825958 -0.1024878015)
(-4.96621909 -15.45049665 -0.1043979652)
(-5.020921012 -15.53221905 -0.1063224527)
(-5.07578357 -15.61340462 -0.1082610745)
(-5.130796734 -15.69403118 -0.110213429)
(-5.185948765 -15.77407462 -0.1121791842)
(-5.241227787 -15.85350984 -0.1141580298)
(-5.296620924 -15.93231111 -0.1161494629)
(-5.35211468 -16.01045036 -0.1181531926)
(-5.407694025 -16.08789775 -0.1201686661)
(-5.463342892 -16.1646218 -0.1221956296)
(-5.519044538 -16.24059003 -0.1242336076)
(-5.574779817 -16.31576569 -0.1262821804)
(-5.630528211 -16.39010998 -0.1283409071)
(-5.686266628 -16.46358018 -0.1304093431)
(-5.741970019 -16.53613038 -0.1324870913)
(-5.797609788 -16.60770927 -0.1345735486)
(-5.853153213 -16.67825928 -0.1366683659)
(-5.908563942 -16.74771723 -0.1387712467)
(-5.963798657 -16.81600993 -0.1408816838)
(-6.018806863 -16.8830542 -0.1429993056)
(-6.073527822 -16.94875263 -0.1451240735)
(-6.127887691 -17.01299177 -0.1472560496)
(-6.181790398 -17.07563417 -0.1493956693)
(-6.2351024 -17.13651497 -0.1515440594)
)
;
    }
    outlet
    {
        type            calculated;
        value           nonuniform 0();
    }
    front
    {
        type            wedge;
    }
    back
    {
        type            wedge;
    }
    procBoundary1to0
    {
        type            processor;
        value           uniform (0 0 0);
    }
    procBoundary1to2
    {
        type            processor;
        value           uniform (0 0 0);
    }
    procBoundary1to3
    {
        type            processor;
        value           uniform (0 0 0);
    }
}


// ************************************************************************* //
