/*--------------------------------*- C++ -*----------------------------------*\
| =========                 |                                                 |
| \\      /  F ield         | OpenFOAM: The Open Source CFD Toolbox           |
|  \\    /   O peration     | Version:  v1706                                 |
|   \\  /    A nd           | Web:      www.OpenFOAM.com                      |
|    \\/     M anipulation  |                                                 |
\*---------------------------------------------------------------------------*/
FoamFile
{
    version     2.0;
    format      ascii;
    class       volVectorField;
    location    "0.00135";
    object      wallShearStress;
}
// * * * * * * * * * * * * * * * * * * * * * * * * * * * * * * * * * * * * * //

dimensions      [1 -1 -2 0 0 0 0];


internalField   uniform (0 0 0);

boundaryField
{
    inlet
    {
        type            calculated;
        value           uniform (0 0 0);
    }
    object
    {
        type            calculated;
        value           nonuniform List<vector> 
300
(
(-2.657016612 -0.8510318154 2.588662693e-14)
(-2.510762399 -1.386494878 4.723251481e-14)
(-2.522803607 -2.138891658 4.983289099e-14)
(-2.531076845 -2.919373721 1.463757559e-14)
(-2.543722768 -3.70235467 2.758425448e-14)
(-2.561844201 -4.480087763 2.539125526e-14)
(-2.586057563 -5.249213456 5.138596109e-14)
(-2.616889258 -6.008070897 6.445732706e-14)
(-2.654800007 -6.755893479 6.960722281e-14)
(-2.700170776 -7.492475168 7.840406034e-14)
(-2.753293398 -8.217987779 6.011340786e-14)
(-2.814370659 -8.93285914 5.132040461e-14)
(-2.883523868 -9.637683355 3.999175892e-14)
(-2.960804818 -10.33315224 3.450517514e-14)
(-3.046209561 -11.02000335 2.726969535e-14)
(-3.139692063 -11.69898129 1.721632528e-14)
(-3.241176651 -12.37081026 1.146167179e-16)
(-3.350568628 -13.03617556 -2.027712801e-15)
(-3.46776292 -13.69571235 -4.69761543e-15)
(-3.59265072 -14.34999957 -4.11799406e-15)
(-3.725124523 -14.99955825 -4.773800198e-15)
(-3.865081725 -15.64485257 -8.637728301e-15)
(-4.012427038 -16.28629295 -1.171389183e-14)
(-4.167074124 -16.92424036 -4.8597761e-15)
(-4.328946639 -17.55901168 -7.05167427e-16)
(-4.497978767 -18.19088525 3.642384079e-16)
(-4.674115535 -18.82010648 1.075514599e-15)
(-4.857313033 -19.44689404 2.415732476e-15)
(-5.047538343 -20.07144507 6.333387226e-15)
(-5.244769602 -20.69394077 9.305724056e-15)
(-5.448995824 -21.31455163 7.601604789e-15)
(-5.660216718 -21.93344214 6.904465523e-15)
(-5.87844201 -22.55077478 5.988750083e-15)
(-6.103690669 -23.16671367 5.1164541e-15)
(-6.335989281 -23.781427 4.241149029e-15)
(-6.57536982 -24.3950883 3.630051141e-15)
(-6.821866109 -25.00787555 1.790762207e-15)
(-7.075509438 -25.61996848 -2.509972198e-15)
(-7.336322349 -26.23154184 -1.171482273e-15)
(-7.604312116 -26.84275655 5.136359068e-16)
(-7.87946335 -27.45374653 4.033244602e-15)
(-8.161731572 -28.06460272 5.373380491e-15)
(-8.45103903 -28.67535595 4.666363475e-15)
(-8.747273961 -29.28596076 4.091482835e-15)
(-9.050293801 -29.89628317 1.447110331e-15)
(-9.359932275 -30.50609614 1.365517212e-15)
(-9.676007899 -31.11508302 2.114740338e-15)
(-9.998332835 -31.7228475 2.416921551e-15)
(-10.32672121 -32.32893019 3.440781182e-15)
(-10.66099587 -32.93282773 8.330684256e-15)
(-11.00099412 -33.53401392 7.620143433e-15)
(-11.34657161 -34.13196025 9.706030641e-15)
(-11.69760562 -34.72615599 7.879952927e-15)
(-12.0539972 -35.3161261 6.145332273e-15)
(-12.41567187 -35.90144511 9.313203495e-15)
(-12.78258104 -36.48175017 7.576184544e-15)
(-13.1547024 -37.05675016 6.232443667e-15)
(-13.53203996 -37.62623262 4.667798348e-15)
(-13.91462456 -38.19006805 3.981399513e-15)
(-14.30251397 -38.74821376 2.326773711e-15)
(-14.6957919 -39.300714 2.989335631e-15)
(-15.09456646 -39.8476996 3.068720047e-15)
(-15.49896661 -40.38938428 1.989272424e-15)
(-15.90913489 -40.92605795 4.823408249e-17)
(-16.32521778 -41.45807358 -2.836695914e-16)
(-16.74735083 -41.98582983 -1.136482671e-15)
(-17.17564042 -42.50974079 -1.26787861e-15)
(-17.61014497 -43.0301999 -1.205971891e-15)
(-18.05085957 -43.54753656 -2.024585536e-15)
(-18.49770874 -44.06197479 -3.320421171e-15)
(-18.95055151 -44.57360169 -3.353219022e-15)
(-19.40919438 -45.0823542 -4.797179965e-16)
(-19.87341125 -45.58802695 -3.062361645e-16)
(-20.34296323 -46.09029812 -2.074366991e-15)
(-20.81761519 -46.58876176 -1.545607055e-15)
(-21.29715028 -47.08296605 -1.716320315e-15)
(-21.781381 -47.57245104 -3.240938473e-15)
(-22.27015847 -48.0567836 -5.657889869e-15)
(-22.76337759 -48.53558838 -6.831690036e-15)
(-23.26098291 -49.00856976 -5.443340286e-15)
(-23.76297369 -49.47553459 -3.995237079e-15)
(-24.26940709 -49.93640582 -2.007181456e-15)
(-24.78040109 -50.3912343 -4.755377574e-16)
(-25.29613372 -50.8402091 -5.780646811e-16)
(-25.81683287 -51.28365747 8.176929785e-16)
(-26.34275218 -51.7220322 6.023673701e-16)
(-26.8741322 -52.15587052 2.074436254e-16)
(-27.41115311 -52.58572746 -2.103751941e-16)
(-27.95389545 -53.01208569 4.807399231e-16)
(-28.50232096 -53.43527306 1.686964387e-15)
(-29.05627398 -53.85540989 9.711556205e-16)
(-29.61549701 -54.27238969 1.329441038e-15)
(-30.17965592 -54.6858878 3.024624883e-15)
(-30.74837551 -55.09539611 2.847654059e-15)
(-31.32128206 -55.50028657 3.581055493e-15)
(-31.89804543 -55.89989203 2.525066974e-15)
(-32.47841263 -56.29359082 8.635791e-16)
(-33.06222361 -56.68088059 -1.569660033e-17)
(-33.64941017 -57.06142616 -2.481476587e-16)
(-34.23997091 -57.4350722 -4.512753461e-16)
(-34.83393628 -57.80179533 -1.705707814e-15)
(-35.43134706 -58.16167205 -1.250448247e-15)
(-36.03223927 -58.51482452 -2.834932493e-15)
(-36.63663414 -58.86138962 -8.677079186e-16)
(-37.24452965 -59.20148787 -5.732126664e-16)
(-37.85591356 -59.53521464 -4.117438164e-16)
(-38.47075195 -59.86265317 -6.573318105e-16)
(-39.08898877 -60.18381355 -1.057048343e-15)
(-39.71058384 -60.49872202 -1.524920442e-15)
(-40.33550813 -60.80735392 2.299247317e-16)
(-40.963831 -61.10978479 -1.978116648e-15)
(-41.59571822 -61.40619761 -2.365498669e-15)
(-42.23144553 -61.69699179 -1.095814527e-15)
(-42.87129291 -61.98267404 -1.235324156e-15)
(-43.51546245 -62.26374387 -7.249173325e-16)
(-44.16402475 -62.54051098 -6.269259128e-16)
(-44.81687711 -62.81316622 -2.010941906e-15)
(-45.47373707 -63.08122905 -9.314745715e-16)
(-46.13448057 -63.34491085 -2.258856024e-16)
(-46.79817664 -63.60294097 8.789122876e-17)
(-47.46467581 -63.85458144 1.912593614e-15)
(-48.13424917 -64.09978703 2.955312441e-15)
(-48.80830918 -64.33855523 6.693033748e-16)
(-49.49135859 -64.57657644 1.001622766e-15)
(-50.18063865 -64.814306 2.259342208e-15)
(-50.8538585 -65.02523316 2.81581031e-15)
(-51.52831544 -65.22325513 1.653009182e-15)
(-52.20441865 -65.41383578 5.76028806e-16)
(-52.88312985 -65.59892968 2.300390827e-16)
(-53.56491375 -65.77934014 -1.308526825e-15)
(-54.24988388 -65.95522891 -1.207549154e-15)
(-54.93793353 -66.12640199 -1.796075805e-15)
(-55.6287979 -66.29242778 -5.808556313e-16)
(-56.32214595 -66.45276293 -8.957739047e-16)
(-57.01766486 -66.60689735 -1.030717035e-15)
(-57.71508556 -66.75439197 -1.299234738e-15)
(-58.41423592 -66.89498367 -1.592954598e-15)
(-59.11501534 -67.02854228 -1.699869148e-15)
(-59.81741151 -67.15510755 -1.476893306e-15)
(-60.5214353 -67.27478509 -7.832025592e-16)
(-61.22711439 -67.38772451 -8.990617398e-16)
(-61.93446196 -67.49405657 -1.155124563e-15)
(-62.64346603 -67.59387146 -8.858098274e-16)
(-63.35408688 -67.68720149 -5.698716341e-16)
(-64.06625193 -67.77402059 -2.588397362e-16)
(-64.77987296 -67.85426034 -3.884116365e-16)
(-65.49486592 -67.92786092 -1.502774437e-16)
(-66.21114012 -67.99475144 1.713444474e-16)
(-66.92861618 -68.05487913 -1.106868462e-17)
(-67.64722985 -68.10822719 8.085393016e-16)
(-68.3669225 -68.15478216 4.453152392e-16)
(-69.08763042 -68.19454623 -2.198728542e-16)
(-69.80929886 -68.2275205 3.934534661e-16)
(-70.53187347 -68.25371071 2.629376236e-16)
(-71.255297 -68.27312331 -1.591047038e-16)
(-71.97950843 -68.28574841 -2.190911285e-16)
(-72.70445203 -68.29158634 -3.517499528e-16)
(-73.43007215 -68.29063449 -9.238849222e-16)
(-74.1563018 -68.28288233 -1.000258441e-15)
(-74.88308867 -68.26832759 -7.309633416e-16)
(-75.61038011 -68.24698282 7.377028211e-17)
(-76.33811405 -68.2188344 7.78813323e-16)
(-77.06624315 -68.18389822 2.71860129e-16)
(-77.79470642 -68.14217329 1.685981735e-17)
(-78.52344777 -68.09365815 -3.823300006e-17)
(-79.25241922 -68.0383655 1.22279082e-16)
(-79.98155872 -67.97629294 7.38217713e-16)
(-80.71081435 -67.90744503 -8.962198944e-17)
(-81.44013394 -67.83182923 -2.889471132e-16)
(-82.16945254 -67.74944125 -8.15750589e-16)
(-82.89871814 -67.66028062 -9.998988979e-16)
(-83.62788117 -67.56436345 -1.221036441e-15)
(-84.35687794 -67.46168522 -1.061462555e-15)
(-85.08565208 -67.3522418 -3.85169588e-17)
(-85.81414288 -67.23604912 -5.946624546e-17)
(-86.54230066 -67.1131068 4.206014655e-16)
(-87.27006779 -66.98342633 3.662052692e-16)
(-87.99737563 -66.84700152 1.456832867e-16)
(-88.72417446 -66.70384345 3.251772624e-16)
(-89.45040903 -66.55395581 3.235216034e-16)
(-90.17601618 -66.39734594 2.043109303e-16)
(-90.90094077 -66.23402308 2.330277577e-16)
(-91.62513119 -66.06399263 3.833411331e-17)
(-92.34853107 -65.8872694 -1.093394716e-16)
(-93.07108178 -65.70386222 -1.742871796e-16)
(-93.79273468 -65.5137809 -1.365241653e-15)
(-94.51343116 -65.31703975 -1.2059283e-15)
(-95.23310977 -65.11364394 -1.162191166e-15)
(-95.9517242 -64.90360397 -1.486703962e-15)
(-96.66922725 -64.68694915 -1.463426258e-15)
(-97.38555526 -64.46368028 -1.501644915e-15)
(-98.10065366 -64.233806 -1.942508224e-15)
(-98.81447524 -63.99735904 -2.004096153e-15)
(-99.52695152 -63.75435677 -1.858078195e-15)
(-100.2380315 -63.50481386 -1.727720894e-15)
(-100.947663 -63.24874158 -2.105470999e-15)
(-101.6558007 -62.98615481 -1.962157406e-15)
(-102.3623922 -62.71706843 -1.823179471e-15)
(-103.0673887 -62.44159263 -1.605626618e-15)
(-103.7760155 -62.18978185 -1.347806504e-15)
(-105.5186994 -61.21679824 6.135004961e-16)
(-106.3435949 -60.93067825 -1.247414888e-16)
(-106.8057867 -60.98287848 -1.735792871e-15)
(-107.1531001 -61.15473477 -1.420168547e-15)
(-107.4600615 -61.3481696 -1.370494516e-15)
(-107.7499149 -61.53588592 -1.494014987e-15)
(-108.0296694 -61.71389909 -9.375365679e-16)
(-108.3016555 -61.88368938 -1.393003227e-15)
(-108.566869 -62.04705486 -9.023611221e-16)
(-108.8258292 -62.2051278 -2.129532664e-15)
(-109.0786519 -62.35834361 -2.41806666e-15)
(-109.3250543 -62.5066071 -3.154748894e-15)
(-109.5643736 -62.64944039 -4.501165449e-15)
(-109.7956097 -62.78612243 -3.838567078e-15)
(-110.0176224 -62.91589408 -4.974877948e-15)
(-110.2292716 -63.03810015 -5.317888279e-15)
(-110.4296045 -63.15233795 -4.916086995e-15)
(-110.618051 -63.25856342 -3.341341655e-15)
(-110.7944845 -63.35709428 -3.487933467e-15)
(-110.9592784 -63.44858753 -3.734616447e-15)
(-111.1132334 -63.5339298 -3.833341939e-15)
(-111.2574627 -63.61412217 -3.698871338e-15)
(-111.3933099 -63.69019577 -4.20467809e-15)
(-111.5221608 -63.76308279 -2.964920585e-15)
(-111.6453402 -63.83356896 -3.623824378e-15)
(-111.7640275 -63.9022611 -2.919796432e-15)
(-111.8791668 -63.96956627 -3.67125811e-15)
(-111.9915009 -64.03574219 -4.979142906e-15)
(-112.1015318 -64.10089576 -5.111373711e-15)
(-112.2095434 -64.16502223 -5.35706421e-15)
(-112.315674 -64.22805577 -6.174793348e-15)
(-112.4199188 -64.28987887 -5.314638721e-15)
(-112.5222008 -64.35036489 -5.193845049e-15)
(-112.6223786 -64.40937474 -4.061586558e-15)
(-112.7202673 -64.46677122 -3.949562486e-15)
(-112.8156987 -64.5224468 -3.424451546e-15)
(-112.908506 -64.57631419 -3.430393703e-15)
(-112.9985751 -64.62833597 -3.008556821e-15)
(-113.0858354 -64.6785118 -3.766096238e-15)
(-113.1702589 -64.72688036 -3.574394057e-15)
(-113.2519171 -64.77354658 -3.992944116e-15)
(-113.3309313 -64.81864079 -2.944382802e-15)
(-113.4074583 -64.86230871 -2.968532473e-15)
(-113.4817096 -64.90471127 -4.293209124e-15)
(-113.553892 -64.94598861 -3.684396543e-15)
(-113.6242215 -64.98626825 -2.858427149e-15)
(-113.6928821 -65.02563941 -3.732816173e-15)
(-113.7600113 -65.06415686 -3.193997157e-15)
(-113.8257377 -65.10186688 -3.066544974e-15)
(-113.890153 -65.13880066 -2.715322482e-15)
(-113.9533589 -65.17500885 -2.976540923e-15)
(-114.0154579 -65.21055371 -3.08966539e-15)
(-114.0765558 -65.24551593 -3.273531558e-15)
(-114.1368244 -65.28002771 -3.459077678e-15)
(-114.1964536 -65.31423462 -2.944474471e-15)
(-114.2556702 -65.34830578 -2.452143713e-15)
(-114.3147353 -65.38242324 -3.118990547e-15)
(-114.3738999 -65.41675274 -2.616209691e-15)
(-114.4334466 -65.45146723 -2.353733693e-15)
(-114.4936315 -65.48670734 -2.669040208e-15)
(-114.554672 -65.52258317 -2.12113937e-15)
(-114.6167795 -65.55919412 -1.811325723e-15)
(-114.6801251 -65.59661671 -1.770936183e-15)
(-114.7448805 -65.63493622 -1.673301841e-15)
(-114.8112053 -65.67423881 -1.397028919e-15)
(-114.8792542 -65.71462428 -1.29626331e-15)
(-114.9492258 -65.75623067 -1.759292067e-15)
(-115.0213335 -65.79921521 -1.098677593e-15)
(-115.095839 -65.84376878 -6.329293662e-16)
(-115.1730184 -65.89008287 -1.344273357e-15)
(-115.2531352 -65.93833098 -1.038226094e-15)
(-115.3364722 -65.98868057 -1.319165643e-15)
(-115.4232626 -66.04124428 -1.615930873e-15)
(-115.513668 -66.09607346 -1.081002551e-15)
(-115.6078008 -66.15317221 -8.567628148e-16)
(-115.7056824 -66.21248254 -8.184082091e-16)
(-115.8072817 -66.27391813 -4.224685651e-16)
(-115.9125033 -66.33736237 -3.56061979e-16)
(-116.0212019 -66.40269099 -1.619439004e-16)
(-116.1332445 -66.46980942 -1.254270995e-16)
(-116.248496 -66.53864772 2.171415911e-16)
(-116.3668718 -66.60918898 3.211197418e-16)
(-116.4883224 -66.68144818 3.797541311e-16)
(-116.612823 -66.75546233 -1.008943519e-16)
(-116.7404193 -66.83130735 1.236926455e-18)
(-116.8711602 -66.90904509 1.923742119e-16)
(-117.0051011 -66.98872462 -1.177305278e-16)
(-117.1422902 -67.07036921 -1.994405801e-16)
(-117.2827203 -67.15395066 -4.295188171e-16)
(-117.4263766 -67.23942378 -3.289585441e-16)
(-117.5731869 -67.32669976 -5.09674232e-16)
(-117.7230251 -67.41566254 -3.431534237e-16)
(-117.8757602 -67.5062024 -2.772537481e-16)
(-118.031236 -67.59821185 -2.869137593e-16)
(-118.189323 -67.69162145 -2.927562572e-16)
(-118.3499091 -67.78638909 -2.994212506e-16)
(-118.5129012 -67.88250284 -3.874363789e-16)
(-118.6782853 -67.98001065 -9.054573323e-16)
(-118.8460663 -68.07897858 -7.349690884e-16)
(-119.0127148 -68.18520659 -7.460353345e-16)
)
;
    }
    outlet
    {
        type            calculated;
        value           uniform (0 0 0);
    }
    front
    {
        type            wedge;
    }
    back
    {
        type            wedge;
    }
}


// ************************************************************************* //
