/*--------------------------------*- C++ -*----------------------------------*\
| =========                 |                                                 |
| \\      /  F ield         | OpenFOAM: The Open Source CFD Toolbox           |
|  \\    /   O peration     | Version:  v1706                                 |
|   \\  /    A nd           | Web:      www.OpenFOAM.com                      |
|    \\/     M anipulation  |                                                 |
\*---------------------------------------------------------------------------*/
FoamFile
{
    version     2.0;
    format      ascii;
    class       volScalarField;
    location    "0.00066";
    object      wallHeatFlux;
}
// * * * * * * * * * * * * * * * * * * * * * * * * * * * * * * * * * * * * * //

dimensions      [1 0 -3 0 0 0 0];


internalField   uniform 0;

boundaryField
{
    inlet
    {
        type            calculated;
        value           uniform 0;
    }
    object
    {
        type            calculated;
        value           nonuniform List<scalar> 
300
(
638153.6315
639478.2054
639953.077
640206.8084
640345.6103
640409.3365
640418.2385
640384.4583
640316.0317
640218.5982
640096.2516
639952.0136
639788.1255
639606.2496
639407.6081
639193.0884
638963.3243
638718.7596
638459.6937
638186.3191
637898.7574
637597.0726
637281.2888
636951.4158
636607.434
636249.3319
635877.0787
635490.6601
635090.0531
634675.2382
634246.2067
633802.9455
633345.4545
632873.7219
632387.7517
631887.5302
631373.0535
630844.3038
630301.2553
629743.8676
629172.0819
628585.8174
627984.961
627369.3724
626738.8698
626093.2265
625432.1775
624755.4225
624062.6243
623353.4512
622627.5773
621884.7446
621124.7936
620347.6888
619553.54
618742.6081
617915.2852
617072.0948
616213.6592
615340.7022
614453.9829
613554.3191
612642.5219
611719.4062
610785.751
609842.2927
608889.7262
607928.6703
606959.6856
605983.2599
604999.8092
604009.693
603013.1948
602010.5311
601001.871
599987.3347
598966.9733
597940.809
596908.8185
595870.9331
594827.0421
593776.981
592720.5311
591657.377
590587.0939
589509.0839
588422.524
587326.3339
586219.1649
585099.5816
583966.266
582818.2366
581654.8716
580475.8324
579280.9883
578070.3945
576844.3095
575603.1773
574347.4065
573077.5755
571794.5836
570499.6062
569193.501
567877.2422
566552.2174
565219.9789
563881.1334
562536.2375
561186.716
559832.504
558471.7214
557103.4768
555728.947
554344.6965
552950.0593
551547.9063
550127.3618
548701.8369
547254.1829
545749.8682
544276.1041
542836.9455
541402.1572
539967.7271
538532.0568
537094.567
535655.2011
534214.1117
532771.4613
531327.2003
529880.9949
528432.2101
526979.9063
525522.9646
524060.2175
522590.5116
521112.8605
519626.5467
518131.1474
516626.5721
515113.0666
513591.1814
512061.7438
510525.7564
508984.3233
507438.5761
505889.5914
504338.2649
502785.3123
501231.1991
499676.1509
498120.1631
496563.0473
495004.4695
493444.0229
491881.2753
490315.8261
488747.3428
487175.5967
485600.4636
484021.929
482440.0681
480855.038
479267.0416
477676.2871
476083.0107
474487.4082
472889.6578
471289.8963
469688.2433
468084.7853
466479.5764
464872.6521
463264.0496
461653.7974
460041.9244
458428.4795
456813.4973
455197.0328
453579.1363
451959.8561
450339.2612
448717.4003
447094.334
445470.1214
443844.8146
442218.4747
440591.1469
438962.8938
437333.7568
435703.7876
434073.0408
432441.5604
430809.3947
429176.5901
427543.1919
425909.248
424274.8465
422640.0929
421009.6508
418267.7264
416849.2036
415167.1283
413176.6607
411080.5039
409022.4363
407082.7393
405298.1666
403673.2843
402189.6273
400816.2964
399519.7325
398270.549
397046.7424
395834.1905
394625.8306
393419.9553
392217.8737
391021.5993
389831.6422
388645.5363
387457.5508
386259.1507
385040.2698
383790.7642
382501.5585
381165.5379
379777.8872
378335.9514
376839.0502
375287.8928
373683.7956
372027.9025
370320.2576
368559.4216
366742.6669
364866.6303
362928.5138
360927.0462
358863.2354
356740.5792
354564.6709
352342.605
350082.1681
347790.997
345476.1567
343143.86
340799.3098
338446.8603
336090.0933
333732.0983
331375.7368
329023.822
326679.2728
324345.1838
322024.7567
319721.3877
317438.5433
315179.5274
312947.2813
310743.9599
308570.7388
306427.8072
304314.555
302230.1498
300174.046
298146.5478
296149.0612
294183.8743
292253.7435
290361.2661
288508.2634
286695.6395
284923.4226
283191.011
281497.5873
279842.2743
278224.2878
276642.9523
275097.5984
273587.5822
272112.267
270670.9539
269262.9942
267887.7587
266544.5932
265232.8879
263951.9909
262701.2528
261480.039
260287.6655
259123.4576
257986.6655
256876.5262
255792.3065
254733.2745
253698.7627
252688.1632
251700.8533
250736.3193
)
;
    }
    outlet
    {
        type            calculated;
        value           uniform 0;
    }
    front
    {
        type            wedge;
    }
    back
    {
        type            wedge;
    }
}


// ************************************************************************* //
