/*--------------------------------*- C++ -*----------------------------------*\
| =========                 |                                                 |
| \\      /  F ield         | OpenFOAM: The Open Source CFD Toolbox           |
|  \\    /   O peration     | Version:  v1706                                 |
|   \\  /    A nd           | Web:      www.OpenFOAM.com                      |
|    \\/     M anipulation  |                                                 |
\*---------------------------------------------------------------------------*/
FoamFile
{
    version     2.0;
    format      ascii;
    class       volVectorField;
    location    "0.00066";
    object      wallShearStress;
}
// * * * * * * * * * * * * * * * * * * * * * * * * * * * * * * * * * * * * * //

dimensions      [1 -1 -2 0 0 0 0];


internalField   uniform (0 0 0);

boundaryField
{
    inlet
    {
        type            calculated;
        value           uniform (0 0 0);
    }
    object
    {
        type            calculated;
        value           nonuniform List<vector> 
300
(
(-5.443239628 -0.8723653873 1.663051711e-15)
(-5.136061104 -1.423784619 -4.525677049e-15)
(-5.138709897 -2.193612727 -1.552784217e-15)
(-5.122929286 -2.989245226 1.185895749e-15)
(-5.106380872 -3.78445719 2.615327661e-14)
(-5.092383158 -4.571344891 4.764167118e-14)
(-5.083159105 -5.34676739 5.705908245e-14)
(-5.0805169 -6.10951442 7.008957163e-14)
(-5.085908946 -6.859391249 9.272698949e-14)
(-5.100437869 -7.59680223 7.679328623e-14)
(-5.124877625 -8.322509602 5.469169269e-14)
(-5.159712099 -9.037474395 3.951370375e-14)
(-5.205183664 -9.742746328 3.055114634e-14)
(-5.261344288 -10.43938776 2.843376574e-14)
(-5.328103825 -11.12842264 2.860657928e-14)
(-5.405272435 -11.8108042 2.014866972e-14)
(-5.492595829 -12.48739658 1.726180533e-14)
(-5.589783158 -13.15896644 7.722654476e-15)
(-5.696528095 -13.82618143 3.994103745e-15)
(-5.8125241 -14.48961339 6.241287945e-15)
(-5.937474984 -15.14974456 1.035123684e-14)
(-6.071101527 -15.80697513 4.294484013e-15)
(-6.213145374 -16.46163159 -2.125881141e-15)
(-6.363370982 -17.1139757 -1.163081023e-14)
(-6.521565784 -17.76421209 -1.298938207e-14)
(-6.687539869 -18.4124969 -3.876415454e-15)
(-6.861124574 -19.0589441 2.04882077e-15)
(-7.042171335 -19.70363288 9.263118444e-15)
(-7.230549895 -20.34661282 1.38943014e-14)
(-7.426146813 -20.98790939 1.042979037e-14)
(-7.628864381 -21.62752894 1.038815493e-14)
(-7.838618968 -22.26546248 1.114856225e-14)
(-8.055340685 -22.90169008 1.1282728e-14)
(-8.2789721 -23.53618376 9.793766489e-15)
(-8.509468437 -24.16891169 7.653321957e-15)
(-8.746797067 -24.79984037 7.748334673e-15)
(-8.99093811 -25.42893886 8.149200406e-15)
(-9.241884662 -26.05618122 8.899470056e-15)
(-9.499643707 -26.68155016 1.092229603e-14)
(-9.764236945 -27.30504044 8.76510166e-15)
(-10.03570175 -27.92666258 9.079014312e-15)
(-10.31409203 -28.54644681 5.896921121e-15)
(-10.59947837 -29.16444696 8.907087603e-15)
(-10.89194771 -29.78074491 6.496433528e-15)
(-11.19160098 -30.3954539 4.479631114e-15)
(-11.49854861 -31.00872131 5.044719587e-15)
(-11.81290301 -31.62072984 7.312698673e-15)
(-12.13476669 -32.23169529 8.575373498e-15)
(-12.46421537 -32.84185867 9.296442316e-15)
(-12.80127802 -33.45147237 1.023075776e-14)
(-13.1459145 -34.06077445 9.26636047e-15)
(-13.49799991 -34.66995541 9.364230219e-15)
(-13.85732235 -35.27911958 1.057440799e-14)
(-14.2235974 -35.88825606 1.38882651e-14)
(-14.59649049 -36.49722792 1.116745527e-14)
(-14.97563903 -37.10577369 9.304319706e-15)
(-15.360673 -37.71351641 8.733571105e-15)
(-15.75123394 -38.31998079 8.458922009e-15)
(-16.14699033 -38.92461378 9.39788103e-15)
(-16.54764978 -39.52681019 1.284859035e-14)
(-16.95296424 -40.12593533 1.506202093e-14)
(-17.36273472 -40.72135069 1.272567432e-14)
(-17.77680859 -41.31243302 1.043260509e-14)
(-18.19507694 -41.89859286 8.450557682e-15)
(-18.61746849 -42.47928669 7.344933394e-15)
(-19.04394349 -43.05402656 6.951440996e-15)
(-19.47448738 -43.62238669 7.233637492e-15)
(-19.90910365 -44.18400405 6.653384347e-15)
(-20.34780895 -44.73857968 5.697975637e-15)
(-20.79062805 -45.28587555 3.830615574e-15)
(-21.23758998 -45.82571111 3.941670625e-15)
(-21.68872544 -46.3579597 5.371916714e-15)
(-22.14406384 -46.88254167 7.919382284e-15)
(-22.60363196 -47.39941911 9.154558426e-15)
(-23.06745408 -47.90859118 7.663495632e-15)
(-23.53555114 -48.41008923 4.381600175e-15)
(-24.00793995 -48.90396952 2.63995575e-15)
(-24.4846362 -49.39031104 2.526363088e-15)
(-24.96565512 -49.86921162 3.269039011e-15)
(-25.45101388 -50.34078493 4.002993478e-15)
(-25.94073646 -50.80515913 3.829386767e-15)
(-26.43485975 -51.26247763 3.603963881e-15)
(-26.9334433 -51.71290361 2.928418767e-15)
(-27.43658178 -52.15662589 1.94351676e-15)
(-27.94442326 -52.59387512 1.46120654e-15)
(-28.45718662 -53.02494653 8.172864389e-16)
(-28.9751726 -53.4502334 2.042556983e-16)
(-29.49875012 -53.87026475 4.581476078e-17)
(-30.02829551 -54.28571432 9.24622038e-16)
(-30.56409327 -54.69735138 2.393349983e-16)
(-31.10625868 -55.10590018 -5.268228396e-17)
(-31.65474315 -55.51191647 -4.318827711e-16)
(-32.20939499 -55.91574044 -4.72463134e-16)
(-32.77002211 -56.31752984 -2.880045962e-16)
(-33.33641118 -56.71731923 1.210797731e-15)
(-33.90831404 -57.11502974 4.350927561e-16)
(-34.48546324 -57.51046268 1.790593261e-15)
(-35.06762673 -57.90333352 9.657445238e-16)
(-35.65458608 -58.29337483 1.133151766e-16)
(-36.24604411 -58.68027924 -2.07974639e-16)
(-36.84162251 -59.06360451 -4.822977173e-16)
(-37.44101964 -59.44274552 -6.897726908e-16)
(-38.04403526 -59.81726034 -5.209194013e-16)
(-38.65034056 -60.1867219 -6.19467437e-16)
(-39.25951522 -60.55053017 -8.314247786e-16)
(-39.87134506 -60.9079254 -4.598968016e-16)
(-40.48586455 -61.2585873 5.013566133e-16)
(-41.10284255 -61.60234354 7.536876566e-16)
(-41.72209945 -61.93854675 1.244462744e-16)
(-42.34417409 -62.26701876 -1.358506115e-16)
(-42.96965394 -62.58855818 7.451899991e-16)
(-43.5983347 -62.90379996 2.228562765e-15)
(-44.23032804 -63.21217317 -4.680658627e-16)
(-44.8665978 -63.51499658 7.966486195e-16)
(-45.50646332 -63.81298814 2.429198746e-15)
(-46.15056622 -64.10441929 4.033070212e-15)
(-46.7999846 -64.39416522 3.513579725e-15)
(-47.45246343 -64.67672304 3.485579322e-15)
(-48.11685565 -64.95388389 2.957168548e-15)
(-48.79425648 -65.24480035 1.391043754e-15)
(-49.45973379 -65.52376535 1.394257642e-15)
(-50.1200917 -65.78176353 2.327405639e-15)
(-50.78310472 -66.02714413 2.668866692e-15)
(-51.44708671 -66.26357971 2.048069197e-15)
(-52.11207585 -66.49199547 1.510783331e-15)
(-52.77809362 -66.71270015 -1.055060647e-16)
(-53.44513728 -66.92572633 -3.984627981e-16)
(-54.11320965 -67.1309997 -2.196682281e-15)
(-54.78235125 -67.32843767 -1.545059424e-15)
(-55.45266451 -67.51803665 -1.276382959e-15)
(-56.12431397 -67.6999165 -9.479472768e-16)
(-56.79751486 -67.8743257 -7.349193647e-16)
(-57.47251273 -68.04163997 -2.451458998e-16)
(-58.14955141 -68.20231123 3.484402539e-16)
(-58.82885406 -68.35682606 1.698450489e-15)
(-59.51059581 -68.50565099 1.659872083e-15)
(-60.19488961 -68.64918559 1.490746845e-15)
(-60.88177887 -68.78771979 1.287354603e-15)
(-61.57123769 -68.92142143 6.892294232e-16)
(-62.26317169 -69.05031961 4.939861861e-16)
(-62.95742715 -69.17430796 2.521686078e-16)
(-63.65380259 -69.29316139 1.856294607e-16)
(-64.35206507 -69.40655814 8.562070375e-17)
(-65.0519642 -69.51411096 3.82061141e-17)
(-65.75324855 -69.61539696 -1.39473335e-15)
(-66.45568492 -69.71000124 -1.509719824e-15)
(-67.15907182 -69.79754829 -1.385602723e-15)
(-67.86324406 -69.87773443 -1.360412738e-15)
(-68.56808071 -69.95034115 -1.913113097e-15)
(-69.27350438 -70.01525845 -1.705012508e-15)
(-69.97947434 -70.07247024 -1.35851663e-15)
(-70.68598015 -70.1220523 -1.841446234e-15)
(-71.39303278 -70.16415159 -1.832908269e-15)
(-72.10065275 -70.19896245 -1.436216852e-15)
(-72.8088625 -70.22670223 -2.533486146e-15)
(-73.51767648 -70.24758462 -2.087541531e-15)
(-74.22709733 -70.26180161 -1.936128322e-15)
(-74.93711257 -70.26951075 -2.270347735e-15)
(-75.64769216 -70.27081652 -9.876275865e-16)
(-76.35879128 -70.26577796 -8.550708372e-16)
(-77.07035384 -70.25440886 -1.926810667e-15)
(-77.78231432 -70.23668499 -1.095809937e-15)
(-78.49460278 -70.21255367 -8.585311319e-16)
(-79.20714915 -70.18194987 -9.32490884e-16)
(-79.91988264 -70.14480283 -9.60713019e-16)
(-80.63273851 -70.10104773 -1.322735562e-15)
(-81.34565146 -70.05062943 -2.353958172e-15)
(-82.05856416 -69.99350883 -2.523771214e-15)
(-82.77142175 -69.9296624 -9.014908944e-16)
(-83.48417244 -69.85908601 -1.901803989e-15)
(-84.19676642 -69.78178042 -1.744176876e-15)
(-84.90915785 -69.69776365 -1.659229006e-15)
(-85.62129802 -69.60706335 -1.18552899e-15)
(-86.33313695 -69.50970506 -9.96505153e-16)
(-87.04462333 -69.40571801 -6.988584095e-16)
(-87.75570356 -69.29512208 -3.853262099e-16)
(-88.46632717 -69.17794027 -5.076938638e-16)
(-89.17643999 -69.05418802 -6.270097311e-16)
(-89.88599079 -68.92387982 -1.01774895e-15)
(-90.59492702 -68.78702724 -1.44221326e-15)
(-91.30319596 -68.64364082 -1.211708322e-15)
(-92.01074856 -68.49373087 -8.839756454e-16)
(-92.71753182 -68.33730559 -3.66556421e-16)
(-93.42349602 -68.17437601 -5.651261799e-16)
(-94.1285914 -68.00495226 -6.687365128e-16)
(-94.83276711 -67.829045 -5.70141007e-16)
(-95.53597505 -67.64666711 -1.641913549e-15)
(-96.23816411 -67.45783039 -1.339131939e-15)
(-96.93928619 -67.26254612 -1.068164029e-15)
(-97.6392912 -67.06083165 -8.87937244e-16)
(-98.33813029 -66.85269781 -8.033088933e-16)
(-99.03575553 -66.63816072 -8.147056479e-16)
(-99.73211808 -66.41723685 -7.389852099e-16)
(-100.4271694 -66.18993935 -8.215553445e-16)
(-101.1208623 -65.95628859 -8.354544123e-16)
(-101.8131483 -65.71629654 -8.035580355e-16)
(-102.5039913 -65.46999509 -1.294800504e-15)
(-103.1933045 -65.21744497 -1.170585198e-15)
(-103.8810438 -64.95897346 -1.100150783e-15)
(-104.5778053 -64.75456809 -1.533961943e-15)
(-108.0705941 -62.76305969 -8.94341249e-16)
(-109.7263454 -62.37118776 -4.625926992e-16)
(-110.695114 -62.60541361 -3.577836076e-15)
(-111.4562788 -63.02704977 -1.190288126e-15)
(-112.1346488 -63.45835107 -4.736090353e-16)
(-112.7601822 -63.85229454 -2.598541671e-17)
(-113.3363763 -64.20070969 -1.089100127e-15)
(-113.8625126 -64.50620792 -1.850437216e-15)
(-114.3403594 -64.77544505 -1.713405442e-15)
(-114.7752487 -65.01692304 -5.24718794e-16)
(-115.1749826 -65.23919608 -1.319839849e-15)
(-115.5480925 -65.44940843 -3.024581795e-15)
(-115.902401 -65.65264285 -2.028754177e-15)
(-116.2442305 -65.85198877 -2.107949485e-15)
(-116.578095 -66.04890982 -1.604382533e-15)
(-116.9067975 -66.2437068 -1.438039295e-15)
(-117.2317384 -66.43597238 -1.369038445e-15)
(-117.5533627 -66.62504702 -1.658043575e-15)
(-117.8717173 -66.81048353 -2.077623045e-15)
(-118.1869625 -66.99238858 -3.269662755e-15)
(-118.4997092 -67.1715501 -1.492139104e-15)
(-118.8112016 -67.34938336 -2.622323974e-15)
(-119.1232399 -67.52768086 -2.478976837e-15)
(-119.4379706 -67.7083156 -2.279526404e-15)
(-119.7576435 -67.8929866 -2.044715574e-15)
(-120.0843226 -68.08301707 -2.981481314e-15)
(-120.4197117 -68.27928988 -3.168089694e-15)
(-120.7650376 -68.48225462 -1.996403812e-15)
(-121.1210053 -68.69198109 -2.347117444e-15)
(-121.4878664 -68.90827613 -2.818622215e-15)
(-121.8655355 -69.13081565 -2.991679615e-15)
(-122.2537089 -69.35928043 -3.279165043e-15)
(-122.652067 -69.59353822 -4.162056366e-15)
(-123.0604141 -69.83375275 -3.421454395e-15)
(-123.4787789 -70.08041225 -3.845779229e-15)
(-123.9074484 -70.33424075 -4.001644091e-15)
(-124.346836 -70.59596754 -3.655892759e-15)
(-124.7973228 -70.86609931 -2.980082139e-15)
(-125.2590321 -71.14470936 -2.551336195e-15)
(-125.7316832 -71.43136149 -3.16502722e-15)
(-126.2145673 -71.72517511 -2.34233677e-15)
(-126.7065521 -72.02494419 -2.422398448e-15)
(-127.2062094 -72.32932919 -2.792927008e-15)
(-127.7119444 -72.63701866 -3.328642157e-15)
(-128.2221146 -72.94683549 -3.496146067e-15)
(-128.7351679 -73.25781998 -2.467997896e-15)
(-129.2497121 -73.56924239 -2.677462668e-15)
(-129.7645338 -73.88055734 -2.957238937e-15)
(-130.2786315 -74.19137292 -3.301456235e-15)
(-130.7911635 -74.50137423 -2.919311662e-15)
(-131.3014097 -74.81027178 -2.921898906e-15)
(-131.808762 -75.11777958 -3.488063647e-15)
(-132.3126433 -75.42356186 -4.162846742e-15)
(-132.8125154 -75.72724006 -2.877775918e-15)
(-133.3078459 -76.02838739 -4.188701529e-15)
(-133.7980709 -76.32652028 -3.453196561e-15)
(-134.2826194 -76.62113298 -3.075001701e-15)
(-134.7609313 -76.91173407 -4.153094145e-15)
(-135.2324569 -77.19787744 -3.305145474e-15)
(-135.6967251 -77.47924653 -3.273570084e-15)
(-136.1533576 -77.75569692 -3.456336023e-15)
(-136.6021062 -78.02728691 -2.737093333e-15)
(-137.042902 -78.29426803 -2.946653645e-15)
(-137.4758052 -78.55696806 -3.104559316e-15)
(-137.9009818 -78.81567312 -3.514001576e-15)
(-138.3185926 -79.07047471 -2.829614358e-15)
(-138.7287109 -79.32119438 -1.822613438e-15)
(-139.131302 -79.56742033 -1.289465649e-15)
(-139.526183 -79.80859209 -1.953245445e-15)
(-139.9130842 -80.04417348 -2.576716427e-15)
(-140.2917062 -80.27379343 -3.008857845e-15)
(-140.6617708 -80.49730887 -3.007601047e-15)
(-141.023104 -80.71481361 -3.022423144e-15)
(-141.3756665 -80.92656443 -3.169803702e-15)
(-141.7195156 -81.13285561 -3.806292272e-15)
(-142.0548062 -81.33395597 -4.815246877e-15)
(-142.3817208 -81.53005454 -3.975924797e-15)
(-142.7004419 -81.72127236 -3.471083165e-15)
(-143.0111701 -81.90771578 -3.169344066e-15)
(-143.3140881 -82.08947974 -3.703370653e-15)
(-143.609389 -82.26667351 -4.495368371e-15)
(-143.897267 -82.43941209 -4.948972359e-15)
(-144.1778891 -82.6077923 -4.92308527e-15)
(-144.4514227 -82.77190909 -4.132710617e-15)
(-144.7180442 -82.93186576 -3.789384226e-15)
(-144.9779138 -83.08775707 -3.879235855e-15)
(-145.2312093 -83.23968963 -5.451629927e-15)
(-145.478092 -83.38775956 -4.491318791e-15)
(-145.7187069 -83.53205337 -4.339529279e-15)
(-145.9532166 -83.67267435 -3.827153862e-15)
(-146.1817705 -83.80972334 -3.69776788e-15)
(-146.40454 -83.94332072 -4.111516653e-15)
(-146.6216851 -84.07358186 -3.491231101e-15)
(-146.8333536 -84.20061153 -3.985573502e-15)
(-147.0397124 -84.32452185 -3.654307704e-15)
(-147.2409123 -84.4454062 -3.350178269e-15)
(-147.4371141 -84.5633559 -3.764510166e-15)
(-147.6284767 -84.67845556 -4.795585891e-15)
(-147.8151247 -84.79076748 -4.042760958e-15)
(-147.993934 -84.90563537 -3.986645568e-15)
)
;
    }
    outlet
    {
        type            calculated;
        value           uniform (0 0 0);
    }
    front
    {
        type            wedge;
    }
    back
    {
        type            wedge;
    }
}


// ************************************************************************* //
