/*--------------------------------*- C++ -*----------------------------------*\
| =========                 |                                                 |
| \\      /  F ield         | OpenFOAM: The Open Source CFD Toolbox           |
|  \\    /   O peration     | Version:  v1706                                 |
|   \\  /    A nd           | Web:      www.OpenFOAM.com                      |
|    \\/     M anipulation  |                                                 |
\*---------------------------------------------------------------------------*/
FoamFile
{
    version     2.0;
    format      ascii;
    class       volScalarField;
    location    "0.00073";
    object      wallHeatFlux;
}
// * * * * * * * * * * * * * * * * * * * * * * * * * * * * * * * * * * * * * //

dimensions      [1 0 -3 0 0 0 0];


internalField   uniform 0;

boundaryField
{
    inlet
    {
        type            calculated;
        value           uniform 0;
    }
    object
    {
        type            calculated;
        value           nonuniform List<scalar> 
300
(
638153.6482
639478.2225
639953.0941
640206.8256
640345.6275
640409.3538
640418.2557
640384.4755
640316.0489
640218.6155
640096.2689
639952.031
639788.1429
639606.2671
639407.6256
639193.1059
638963.3419
638718.7773
638459.7114
638186.3369
637898.7752
637597.0904
637281.3067
636951.4337
636607.452
636249.35
635877.0969
635490.6783
635090.0714
634675.2565
634246.2251
633802.964
633345.473
632873.7404
632387.7702
631887.5488
631373.0722
630844.3225
630301.2741
629743.8864
629172.1008
628585.8364
627984.9801
627369.3916
626738.889
626093.2459
625432.197
624755.4421
624062.6441
623353.4711
622627.5974
621884.7649
621124.8141
620347.7096
619553.5609
618742.6291
617915.3063
617072.116
616213.6805
615340.7234
614454.0041
613554.3401
612642.5427
611719.4268
610785.7714
609842.3127
608889.7459
607928.6895
606959.7044
605983.2782
604999.8271
604009.7104
603013.2117
602010.5476
601001.887
599987.3502
598966.9883
597940.8235
596908.8326
595870.9468
594827.0553
593776.9938
592720.5435
591657.3891
590587.1057
589509.0955
588422.5354
587326.3452
586219.1762
585099.5929
583966.2776
582818.2484
581654.8837
580475.8448
579281.0011
578070.4077
576844.323
575603.1913
574347.4209
573077.5903
571794.5987
570499.6216
569193.5167
567877.2581
566552.2334
565219.995
563881.1495
562536.2537
561186.7321
559832.5201
558471.7376
557103.493
555728.9633
554344.7129
552950.0757
551547.9227
550127.3781
548701.853
547254.1988
545749.8836
544276.1194
542836.9604
541402.1716
539967.741
538532.0703
537094.5798
535655.2134
534214.1235
532771.4725
531327.2111
529881.0052
528432.22
526979.9159
525522.974
524060.2267
522590.5208
521112.8696
519626.5559
518131.1567
516626.5814
515113.0761
513591.1909
512061.7534
510525.766
508984.3329
507438.5857
505889.6008
504338.2741
502785.3213
501231.2079
499676.1595
498120.1714
496563.0555
495004.4774
493444.0306
491881.2829
490315.8335
488747.35
487175.6038
485600.4706
484021.9359
482440.0749
480855.0447
479267.0481
477676.2935
476083.0169
474487.4144
472889.6638
471289.9022
469688.2491
468084.7909
466479.5819
464872.6574
463264.0549
461653.8025
460041.9293
458428.4843
456813.502
455197.0374
453579.1408
451959.8605
450339.2654
448717.4044
447094.338
445470.1253
443844.8184
442218.4783
440591.1505
438962.8973
437333.7601
435703.7908
434073.0439
432441.5634
430809.3976
429176.5928
427543.1945
425909.2505
424274.8489
422640.0951
421009.6529
418267.7275
416849.204
415167.1279
413176.6595
411080.5019
409022.4336
407082.7362
405298.1635
403673.2813
402189.6244
400816.2932
399519.7285
398270.5437
397046.7353
395834.1811
394625.8182
393419.9393
392217.8534
391021.574
389831.6114
388645.4994
387457.5078
386259.1015
385040.2147
383790.7033
382501.4921
381165.466
379777.8099
378335.8686
376838.9618
375287.7984
373683.6948
372027.7943
370320.1403
368559.293
366742.524
364866.4699
362928.333
360926.8425
358863.0074
356740.3262
354564.3931
352342.3031
350081.8428
347790.6491
345475.7864
343143.4671
340798.8934
338446.419
336089.625
333731.6005
331375.2067
329023.2566
326678.6688
324344.5379
322024.0657
319720.6485
317437.7531
315178.684
312946.3835
310743.008
308569.7343
306426.7526
304313.4528
302229.0017
300172.8518
298145.3048
296147.7642
294182.5164
292252.3172
290359.7644
288506.6808
286693.9727
284921.6698
283189.1719
281495.6622
279840.2633
278222.1908
276640.7685
275095.326
273585.2185
272109.8079
270668.3945
269260.3288
267884.9813
266541.6974
265229.8673
263948.8391
262697.9632
261476.605
260284.0806
259119.7157
257982.7612
256872.4546
255788.0636
254728.8569
253694.1675
252683.3874
251695.8937
250731.1718
)
;
    }
    outlet
    {
        type            calculated;
        value           uniform 0;
    }
    front
    {
        type            wedge;
    }
    back
    {
        type            wedge;
    }
}


// ************************************************************************* //
