/*--------------------------------*- C++ -*----------------------------------*\
| =========                 |                                                 |
| \\      /  F ield         | OpenFOAM: The Open Source CFD Toolbox           |
|  \\    /   O peration     | Version:  v1706                                 |
|   \\  /    A nd           | Web:      www.OpenFOAM.com                      |
|    \\/     M anipulation  |                                                 |
\*---------------------------------------------------------------------------*/
FoamFile
{
    version     2.0;
    format      ascii;
    class       volVectorField;
    location    "0.00073";
    object      wallShearStress;
}
// * * * * * * * * * * * * * * * * * * * * * * * * * * * * * * * * * * * * * //

dimensions      [1 -1 -2 0 0 0 0];


internalField   uniform (0 0 0);

boundaryField
{
    inlet
    {
        type            calculated;
        value           uniform (0 0 0);
    }
    object
    {
        type            calculated;
        value           nonuniform List<vector> 
300
(
(-5.443240751 -0.8723655808 1.662859418e-15)
(-5.136062137 -1.42378493 -4.712237925e-15)
(-5.138710897 -2.193613194 -1.872089856e-15)
(-5.12293024 -2.989245843 1.04562225e-15)
(-5.106381774 -3.784457945 2.791352281e-14)
(-5.092384006 -4.571345771 4.935774634e-14)
(-5.083159898 -5.346768379 5.777798125e-14)
(-5.080517641 -6.109515505 7.134903995e-14)
(-5.085909638 -6.859392416 9.356384583e-14)
(-5.100438517 -7.596803467 7.675106354e-14)
(-5.124878234 -8.322510899 5.504719599e-14)
(-5.159712674 -9.037475743 4.042275753e-14)
(-5.205184211 -9.742747721 3.161500418e-14)
(-5.261344812 -10.43938919 2.940954992e-14)
(-5.328104331 -11.1284241 2.938105212e-14)
(-5.405272926 -11.81080569 2.092735585e-14)
(-5.49259631 -12.4873981 1.810401362e-14)
(-5.589783633 -13.15896798 8.88181442e-15)
(-5.696528566 -13.826183 4.399565928e-15)
(-5.812524571 -14.48961498 6.692664493e-15)
(-5.937475457 -15.14974618 1.03329105e-14)
(-6.071102003 -15.80697677 3.645436381e-15)
(-6.213145855 -16.46163326 -3.122426198e-15)
(-6.36337147 -17.11397739 -1.073852087e-14)
(-6.52156628 -17.7642138 -1.23077397e-14)
(-6.687540374 -18.41249864 -3.60346046e-15)
(-6.861125088 -19.05894587 2.554212851e-15)
(-7.04217186 -19.70363468 9.787545931e-15)
(-7.23055043 -20.34661464 1.412465044e-14)
(-7.426147358 -20.98791124 1.00889256e-14)
(-7.628864936 -21.62753082 1.02314932e-14)
(-7.838619532 -22.26546438 1.071444002e-14)
(-8.055341258 -22.90169201 1.09109149e-14)
(-8.278972681 -23.53618572 9.795997001e-15)
(-8.509469025 -24.16891367 8.383981349e-15)
(-8.74679766 -24.79984238 8.133588998e-15)
(-8.990938706 -25.42894089 8.325520783e-15)
(-9.241885257 -26.05618327 8.878806175e-15)
(-9.499644299 -26.68155222 1.116516728e-14)
(-9.764237529 -27.30504251 8.821109395e-15)
(-10.03570232 -27.92666465 9.249329038e-15)
(-10.31409258 -28.54644888 5.245942753e-15)
(-10.5994789 -29.16444901 8.084778986e-15)
(-10.89194821 -29.78074694 4.229267929e-15)
(-11.19160143 -30.3954559 2.852617134e-15)
(-11.49854902 -31.00872326 4.21974217e-15)
(-11.81290337 -31.62073172 6.982742967e-15)
(-12.13476698 -32.23169709 8.545134982e-15)
(-12.46421559 -32.84186037 9.336134658e-15)
(-12.80127818 -33.45147396 1.023951475e-14)
(-13.14591459 -34.0607759 9.271321886e-15)
(-13.49799994 -34.66995671 9.568544181e-15)
(-13.85732233 -35.27912073 1.046622153e-14)
(-14.22359734 -35.88825706 1.294088617e-14)
(-14.59649042 -36.49722876 1.103671225e-14)
(-14.97563897 -37.10577439 9.344705059e-15)
(-15.36067296 -37.71351699 8.717768796e-15)
(-15.75123395 -38.31998128 8.76234579e-15)
(-16.14699042 -38.92461421 9.709158431e-15)
(-16.54764995 -39.52681058 1.249407547e-14)
(-16.95296452 -40.12593573 1.505277814e-14)
(-17.36273512 -40.72135113 1.267924073e-14)
(-17.77680912 -41.31243354 1.046413332e-14)
(-18.19507761 -41.89859349 8.550493997e-15)
(-18.6174693 -42.47928747 7.491077644e-15)
(-19.04394444 -43.05402751 7.004140882e-15)
(-19.47448847 -43.62238783 7.337008675e-15)
(-19.90910489 -44.18400542 6.62107342e-15)
(-20.34781033 -44.73858129 5.834417499e-15)
(-20.79062957 -45.28587741 3.777089755e-15)
(-21.23759163 -45.82571323 4.497370009e-15)
(-21.68872721 -46.35796208 7.464236792e-15)
(-22.14406574 -46.88254432 9.542157859e-15)
(-22.60363397 -47.39942204 1.020775267e-14)
(-23.06745621 -47.90859437 7.669623806e-15)
(-23.53555338 -48.41009268 4.803279466e-15)
(-24.00794229 -48.90397322 2.430021901e-15)
(-24.48463864 -49.39031499 2.127916596e-15)
(-24.96565765 -49.8692158 2.907519866e-15)
(-25.4510165 -50.34078934 3.601550753e-15)
(-25.94073917 -50.80516376 3.66748882e-15)
(-26.43486254 -51.26248246 3.134152561e-15)
(-26.93344615 -51.71290863 2.713586374e-15)
(-27.43658469 -52.15663109 1.948087221e-15)
(-27.94442622 -52.59388047 1.50190781e-15)
(-28.4571896 -53.02495201 8.339750481e-16)
(-28.97517557 -53.45023898 4.6780904e-16)
(-29.49875306 -53.87027039 2.792316991e-16)
(-30.02829839 -54.28571997 1.320467011e-15)
(-30.56409607 -54.69735698 2.245830158e-15)
(-31.10626138 -55.10590569 2.762326014e-15)
(-31.65474575 -55.51192185 1.667538521e-15)
(-32.20939748 -55.91574566 7.569414802e-16)
(-32.7700245 -56.31753488 8.722546383e-17)
(-33.33641346 -56.71732408 9.353463878e-16)
(-33.90831621 -57.11503438 1.017908765e-15)
(-34.48546531 -57.51046711 2.257548145e-15)
(-35.06762871 -57.90333773 1.00628893e-15)
(-35.65458798 -58.29337882 2.430741976e-16)
(-36.24604593 -58.68028303 -2.725139993e-16)
(-36.84162428 -59.0636081 -4.959447779e-16)
(-37.44102137 -59.44274893 -7.374468718e-16)
(-38.04403698 -59.81726361 -6.030278312e-16)
(-38.65034228 -60.18672505 -6.913582965e-16)
(-39.25951695 -60.55053322 -8.767569368e-16)
(-39.87134682 -60.90792839 -3.287749037e-16)
(-40.48586634 -61.25859025 6.691390403e-16)
(-41.10284438 -61.60234648 9.5739743e-16)
(-41.7221013 -61.93854968 3.734151818e-16)
(-42.34417595 -62.26702167 1.709959552e-16)
(-42.96965581 -62.58856107 1.034850715e-15)
(-43.59833656 -62.90380281 2.498691911e-15)
(-44.2303299 -63.21217596 8.095289556e-16)
(-44.86659967 -63.51499935 1.195360545e-15)
(-45.5064652 -63.81299086 3.275185068e-15)
(-46.15056814 -64.10442198 3.888552499e-15)
(-46.7999866 -64.39416793 4.008398218e-15)
(-47.45246551 -64.67672581 3.630942722e-15)
(-48.11685784 -64.95388673 3.12343068e-15)
(-48.79425878 -65.24480332 1.583121176e-15)
(-49.45973615 -65.52376837 1.573568596e-15)
(-50.1200942 -65.78176667 2.458233503e-15)
(-50.78310736 -66.02714742 2.203178365e-15)
(-51.44708949 -66.26358317 2.334689587e-15)
(-52.11207878 -66.49199911 1.660745448e-15)
(-52.77809671 -66.71270398 6.049347978e-16)
(-53.44514051 -66.92573035 -3.393246402e-16)
(-54.11321303 -67.13100389 -1.541695213e-15)
(-54.78235477 -67.32844204 -1.427661709e-15)
(-55.45266817 -67.51804117 -1.108786757e-15)
(-56.12431775 -67.69992117 -8.401200272e-16)
(-56.79751875 -67.87433049 -6.989788951e-16)
(-57.4725167 -68.04164484 1.071516466e-15)
(-58.14955545 -68.20231617 4.337578858e-16)
(-58.82885816 -68.35683102 1.37513079e-15)
(-59.51059995 -68.50565596 1.809067359e-15)
(-60.19489377 -68.64919053 1.767069005e-15)
(-60.88178305 -68.78772468 1.012891302e-15)
(-61.57124188 -68.92142626 9.778652845e-16)
(-62.26317589 -69.05032438 9.883348882e-16)
(-62.95743136 -69.17431267 8.721734997e-16)
(-63.65380682 -69.29316604 7.330094248e-16)
(-64.35206931 -69.40656275 5.818454964e-16)
(-65.05196848 -69.51411554 3.905560869e-16)
(-65.75325286 -69.61540153 -5.306952435e-16)
(-66.45568927 -69.71000581 -1.097754433e-15)
(-67.15907623 -69.79755288 -1.177175234e-15)
(-67.86324853 -69.87773906 -1.009382946e-15)
(-68.56808524 -69.95034583 -1.12520047e-15)
(-69.27350898 -70.01526318 -1.513736024e-15)
(-69.97947901 -70.07247503 -1.255349107e-15)
(-70.68598489 -70.12205715 -1.283225956e-15)
(-71.39303759 -70.16415649 -1.717257678e-15)
(-72.10065763 -70.19896739 -1.33838694e-15)
(-72.80886744 -70.22670722 -2.441165705e-15)
(-73.51768149 -70.24758963 -2.002929219e-15)
(-74.2271024 -70.26180664 -2.000655397e-15)
(-74.9371177 -70.26951579 -1.944284845e-15)
(-75.64769735 -70.27082157 -1.058790249e-15)
(-76.35879652 -70.26578301 -8.943908054e-16)
(-77.07035914 -70.25441391 -1.501301048e-15)
(-77.78231968 -70.23669004 -1.061292764e-15)
(-78.4946082 -70.21255872 -7.15432865e-16)
(-79.20715463 -70.18195492 -8.907894565e-16)
(-79.91988818 -70.14480789 -8.520193611e-16)
(-80.6327441 -70.10105279 -1.246352188e-15)
(-81.34565711 -70.0506345 -1.829686502e-15)
(-82.05856987 -69.99351391 -2.5009256e-15)
(-82.77142753 -69.92966749 -2.142583811e-15)
(-83.48417828 -69.85909112 -1.909028631e-15)
(-84.19677231 -69.78178553 -1.880534044e-15)
(-84.9091638 -69.69776877 -1.793234318e-15)
(-85.62130404 -69.60706848 -1.327731146e-15)
(-86.33314302 -69.5097102 -9.252318045e-16)
(-87.04462947 -69.40572316 -6.394797603e-16)
(-87.75570976 -69.29512723 -3.287070189e-16)
(-88.46633344 -69.17794543 -4.427824568e-16)
(-89.17644631 -69.05419318 -5.488312906e-16)
(-89.88599718 -68.92388498 -9.530216311e-16)
(-90.59493347 -68.78703241 -1.380750113e-15)
(-91.30320246 -68.64364598 -1.278821806e-15)
(-92.01075513 -68.49373603 -4.754882666e-16)
(-92.71753845 -68.33731075 -4.296962258e-16)
(-93.4235027 -68.17438117 -6.239752977e-16)
(-94.12859815 -68.0049574 -6.770235829e-16)
(-94.83277391 -67.82905014 -5.887621187e-16)
(-95.53598191 -67.64667225 -1.032918701e-15)
(-96.23817103 -67.45783552 -1.378068135e-15)
(-96.93929318 -67.26255124 -1.113050724e-15)
(-97.63929824 -67.06083677 -9.353195248e-16)
(-98.3381374 -66.85270293 -7.00635498e-16)
(-99.03576269 -66.63816583 -6.62275847e-16)
(-99.7321253 -66.41724195 -6.322074799e-16)
(-100.4271767 -66.18994446 -7.655628166e-16)
(-101.1208697 -65.95629369 -8.003615452e-16)
(-101.8131557 -65.71630164 -7.426067511e-16)
(-102.5039988 -65.47000019 -1.218149656e-15)
(-103.1933121 -65.21745006 -1.153147066e-15)
(-103.8810514 -64.95897856 -1.065324736e-15)
(-104.577813 -64.75457316 -1.002536624e-15)
(-108.0706027 -62.76306479 -9.575575882e-16)
(-109.7263548 -62.37119307 -6.975439968e-17)
(-110.6951242 -62.60541924 -4.160466862e-15)
(-111.4562898 -63.0270558 -1.314059675e-15)
(-112.1346606 -63.45835754 -4.470081358e-16)
(-112.7601948 -63.85230141 4.68169299e-17)
(-113.3363896 -64.20071692 -1.251020602e-15)
(-113.8625267 -64.50621546 -1.983987259e-15)
(-114.3403742 -64.7754529 -1.671956512e-15)
(-114.7752642 -65.01693125 -5.057985576e-16)
(-115.1749989 -65.23920474 -1.607045289e-15)
(-115.5481097 -65.44941764 -2.899230941e-15)
(-115.9024193 -65.65265272 -2.004134647e-15)
(-116.24425 -65.85199938 -3.041691831e-15)
(-116.5781159 -66.04892127 -2.147474965e-15)
(-116.9068201 -66.24371918 -1.76084301e-15)
(-117.2317628 -66.43598582 -1.531397152e-15)
(-117.5533891 -66.62506167 -1.838501599e-15)
(-117.8717461 -66.8104995 -2.379478843e-15)
(-118.1869938 -66.99240598 -2.924772285e-15)
(-118.4997432 -67.17156898 -1.264917635e-15)
(-118.8112384 -67.34940376 -2.49402089e-15)
(-119.1232797 -67.52770277 -3.512455906e-15)
(-119.4380134 -67.70833901 -2.97687172e-15)
(-119.7576893 -67.8930115 -2.125614339e-15)
(-120.0843715 -68.08304344 -2.813860044e-15)
(-120.4197637 -68.27931774 -3.321686046e-15)
(-120.7650926 -68.48228399 -2.109840936e-15)
(-121.1210635 -68.692012 -2.460071331e-15)
(-121.4879277 -68.9083086 -2.673837752e-15)
(-121.8656 -69.13084973 -2.744092813e-15)
(-122.2537768 -69.35931621 -3.483718579e-15)
(-122.6521384 -69.59357588 -4.446705399e-15)
(-123.0604892 -69.83379258 -3.24008747e-15)
(-123.4788584 -70.08045469 -3.256997896e-15)
(-123.9075327 -70.33428631 -3.602060045e-15)
(-124.3469259 -70.59601673 -3.31774998e-15)
(-124.7974191 -70.86615257 -2.845228054e-15)
(-125.2591354 -71.14476697 -2.963830093e-15)
(-125.7317941 -71.43142356 -3.551038903e-15)
(-126.214686 -71.72524158 -2.82203368e-15)
(-126.7066788 -72.02501493 -2.851419827e-15)
(-127.2063441 -72.32940401 -3.277306883e-15)
(-127.7120872 -72.6370974 -3.422707589e-15)
(-128.2222653 -72.94691806 -3.289368673e-15)
(-128.7353264 -73.2579064 -2.940517255e-15)
(-129.2498785 -73.56933277 -2.660882559e-15)
(-129.7647082 -73.88065192 -3.18642239e-15)
(-130.2788141 -74.191472 -3.840161956e-15)
(-130.7913548 -74.5014782 -2.878317099e-15)
(-131.3016101 -74.81038107 -2.940041935e-15)
(-131.808972 -75.11789467 -3.434602186e-15)
(-132.3128636 -75.42368324 -4.099634454e-15)
(-132.8127468 -75.72736823 -3.200596459e-15)
(-133.308089 -76.02852284 -4.261321512e-15)
(-133.7983267 -76.3266635 -3.569921707e-15)
(-134.2828887 -76.62128443 -3.500757389e-15)
(-134.7612148 -76.91189413 -4.560985167e-15)
(-135.2327554 -77.19804634 -3.347939519e-15)
(-135.6970392 -77.47942428 -3.758638082e-15)
(-136.1536877 -77.7558833 -4.058252422e-15)
(-136.6024524 -78.02748146 -3.703758784e-15)
(-137.0432642 -78.29447023 -3.2430876e-15)
(-137.4761832 -78.55717748 -4.27350271e-15)
(-137.9013755 -78.81588971 -4.414191125e-15)
(-138.3190018 -79.07069889 -4.072378633e-15)
(-138.7291361 -79.32142709 -3.221081206e-15)
(-139.1317438 -79.56766291 -2.067210616e-15)
(-139.5266427 -79.80884603 -2.840227761e-15)
(-139.9135631 -80.04444014 -3.567574282e-15)
(-140.2922061 -80.27407382 -3.674905008e-15)
(-140.6622931 -80.49760352 -3.359759491e-15)
(-141.0236502 -80.71512264 -3.554180659e-15)
(-141.3762376 -80.92688771 -3.874488012e-15)
(-141.7201125 -81.13319293 -4.619455731e-15)
(-142.0554296 -81.3343072 -5.047805115e-15)
(-142.3823712 -81.53041971 -4.16001718e-15)
(-142.7011198 -81.72165168 -3.731788198e-15)
(-143.0118761 -81.90810965 -3.34656724e-15)
(-143.3148229 -82.08988879 -3.785168308e-15)
(-143.6101534 -82.26709854 -4.609558461e-15)
(-143.8980621 -82.43985409 -4.779006567e-15)
(-144.1787161 -82.60825239 -4.963446097e-15)
(-144.452283 -82.77238843 -3.950681725e-15)
(-144.7189395 -82.9323655 -3.490212414e-15)
(-144.9788459 -83.08827832 -3.522795227e-15)
(-145.23218 -83.24023351 -5.06471487e-15)
(-145.4791033 -83.38832718 -4.01802211e-15)
(-145.7197609 -83.53264588 -3.832967151e-15)
(-145.9543155 -83.67329289 -3.542120777e-15)
(-146.1829164 -83.81036905 -3.359045575e-15)
(-146.4057352 -83.94399464 -3.796781525e-15)
(-146.6229318 -84.07428493 -3.059506053e-15)
(-146.8346541 -84.20134458 -3.466971688e-15)
(-147.0410687 -84.32528559 -3.01969589e-15)
(-147.2423266 -84.44620132 -2.685885205e-15)
(-147.4385883 -84.56418311 -2.795777642e-15)
(-147.6300129 -84.67931567 -3.827351725e-15)
(-147.8167248 -84.79166147 -2.992147382e-15)
(-147.995599 -84.90656648 -2.646652293e-15)
)
;
    }
    outlet
    {
        type            calculated;
        value           uniform (0 0 0);
    }
    front
    {
        type            wedge;
    }
    back
    {
        type            wedge;
    }
}


// ************************************************************************* //
