/*--------------------------------*- C++ -*----------------------------------*\
| =========                 |                                                 |
| \\      /  F ield         | OpenFOAM: The Open Source CFD Toolbox           |
|  \\    /   O peration     | Version:  v1706                                 |
|   \\  /    A nd           | Web:      www.OpenFOAM.com                      |
|    \\/     M anipulation  |                                                 |
\*---------------------------------------------------------------------------*/
FoamFile
{
    version     2.0;
    format      ascii;
    class       volVectorField;
    location    "0.00161";
    object      wallShearStress;
}
// * * * * * * * * * * * * * * * * * * * * * * * * * * * * * * * * * * * * * //

dimensions      [1 -1 -2 0 0 0 0];


internalField   uniform (0 0 0);

boundaryField
{
    inlet
    {
        type            calculated;
        value           nonuniform 0();
    }
    object
    {
        type            calculated;
        value           nonuniform List<vector> 
204
(
(-10.58896733 -29.08144807 -2.360525939e-16)
(-10.64545735 -29.09800167 1.288954406e-17)
(-10.69725952 -29.10887131 1.271480122e-16)
(-10.73967191 -29.11349069 4.770558629e-16)
(-10.77419093 -29.12076233 -8.87579105e-17)
(-10.80173238 -29.13963231 -2.354832114e-16)
(-10.82527941 -29.17373349 1.294787073e-16)
(-10.84745165 -29.21812993 1.382126478e-16)
(-10.8692861 -29.26891792 -8.419838254e-18)
(-10.89147037 -29.32417346 6.36390561e-17)
(-10.91430832 -29.38277464 6.36941257e-16)
(-10.93787139 -29.44417152 1.398978012e-15)
(-10.9621534 -29.50800297 1.726988313e-15)
(-10.98707246 -29.57403974 1.374217813e-15)
(-11.01263364 -29.64205293 9.923554207e-16)
(-11.03884084 -29.71194557 6.281045649e-16)
(-11.06565004 -29.78362782 2.907350735e-16)
(-11.09310806 -29.85700639 9.045524302e-17)
(-11.12119898 -29.93210757 1.260254404e-16)
(-11.14979063 -30.00889725 2.125390104e-16)
(-11.17886065 -30.08720281 3.012273161e-17)
(-11.20859319 -30.16696942 1.449860842e-16)
(-11.23894704 -30.24832921 3.242069516e-16)
(-11.26982749 -30.33127898 3.78859411e-16)
(-11.30112384 -30.41571454 1.957369538e-16)
(-11.33290846 -30.50150381 1.264423066e-16)
(-11.36521879 -30.58866293 8.65191843e-17)
(-11.39804992 -30.67718829 1.535063715e-16)
(-11.43139438 -30.7670774 3.34575706e-16)
(-11.46523951 -30.85832122 2.415330268e-16)
(-11.49957565 -30.95090606 -5.786699096e-17)
(-11.53440159 -31.04482154 -3.917313164e-16)
(-11.56972058 -31.1400689 -3.312271287e-16)
(-11.60553328 -31.2366527 -3.528368829e-16)
(-11.6418405 -31.33458307 -1.441152267e-16)
(-11.67864911 -31.43387682 -2.193251626e-17)
(-11.71596846 -31.53456481 -6.415392965e-17)
(-11.75378256 -31.63672858 -4.24657273e-16)
(-11.79174787 -31.74026987 -2.204611353e-16)
(-11.83049821 -31.84466805 -1.844840285e-17)
(-11.87019318 -31.95062356 1.061172158e-16)
(-11.91022529 -32.05849352 6.959803381e-17)
(-11.95068184 -32.16784981 2.728033839e-16)
(-11.99169776 -32.27870455 -1.24488963e-16)
(-12.03331934 -32.3911222 -1.829253726e-16)
(-12.07560224 -32.5052235 2.077905352e-17)
(-12.11812175 -32.62101354 5.285161469e-17)
(-12.16174294 -32.73801154 2.909383675e-16)
(-12.20574445 -32.85703286 2.855719655e-16)
(-12.25064766 -32.97735871 -2.754749747e-17)
(-12.29629533 -33.09988824 -6.955416753e-17)
(-12.34248228 -33.22430846 -1.825286342e-16)
(-12.38939657 -33.35058596 -2.17002628e-17)
(-12.4371001 -33.4788264 3.597954547e-17)
(-12.48560129 -33.6091112 1.062811653e-16)
(-12.53495869 -33.74153727 1.455424048e-16)
(-12.58505716 -33.87626469 1.642512552e-16)
(-12.63574323 -34.01307039 4.05381518e-16)
(-12.68787268 -34.15179416 2.141282889e-16)
(-12.74072239 -34.29339557 1.796661341e-16)
(-12.79503681 -34.43719999 3.776314706e-17)
(-12.85055634 -34.58439967 1.130193367e-16)
(-12.90651031 -34.7346922 9.455286189e-17)
(-12.96412811 -34.88729533 -2.194472835e-17)
(-13.02333784 -35.04361801 1.775406419e-17)
(-13.08382842 -35.20368452 8.252459956e-17)
(-13.14574586 -35.3674571 2.704247836e-16)
(-13.20928019 -35.53515234 2.862577409e-16)
(-13.27454988 -35.70704024 1.518883045e-16)
(-13.34168678 -35.8834089 2.420011796e-16)
(-13.41066697 -36.06461472 1.450254132e-16)
(-13.48138408 -36.25077634 1.278888397e-16)
(-13.55401047 -36.44173589 7.392875757e-17)
(-13.62967306 -36.63775587 1.983956579e-16)
(-13.70815838 -36.84026898 1.454911543e-17)
(-13.7891596 -37.04959258 6.301526442e-17)
(-13.87273455 -37.2659338 3.499644247e-16)
(-13.95922718 -37.48947144 4.71879204e-16)
(-14.0489547 -37.72068404 2.794307185e-16)
(-14.14212272 -37.96011643 8.755340965e-17)
(-14.23899482 -38.20836149 1.505028289e-16)
(-14.33948148 -38.46627496 2.096588412e-16)
(-14.44294009 -38.73383849 7.693558451e-16)
(-14.55178387 -39.01031089 4.589043223e-16)
(-14.66602488 -39.2989783 2.49137256e-16)
(-14.78525941 -39.60017267 4.475019226e-16)
(-14.91047234 -39.91455923 2.214641574e-16)
(-15.04174262 -40.24386128 1.522110355e-16)
(-15.17941018 -40.58884658 -4.012307934e-17)
(-15.32483652 -40.95058483 -3.568376534e-16)
(-15.47866809 -41.33133323 -4.249271268e-16)
(-15.64141792 -41.73311398 -2.125924159e-16)
(-15.81355695 -42.15773317 -5.342222898e-16)
(-15.99738244 -42.60665966 -6.348170175e-16)
(-16.19424304 -43.08393267 -1.821135568e-16)
(-16.4052048 -43.59309325 -2.346189018e-17)
(-16.63326818 -44.13743979 9.529116304e-17)
(-16.88094432 -44.72300959 3.120723728e-16)
(-17.15304677 -45.35619486 2.777572926e-16)
(-17.45358373 -46.04694428 1.966079565e-16)
(-17.79364246 -46.80538664 2.474014989e-16)
(-18.18515132 -47.65243441 2.586272444e-16)
(-18.66532055 -48.60609139 2.905323392e-16)
(-19.32836841 -49.69048592 2.509044719e-16)
(-20.24326762 -50.73276804 2.612621643e-16)
(-21.11340502 -51.70162747 1.971038364e-16)
(-21.99317227 -52.54943787 1.527266249e-16)
(-22.89363524 -53.27140325 2.096254629e-16)
(-23.8024706 -53.88424602 1.942697149e-16)
(-24.71884159 -54.40124825 1.238409971e-16)
(-25.63940356 -54.84388308 1.0344311e-16)
(-26.55965484 -55.21997156 1.483343647e-16)
(-27.47816467 -55.54004233 -5.302525369e-17)
(-28.39139832 -55.80803891 7.0614873e-17)
(-29.30203879 -56.02342143 1.628032422e-16)
(-30.21235052 -56.19646403 2.395463134e-16)
(-31.11904901 -56.33274159 2.618403809e-16)
(-32.01777677 -56.43281734 2.319582859e-16)
(-32.90708581 -56.49183796 1.503799237e-16)
(-33.79163255 -56.51076604 -4.033362849e-17)
(-34.67498024 -56.50020821 3.812789827e-17)
(-35.55173642 -56.46272334 1.715675183e-16)
(-36.41774749 -56.39630754 1.944368559e-16)
(-37.2727508 -56.29529828 1.518066402e-16)
(-38.12004902 -56.16563915 9.374107846e-17)
(-38.96146052 -55.99913916 7.190159495e-17)
(-39.84110785 -55.83415357 1.313623743e-17)
(-40.68816244 -55.65470183 1.357450618e-16)
(-41.50886676 -55.4375318 1.464436209e-16)
(-42.31231521 -55.18689689 1.045524515e-16)
(-43.11013172 -54.91220189 1.28701944e-17)
(-43.89826416 -54.61689492 -5.309216588e-17)
(-44.67196598 -54.29954305 2.423080054e-17)
(-45.43156278 -53.95860406 -1.776043742e-17)
(-46.17799929 -53.59136027 9.598885719e-17)
(-46.91524511 -53.2064756 2.901905841e-16)
(-47.63761387 -52.79983927 2.621658043e-16)
(-48.34883346 -52.37646068 3.442917519e-16)
(-49.04575041 -51.93671339 1.462556005e-16)
(-49.72630049 -51.47413784 2.117214643e-16)
(-50.39350778 -50.99360304 7.505158357e-17)
(-51.04567239 -50.49627229 1.33267259e-16)
(-51.68276303 -49.98395039 1.693059064e-16)
(-52.30432187 -49.45271797 1.949833582e-16)
(-52.91214532 -48.90628642 3.344709136e-16)
(-53.50507216 -48.34187961 3.216109965e-16)
(-54.08640538 -47.76679477 3.016002025e-16)
(-54.65237463 -47.18016416 1.635268662e-16)
(-55.20295363 -46.57936048 7.862279242e-17)
(-55.73962289 -45.96837332 1.906330328e-16)
(-56.2596756 -45.34361999 2.824019369e-16)
(-56.76599949 -44.70915033 2.656065711e-16)
(-57.25724705 -44.0636116 1.983358488e-16)
(-57.73403841 -43.40955117 1.752706323e-16)
(-58.19515479 -42.74435709 7.72247141e-17)
(-58.64183667 -42.07097693 1.269934805e-16)
(-59.07392 -41.38773841 2.437072506e-16)
(-59.49292975 -40.69950229 3.199972653e-16)
(-59.8966527 -40.00222645 3.413166288e-16)
(-60.28687902 -39.30005294 2.760060602e-16)
(-60.66255702 -38.58922434 3.587596624e-16)
(-61.02587549 -37.87638901 2.395401852e-16)
(-61.37326221 -37.1538323 2.148066198e-16)
(-61.70947376 -36.43004535 3.051641602e-16)
(-62.03073735 -35.69945929 2.761423405e-16)
(-62.34021364 -34.9652164 2.350792891e-16)
(-62.63781466 -34.23005023 1.584561675e-16)
(-62.92097828 -33.49038062 1.408698905e-16)
(-63.19165027 -32.74615201 1.406428602e-16)
(-63.4509749 -32.00145369 2.41772208e-16)
(-63.69750829 -31.25278945 2.036517403e-16)
(-63.9333691 -30.50394233 1.646087576e-16)
(-64.15705573 -29.75270124 1.375908703e-16)
(-64.36983161 -29.00148409 1.702270211e-16)
(-64.57076873 -28.24808758 1.530127288e-16)
(-64.76169352 -27.49438184 1.274435826e-16)
(-64.94215651 -26.74055548 1.359667487e-16)
(-65.11216263 -25.98701902 1.749160801e-16)
(-65.27183783 -25.23326735 1.562834272e-16)
(-65.4218291 -24.47994838 8.380936496e-17)
(-65.56210977 -23.72714828 1.310179186e-16)
(-65.69292671 -22.97511286 1.123681797e-16)
(-65.81452988 -22.22381912 1.075334463e-16)
(-65.92720722 -21.47377848 8.389288402e-17)
(-66.03103007 -20.72489563 9.562753395e-17)
(-66.12636718 -19.97746908 1.06556909e-16)
(-66.21340912 -19.23150309 9.09169771e-18)
(-66.29242994 -18.48737274 4.848425396e-17)
(-66.3635459 -17.74494987 -4.196599233e-17)
(-66.42713386 -17.00451943 -2.630640777e-17)
(-66.48337854 -16.26611271 4.401231154e-19)
(-66.5325368 -15.53003756 -3.457514629e-17)
(-66.57473329 -14.79623045 3.056261552e-17)
(-66.61023767 -14.06492894 4.404538469e-17)
(-66.63918578 -13.33605928 6.052327617e-17)
(-66.66182905 -12.60986926 5.340170728e-17)
(-66.67826162 -11.88627788 3.707061087e-17)
(-66.6887183 -11.16552621 1.009762998e-17)
(-66.69327464 -10.44748384 7.473201996e-18)
(-66.69218562 -9.732394458 4.837422338e-17)
(-66.68550748 -9.020104161 4.755482971e-17)
(-66.67350152 -8.310923384 5.127182226e-17)
(-66.65665369 -7.604723291 6.917845736e-17)
(-66.86482641 -6.9754861 5.358380582e-17)
)
;
    }
    outlet
    {
        type            calculated;
        value           uniform (0 0 0);
    }
    front
    {
        type            wedge;
    }
    back
    {
        type            wedge;
    }
    procBoundary3to1
    {
        type            processor;
        value           uniform (0 0 0);
    }
    procBoundary3to2
    {
        type            processor;
        value           uniform (0 0 0);
    }
}


// ************************************************************************* //
