/*--------------------------------*- C++ -*----------------------------------*\
| =========                 |                                                 |
| \\      /  F ield         | OpenFOAM: The Open Source CFD Toolbox           |
|  \\    /   O peration     | Version:  v1706                                 |
|   \\  /    A nd           | Web:      www.OpenFOAM.com                      |
|    \\/     M anipulation  |                                                 |
\*---------------------------------------------------------------------------*/
FoamFile
{
    version     2.0;
    format      ascii;
    class       volVectorField;
    location    "0.00068";
    object      wallShearStress;
}
// * * * * * * * * * * * * * * * * * * * * * * * * * * * * * * * * * * * * * //

dimensions      [1 -1 -2 0 0 0 0];


internalField   uniform (0 0 0);

boundaryField
{
    inlet
    {
        type            calculated;
        value           uniform (0 0 0);
    }
    object
    {
        type            calculated;
        value           nonuniform List<vector> 
300
(
(-5.443240264 -0.8723654969 1.663225591e-15)
(-5.136061689 -1.423784795 -4.601733299e-15)
(-5.138710463 -2.193612992 -1.72247787e-15)
(-5.122929826 -2.989245575 9.083884763e-16)
(-5.106381383 -3.784457618 2.679707596e-14)
(-5.092383638 -4.571345389 4.814562194e-14)
(-5.083159554 -5.34676795 5.721535023e-14)
(-5.08051732 -6.109515035 7.051936188e-14)
(-5.085909338 -6.85939191 9.392267143e-14)
(-5.100438236 -7.59680293 7.684759634e-14)
(-5.12487797 -8.322510337 5.477786871e-14)
(-5.159712424 -9.037475159 3.980489016e-14)
(-5.205183974 -9.742747117 3.089315616e-14)
(-5.261344585 -10.43938857 2.872407462e-14)
(-5.328104111 -11.12842347 2.894490848e-14)
(-5.405272713 -11.81080504 2.034601932e-14)
(-5.492596102 -12.48739744 1.741829003e-14)
(-5.589783427 -13.15896731 8.373390104e-15)
(-5.696528362 -13.82618232 4.106786767e-15)
(-5.812524367 -14.48961429 6.404710528e-15)
(-5.937475252 -15.14974548 1.045711009e-14)
(-6.071101796 -15.80697606 4.117829428e-15)
(-6.213145646 -16.46163254 -2.576536365e-15)
(-6.363371259 -17.11397666 -1.116835315e-14)
(-6.521566065 -17.76421306 -1.308918032e-14)
(-6.687540155 -18.41249789 -3.846564127e-15)
(-6.861124865 -19.0589451 2.189539563e-15)
(-7.042171632 -19.7036339 9.376839522e-15)
(-7.230550198 -20.34661385 1.376580656e-14)
(-7.426147121 -20.98791044 9.858955689e-15)
(-7.628864695 -21.62753 1.030927865e-14)
(-7.838619288 -22.26546356 1.099996963e-14)
(-8.05534101 -22.90169118 1.115188471e-14)
(-8.278972429 -23.53618487 9.782946807e-15)
(-8.50946877 -24.16891281 8.32968961e-15)
(-8.746797403 -24.79984151 8.076594304e-15)
(-8.990938448 -25.42894001 8.198837885e-15)
(-9.241885 -26.05618238 8.875043515e-15)
(-9.499644043 -26.68155133 1.127925208e-14)
(-9.764237276 -27.30504161 9.143652893e-15)
(-10.03570207 -27.92666376 1.039262174e-14)
(-10.31409234 -28.54644798 6.262907438e-15)
(-10.59947867 -29.16444812 9.507329636e-15)
(-10.89194799 -29.78074606 6.715008845e-15)
(-11.19160123 -30.39545503 4.624333174e-15)
(-11.49854884 -31.00872242 5.088233836e-15)
(-11.81290321 -31.6207309 7.221312342e-15)
(-12.13476686 -32.23169631 8.578604987e-15)
(-12.4642155 -32.84185963 9.315547229e-15)
(-12.80127811 -33.45147327 1.024149189e-14)
(-13.14591455 -34.06077527 9.287592863e-15)
(-13.49799993 -34.66995615 9.452248337e-15)
(-13.85732234 -35.27912023 1.053389455e-14)
(-14.22359736 -35.88825663 1.261880954e-14)
(-14.59649045 -36.49722839 1.112358921e-14)
(-14.975639 -37.10577409 9.327790179e-15)
(-15.36067298 -37.71351674 8.701108073e-15)
(-15.75123395 -38.31998107 8.560125039e-15)
(-16.14699038 -38.92461402 9.49379414e-15)
(-16.54764988 -39.52681041 1.232385664e-14)
(-16.9529644 -40.12593556 1.458358868e-14)
(-17.36273495 -40.72135094 1.269554274e-14)
(-17.77680889 -41.31243331 1.044692724e-14)
(-18.19507732 -41.89859322 8.480648493e-15)
(-18.61746895 -42.47928714 7.39190098e-15)
(-19.04394403 -43.0540271 6.946594296e-15)
(-19.474488 -43.62238734 7.260830365e-15)
(-19.90910436 -44.18400482 6.616334739e-15)
(-20.34780973 -44.7385806 5.72668499e-15)
(-20.79062891 -45.2858766 3.597678942e-15)
(-21.23759091 -45.82571231 4.006123874e-15)
(-21.68872644 -46.35796105 5.393470935e-15)
(-22.14406492 -46.88254317 7.974708335e-15)
(-22.6036331 -47.39942077 8.715248489e-15)
(-23.06745528 -47.90859298 7.417014696e-15)
(-23.53555241 -48.41009118 4.379816605e-15)
(-24.00794128 -48.90397162 2.173413023e-15)
(-24.48463758 -49.39031328 2.387440346e-15)
(-24.96565656 -49.86921399 3.127837352e-15)
(-25.45101537 -50.34078743 3.862113399e-15)
(-25.94073799 -50.80516175 3.817026745e-15)
(-26.43486133 -51.26248037 3.424099686e-15)
(-26.93344492 -51.71290646 2.862626917e-15)
(-27.43658343 -52.15662883 1.899099238e-15)
(-27.94442494 -52.59387815 1.47705812e-15)
(-28.45718831 -53.02494964 8.01242982e-16)
(-28.97517428 -53.45023656 3.058348021e-16)
(-29.49875179 -53.87026795 1.25070675e-16)
(-30.02829715 -54.28571752 5.424981455e-16)
(-30.56409486 -54.69735456 3.97482677e-16)
(-31.10626021 -55.10590331 1.659324084e-16)
(-31.65474462 -55.51191952 -2.796675033e-16)
(-32.2093964 -55.9157434 -3.556671087e-16)
(-32.77002346 -56.3175327 -1.884770292e-16)
(-33.33641247 -56.71732198 1.168029243e-15)
(-33.90831527 -57.11503237 6.225031496e-16)
(-34.48546441 -57.51046519 1.065216493e-15)
(-35.06762785 -57.90333591 9.401881103e-16)
(-35.65458716 -58.29337709 1.737003811e-16)
(-36.24604514 -58.68028139 -2.438451969e-16)
(-36.84162351 -59.06360655 -4.759546535e-16)
(-37.44102062 -59.44274745 -7.052397807e-16)
(-38.04403623 -59.81726219 -5.468898746e-16)
(-38.65034153 -60.18672368 -7.620738122e-16)
(-39.2595162 -60.55053189 -8.533095663e-16)
(-39.87134606 -60.90792709 -4.182491626e-16)
(-40.48586556 -61.25858897 1.030339076e-15)
(-41.10284359 -61.6023452 8.211544881e-16)
(-41.7221005 -61.93854841 1.965816543e-16)
(-42.34417515 -62.26702041 -3.946402988e-17)
(-42.969655 -62.58855982 8.306140476e-16)
(-43.59833575 -62.90380157 2.797510871e-15)
(-44.23032909 -63.21217475 1.425553565e-15)
(-44.86659886 -63.51499815 8.838991013e-16)
(-45.50646439 -63.81298968 2.522075955e-15)
(-46.15056731 -64.10442082 3.64930596e-15)
(-46.79998573 -64.39416676 3.708938215e-15)
(-47.45246461 -64.67672461 3.432437225e-15)
(-48.11685689 -64.9538855 2.948852061e-15)
(-48.79425779 -65.24480203 1.869504224e-15)
(-49.45973512 -65.52376706 1.450083029e-15)
(-50.12009311 -65.78176531 2.370424294e-15)
(-50.78310622 -66.02714599 2.405404312e-15)
(-51.44708829 -66.26358167 2.265808842e-15)
(-52.11207751 -66.49199753 1.707690374e-15)
(-52.77809537 -66.71270232 2.290995307e-16)
(-53.44513911 -66.92572861 -2.060797647e-16)
(-54.11321157 -67.13100207 -9.238754769e-16)
(-54.78235324 -67.32844014 -1.350731906e-15)
(-55.45266658 -67.51803921 -1.21852678e-15)
(-56.12431611 -67.69991915 -9.188495479e-16)
(-56.79751706 -67.87432842 -7.279341497e-16)
(-57.47251498 -68.04164273 2.128968049e-17)
(-58.1495537 -68.20231403 3.695259671e-16)
(-58.82885639 -68.35682887 7.472987515e-16)
(-59.51059816 -68.50565381 1.73077406e-15)
(-60.19489196 -68.64918839 1.583409887e-15)
(-60.88178124 -68.78772256 1.373526344e-15)
(-61.57124006 -68.92142417 7.648351605e-16)
(-62.26317407 -69.05032232 5.519732567e-16)
(-62.95742954 -69.17431063 6.069980206e-16)
(-63.65380499 -69.29316402 4.403214062e-16)
(-64.35206747 -69.40656075 2.304186791e-16)
(-65.05196662 -69.51411355 1.420296957e-17)
(-65.75325099 -69.61539955 -8.883995134e-16)
(-66.45568739 -69.71000383 -1.42426621e-15)
(-67.15907432 -69.79755089 -1.490915059e-15)
(-67.8632466 -69.87773706 -1.417343225e-15)
(-68.56808327 -69.9503438 -1.503223733e-15)
(-69.27350699 -70.01526113 -1.814566681e-15)
(-69.97947699 -70.07247295 -1.428645418e-15)
(-70.68598284 -70.12205505 -1.898102123e-15)
(-71.3930355 -70.16415437 -1.879102366e-15)
(-72.10065552 -70.19896525 -1.467890378e-15)
(-72.8088653 -70.22670506 -2.071813588e-15)
(-73.51767932 -70.24758746 -2.06042471e-15)
(-74.2271002 -70.26180446 -2.020888063e-15)
(-74.93711547 -70.26951361 -2.067549982e-15)
(-75.6476951 -70.27081938 -1.637816321e-15)
(-76.35879425 -70.26578082 -1.001948415e-15)
(-77.07035684 -70.25441172 -1.557455882e-15)
(-77.78231736 -70.23668785 -1.181709744e-15)
(-78.49460585 -70.21255653 -9.294286461e-16)
(-79.20715225 -70.18195273 -9.536554684e-16)
(-79.91988578 -70.1448057 -9.198210834e-16)
(-80.63274168 -70.1010506 -1.326219653e-15)
(-81.34565467 -70.0506323 -2.398358508e-15)
(-82.0585674 -69.99351171 -3.006939417e-15)
(-82.77142503 -69.92966529 -2.085266152e-15)
(-83.48417575 -69.8590889 -2.269866426e-15)
(-84.19676976 -69.78178332 -2.0983791e-15)
(-84.90916122 -69.69776655 -1.762612806e-15)
(-85.62130143 -69.60706626 -1.30453034e-15)
(-86.33314039 -69.50970797 -9.217322948e-16)
(-87.04462681 -69.40572093 -6.331808253e-16)
(-87.75570708 -69.295125 -3.310308591e-16)
(-88.46633072 -69.17794319 -4.85575618e-16)
(-89.17644357 -69.05419094 -5.996904494e-16)
(-89.88599441 -68.92388275 -9.866397963e-16)
(-90.59493067 -68.78703017 -1.419459151e-15)
(-91.30319964 -68.64364375 -1.243828799e-15)
(-92.01075228 -68.49373379 -4.415209561e-16)
(-92.71753558 -68.33730852 -3.988030338e-16)
(-93.42349981 -68.17437893 -6.0155949e-16)
(-94.12859523 -68.00495517 -6.605336327e-16)
(-94.83277097 -67.82904791 -5.673116651e-16)
(-95.53597894 -67.64667003 -1.00039397e-15)
(-96.23816803 -67.4578333 -1.345611461e-15)
(-96.93929015 -67.26254902 -1.061702905e-15)
(-97.63929519 -67.06083456 -9.13218856e-16)
(-98.33813432 -66.85270071 -7.461465039e-16)
(-99.03575959 -66.63816361 -7.445823159e-16)
(-99.73212217 -66.41723974 -7.050937494e-16)
(-100.4271735 -66.18994225 -8.097012496e-16)
(-101.1208665 -65.95629148 -8.096064368e-16)
(-101.8131525 -65.71629943 -1.308129313e-15)
(-102.5039956 -65.46999798 -1.233034325e-15)
(-103.1933088 -65.21744786 -1.094632357e-15)
(-103.8810481 -64.95897635 -1.104631791e-15)
(-104.5778097 -64.75457097 -1.528928024e-15)
(-108.0705989 -62.76306258 -9.134236635e-16)
(-109.7263507 -62.37119077 -3.422085158e-16)
(-110.6951198 -62.6054168 -4.021447399e-15)
(-111.4562851 -63.02705319 -1.214395565e-15)
(-112.1346555 -63.45835474 -4.67183102e-16)
(-112.7601894 -63.85229844 -2.457398352e-18)
(-113.3363838 -64.20071379 -1.136503391e-15)
(-113.8625206 -64.5062122 -1.869647281e-15)
(-114.3403678 -64.7754495 -1.654784176e-15)
(-114.7752575 -65.0169277 -5.165138013e-16)
(-115.1749918 -65.23920099 -1.648406479e-15)
(-115.5481023 -65.44941365 -2.987917587e-15)
(-115.9024114 -65.65264845 -2.01299805e-15)
(-116.2442416 -65.85199479 -2.12744713e-15)
(-116.5781069 -66.04891631 -1.690061402e-15)
(-116.9068103 -66.24371382 -1.512467246e-15)
(-117.2317522 -66.43598 -1.406398677e-15)
(-117.5533777 -66.62505532 -1.83036291e-15)
(-117.8717336 -66.81049258 -2.298261314e-15)
(-118.1869802 -66.99239844 -2.946841384e-15)
(-118.4997285 -67.17156081 -1.531090801e-15)
(-118.8112225 -67.34939492 -2.584628681e-15)
(-119.1232625 -67.52769328 -2.45607009e-15)
(-119.4379948 -67.70832887 -2.294384553e-15)
(-119.7576695 -67.89300072 -1.974312248e-15)
(-120.0843503 -68.08303202 -2.728603256e-15)
(-120.4197412 -68.27930567 -2.730211936e-15)
(-120.7650688 -68.48227127 -2.06278544e-15)
(-121.1210383 -68.69199861 -2.290588944e-15)
(-121.4879011 -68.90829454 -2.778534021e-15)
(-121.8655721 -69.13083497 -2.916512497e-15)
(-122.2537474 -69.35930071 -3.589969281e-15)
(-122.6521075 -69.59355957 -4.261623499e-15)
(-123.0604567 -69.83377533 -3.346223134e-15)
(-123.478824 -70.08043631 -3.245497568e-15)
(-123.9074962 -70.33426658 -3.599362954e-15)
(-124.346887 -70.59599543 -3.414058001e-15)
(-124.7973774 -70.86612951 -2.936509456e-15)
(-125.2590907 -71.14474203 -3.12626901e-15)
(-125.7317461 -71.43139668 -3.316241295e-15)
(-126.2146346 -71.7252128 -2.498166151e-15)
(-126.706624 -72.0249843 -2.519961767e-15)
(-127.2062858 -72.32937161 -3.047730595e-15)
(-127.7120254 -72.63706331 -3.642500691e-15)
(-128.2222 -72.94688231 -4.065719037e-15)
(-128.7352578 -73.25786899 -3.373690397e-15)
(-129.2498065 -73.56929364 -2.93613486e-15)
(-129.7646327 -73.88061098 -2.858327157e-15)
(-130.2787351 -74.19142912 -3.61539277e-15)
(-130.791272 -74.5014332 -3.284480531e-15)
(-131.3015234 -74.81033377 -3.42192614e-15)
(-131.8088811 -75.11784486 -3.825495035e-15)
(-132.3127683 -75.42363071 -4.174635691e-15)
(-132.8126466 -75.72731276 -3.262692238e-15)
(-133.3079838 -76.02846422 -4.432140229e-15)
(-133.7982161 -76.32660153 -3.87555165e-15)
(-134.2827722 -76.6212189 -3.369684271e-15)
(-134.7610922 -76.91182487 -4.195245119e-15)
(-135.2326263 -77.19797327 -3.91827734e-15)
(-135.6969033 -77.47934738 -4.218529167e-15)
(-136.1535449 -77.75580267 -3.969354105e-15)
(-136.6023027 -78.0273973 -3.150627214e-15)
(-137.0431075 -78.29438277 -3.175269234e-15)
(-137.4760197 -78.5570869 -3.35432412e-15)
(-137.9012052 -78.81579604 -3.609101564e-15)
(-138.3188248 -79.07060194 -3.080947642e-15)
(-138.7289522 -79.32132646 -1.987661827e-15)
(-139.1315528 -79.56755802 -1.67183891e-15)
(-139.526444 -79.80873624 -1.989544452e-15)
(-139.9133561 -80.04432486 -2.551402329e-15)
(-140.2919901 -80.27395262 -2.86077475e-15)
(-140.6620674 -80.49747617 -3.04845035e-15)
(-141.0234142 -80.71498909 -2.965218568e-15)
(-141.3759908 -80.92674801 -3.51083305e-15)
(-141.7198547 -81.13304718 -3.725433501e-15)
(-142.0551603 -81.33415546 -4.503081805e-15)
(-142.3820903 -81.53026197 -3.621268987e-15)
(-142.7008271 -81.72148785 -3.498874813e-15)
(-143.0115712 -81.90793957 -3.065262552e-15)
(-143.3145057 -82.08971218 -3.563220962e-15)
(-143.6098234 -82.26691507 -4.173926245e-15)
(-143.897719 -82.43966332 -4.635438266e-15)
(-144.1783593 -82.60805386 -4.990859778e-15)
(-144.4519119 -82.77218164 -3.899087125e-15)
(-144.7185534 -82.93214996 -3.580025474e-15)
(-144.978444 -83.08805356 -3.623775772e-15)
(-145.2317616 -83.23999905 -5.222842091e-15)
(-145.4786675 -83.38808255 -4.231509246e-15)
(-145.7193069 -83.5323906 -4.10315559e-15)
(-145.9538423 -83.67302648 -3.554144402e-15)
(-146.1824231 -83.81009103 -3.406053193e-15)
(-146.4052209 -83.94370456 -3.835211682e-15)
(-146.6223955 -84.07398242 -3.296285124e-15)
(-146.8340949 -84.20102929 -3.477409292e-15)
(-147.0404858 -84.32495723 -3.298387036e-15)
(-147.241719 -84.44585962 -2.965091114e-15)
(-147.4379552 -84.56382778 -3.244877579e-15)
(-147.6293535 -84.67894638 -3.858215734e-15)
(-147.8160384 -84.79127783 -3.557290097e-15)
(-147.994885 -84.90616713 -3.326364682e-15)
)
;
    }
    outlet
    {
        type            calculated;
        value           uniform (0 0 0);
    }
    front
    {
        type            wedge;
    }
    back
    {
        type            wedge;
    }
}


// ************************************************************************* //
