/*--------------------------------*- C++ -*----------------------------------*\
| =========                 |                                                 |
| \\      /  F ield         | OpenFOAM: The Open Source CFD Toolbox           |
|  \\    /   O peration     | Version:  v1706                                 |
|   \\  /    A nd           | Web:      www.OpenFOAM.com                      |
|    \\/     M anipulation  |                                                 |
\*---------------------------------------------------------------------------*/
FoamFile
{
    version     2.0;
    format      ascii;
    class       volScalarField;
    location    "0.00068";
    object      wallHeatFlux;
}
// * * * * * * * * * * * * * * * * * * * * * * * * * * * * * * * * * * * * * //

dimensions      [1 0 -3 0 0 0 0];


internalField   uniform 0;

boundaryField
{
    inlet
    {
        type            calculated;
        value           uniform 0;
    }
    object
    {
        type            calculated;
        value           nonuniform List<scalar> 
300
(
638153.641
639478.2151
639953.0867
640206.8182
640345.6201
640409.3463
640418.2482
640384.468
640316.0415
640218.608
640096.2614
639952.0235
639788.1354
639606.2595
639407.618
639193.0983
638963.3343
638718.7696
638459.7038
638186.3292
637898.7675
637597.0827
637281.2989
636951.426
636607.4442
636249.3421
635877.089
635490.6705
635090.0635
634675.2485
634246.2172
633802.956
633345.465
632873.7324
632387.7622
631887.5407
631373.0641
630844.3144
630301.2659
629743.8783
629172.0926
628585.8281
627984.9718
627369.3833
626738.8807
626093.2375
625432.1886
624755.4336
624062.6355
623353.4625
622627.5887
621884.7561
621124.8052
620347.7006
619553.5519
618742.62
617915.2972
617072.1068
616213.6712
615340.7142
614453.9949
613554.331
612642.5337
611719.4179
610785.7626
609842.304
608889.7374
607928.6812
606959.6962
605983.2703
604999.8194
604009.7029
603013.2044
602010.5404
601001.8801
599987.3435
598966.9818
597940.8172
596908.8265
595870.9409
594827.0496
593776.9882
592720.5381
591657.3839
590587.1006
589509.0905
588422.5304
587326.3403
586219.1713
585099.588
583966.2726
582818.2433
581654.8785
580475.8395
579280.9955
578070.4019
576844.3172
575603.1852
574347.4147
573077.5839
571794.5921
570499.6149
569193.5099
567877.2512
566552.2265
565219.988
563881.1425
562536.2467
561186.7251
559832.5131
558471.7306
557103.486
555728.9563
554344.7058
552950.0686
551547.9156
550127.3711
548701.846
547254.1919
545749.8769
544276.1128
542836.954
541402.1654
539967.735
538532.0644
537094.5743
535655.2081
534214.1184
532771.4676
531327.2064
529881.0007
528432.2157
526979.9118
525522.9699
524060.2227
522590.5168
521112.8656
519626.5519
518131.1527
516626.5774
515113.072
513591.1868
512061.7493
510525.7618
508984.3287
507438.5815
505889.5967
504338.2701
502785.3174
501231.2041
499676.1558
498120.1678
496563.0519
495004.474
493444.0273
491881.2796
490315.8303
488747.3469
487175.6007
485600.4676
484021.9329
482440.0719
480855.0418
479267.0453
477676.2907
476083.0142
474487.4117
472889.6612
471289.8996
469688.2466
468084.7885
466479.5795
464872.6551
463264.0526
461653.8003
460041.9272
458428.4822
456813.4999
455197.0354
453579.1388
451959.8586
450339.2636
448717.4026
447094.3362
445470.1237
443844.8167
442218.4767
440591.1489
438962.8958
437333.7587
435703.7894
434073.0426
432441.5621
430809.3963
429176.5916
427543.1934
425909.2494
424274.8479
422640.0942
421009.652
418267.727
416849.2038
415167.128
413176.66
411080.5028
409022.4347
407082.7375
405298.1649
403673.2826
402189.6256
400816.2946
399519.7302
398270.546
397046.7384
395834.1852
394625.8236
393419.9463
392217.8622
391021.585
389831.6247
388645.5154
387457.5264
386259.1228
385040.2385
383790.7297
382501.5209
381165.4971
379777.8434
378335.9044
376839.0001
375287.8393
373683.7385
372027.8412
370320.1911
368559.3487
366742.5859
364866.5394
362928.4113
360926.9307
358863.1061
356740.4357
354564.5134
352342.4338
350081.9837
347790.7997
345475.9467
343143.6372
340799.0737
338446.6101
336089.8278
333731.816
331375.4362
329023.5014
326678.9302
324344.8175
322024.3648
319720.9684
317438.0951
315179.049
312946.7721
310743.4199
308570.169
306427.2089
304313.9297
302229.4985
300173.3684
298145.8425
296148.3252
294183.1037
292252.9341
290360.4139
288507.3652
286694.6935
284922.4277
283189.9671
281496.4944
279841.1326
278223.0972
276641.7123
275096.308
273586.2398
272110.8704
270669.5001
269261.4801
267886.1807
266542.9477
265231.1713
263950.1994
262699.3827
261478.0865
260285.6268
259121.3293
257984.4444
256874.2094
255789.8917
254730.7597
253696.1462
252685.4432
251698.0278
250733.3859
)
;
    }
    outlet
    {
        type            calculated;
        value           uniform 0;
    }
    front
    {
        type            wedge;
    }
    back
    {
        type            wedge;
    }
}


// ************************************************************************* //
