/*--------------------------------*- C++ -*----------------------------------*\
| =========                 |                                                 |
| \\      /  F ield         | OpenFOAM: The Open Source CFD Toolbox           |
|  \\    /   O peration     | Version:  v1706                                 |
|   \\  /    A nd           | Web:      www.OpenFOAM.com                      |
|    \\/     M anipulation  |                                                 |
\*---------------------------------------------------------------------------*/
FoamFile
{
    version     2.0;
    format      ascii;
    class       volVectorField;
    location    "0.0014";
    object      wallShearStress;
}
// * * * * * * * * * * * * * * * * * * * * * * * * * * * * * * * * * * * * * //

dimensions      [1 -1 -2 0 0 0 0];


internalField   uniform (0 0 0);

boundaryField
{
    inlet
    {
        type            calculated;
        value           nonuniform 0();
    }
    object
    {
        type            calculated;
        value           nonuniform List<vector> 
196
(
(-0.3834456263 -0.1896861967 -8.761044048e-15)
(-0.363562514 -0.3104418052 -2.512862614e-14)
(-0.3660262065 -0.4807470567 -3.603874976e-14)
(-0.3679506082 -0.6589613913 -2.121454158e-14)
(-0.3704030854 -0.8396821927 -1.828837686e-14)
(-0.3734644168 -1.02146324 3.819935161e-15)
(-0.3771394131 -1.203740544 1.202005656e-14)
(-0.381424105 -1.386236022 9.474002949e-15)
(-0.3863140207 -1.568787082 1.691248846e-14)
(-0.3918054326 -1.751285179 1.161780001e-14)
(-0.3978954368 -1.933650126 9.349135816e-15)
(-0.40458182 -2.115818145 2.787796111e-15)
(-0.4118629115 -2.297735916 -6.946162696e-16)
(-0.4197374545 -2.479357407 9.645678977e-17)
(-0.4282045035 -2.660642137 -6.86149908e-16)
(-0.4372633421 -2.841554168 -9.562962395e-16)
(-0.4469134225 -3.022061537 -5.768543909e-15)
(-0.4571543114 -3.202135831 -1.62227494e-14)
(-0.4679856543 -3.381752009 -2.05855171e-14)
(-0.4794071405 -3.560888155 -2.056170537e-14)
(-0.4914184813 -3.739525389 -2.570166156e-14)
(-0.5040193888 -3.917647702 -2.473237341e-14)
(-0.5172095624 -4.095241844 -1.460757956e-14)
(-0.5309886778 -4.272297208 -7.17592121e-15)
(-0.5453563774 -4.448805684 -2.59545778e-15)
(-0.560312265 -4.62476152 -3.408994294e-16)
(-0.5758559021 -4.800161201 3.781967298e-17)
(-0.5919868074 -4.975003301 -5.700587367e-18)
(-0.6087044484 -5.149288279 1.849909052e-16)
(-0.6260082521 -5.323018405 -1.098106207e-15)
(-0.6438975961 -5.496197544 7.851140018e-17)
(-0.6623718121 -5.668831005 1.188615672e-15)
(-0.6814301896 -5.84092541 6.06395917e-16)
(-0.7010719711 -6.012488496 -4.108719297e-16)
(-0.7212963584 -6.183529002 -1.188170546e-15)
(-0.7421025089 -6.35405648 -3.751363345e-16)
(-0.7634895381 -6.524081177 -1.042681623e-17)
(-0.7854565163 -6.69361385 1.682177585e-16)
(-0.8080024747 -6.862665704 3.417399843e-16)
(-0.8311263945 -7.031248146 1.737169499e-15)
(-0.8548272107 -7.199372741 2.830406627e-17)
(-0.8791038132 -7.367051095 1.13782678e-16)
(-0.903955037 -7.534294679 5.208799744e-17)
(-0.9293796622 -7.701114732 5.096403113e-17)
(-0.9553764174 -7.867522234 1.385426924e-15)
(-0.9819439614 -8.033527676 6.889567044e-16)
(-1.009080899 -8.199141122 3.112107035e-16)
(-1.03678576 -8.364371986 5.303306339e-16)
(-1.06505701 -8.529229084 -4.347441632e-16)
(-1.093893038 -8.693720479 4.052510776e-17)
(-1.123292159 -8.857853432 4.214649784e-17)
(-1.153252615 -9.021634478 3.615789769e-16)
(-1.183772565 -9.185069174 5.491530211e-16)
(-1.214850067 -9.348162059 5.390375768e-16)
(-1.246483172 -9.510917319 2.534601838e-15)
(-1.278669745 -9.673337333 3.145581685e-16)
(-1.311407673 -9.835424342 -2.21726148e-17)
(-1.344694689 -9.997179127 -1.364113551e-15)
(-1.37852853 -10.15860207 -1.150553782e-15)
(-1.412906749 -10.31969187 -1.143899633e-16)
(-1.447827001 -10.48044748 2.320930232e-17)
(-1.483286715 -10.64086588 6.353053885e-17)
(-1.519283364 -10.80094397 1.20661093e-16)
(-1.555814339 -10.96067772 -2.483318663e-16)
(-1.592876971 -11.12006245 1.229652236e-17)
(-1.6304686 -11.27909303 -2.776232057e-16)
(-1.668586481 -11.43776346 -8.956269279e-16)
(-1.707227929 -11.59606779 -3.095266872e-16)
(-1.746390143 -11.75399894 8.963451426e-18)
(-1.786070321 -11.91154975 -2.458450021e-18)
(-1.826265785 -12.06871363 -2.433270247e-16)
(-1.866973688 -12.22548253 -1.964635181e-16)
(-1.908191282 -12.38184908 -4.742725564e-17)
(-1.949915855 -12.5378058 -2.554467992e-16)
(-1.992144639 -12.69334487 1.035460743e-16)
(-2.034874934 -12.84845876 -2.704668368e-16)
(-2.078104095 -13.00314026 5.272541131e-16)
(-2.121829382 -13.15738166 -9.38971393e-17)
(-2.166048268 -13.31117657 2.043211346e-16)
(-2.210758141 -13.46451804 7.388193448e-17)
(-2.25595641 -13.61739943 7.504380883e-16)
(-2.301640655 -13.76981504 3.651069904e-16)
(-2.347808298 -13.92175864 4.043936768e-16)
(-2.394456974 -14.07322523 2.443207689e-17)
(-2.441584245 -14.22420954 8.442717694e-17)
(-2.489187761 -14.37470705 6.149531176e-16)
(-2.537265152 -14.52471334 1.150127329e-16)
(-2.585814177 -14.67422479 -5.968976575e-17)
(-2.634832531 -14.82323791 -1.418464805e-16)
(-2.684317914 -14.97174913 -5.826084869e-17)
(-2.734268209 -15.11975629 1.831012539e-16)
(-2.784681069 -15.26725616 -1.45793703e-16)
(-2.835554462 -15.41424737 6.280629661e-17)
(-2.886886047 -15.56072718 -3.34624661e-17)
(-2.938673693 -15.70669418 -6.64071392e-16)
(-2.99091528 -15.85214718 1.286902509e-16)
(-3.043608605 -15.9970848 -2.657832769e-16)
(-3.096751391 -16.14150541 1.331398245e-16)
(-3.150341582 -16.28540873 2.135073811e-16)
(-3.204376754 -16.42879284 -2.807373948e-16)
(-3.258854858 -16.57165775 9.675623505e-18)
(-3.313773564 -16.71400238 -1.128588102e-16)
(-3.369130536 -16.85582563 3.491862793e-17)
(-3.424923382 -16.99712632 2.281131162e-17)
(-3.481149832 -17.1379042 -3.428407716e-16)
(-3.537807458 -17.27815801 -4.867646762e-17)
(-3.594893639 -17.41788607 -3.804583848e-17)
(-3.652406017 -17.55708773 -1.67969597e-16)
(-3.710341831 -17.69576102 4.620708768e-16)
(-3.768698641 -17.83390501 3.541445379e-16)
(-3.827473556 -17.97151727 4.54557025e-16)
(-3.886663777 -18.10859561 8.553005999e-16)
(-3.946266705 -18.24513892 1.973607118e-16)
(-4.006279114 -18.38114347 -3.739161068e-16)
(-4.066697996 -18.51660657 -4.272674067e-16)
(-4.127520434 -18.65152603 -6.974868068e-16)
(-4.18874321 -18.78589847 -1.51718134e-15)
(-4.250363017 -18.91972007 -3.45443429e-16)
(-4.312376583 -19.0529873 9.136414923e-16)
(-4.374780342 -19.1856957 2.20367283e-16)
(-4.437570917 -19.31784137 1.452478519e-16)
(-4.50074463 -19.44941965 8.480438982e-17)
(-4.564297763 -19.58042548 1.663733269e-16)
(-4.628226401 -19.71085325 1.799856163e-16)
(-4.692526857 -19.84069844 3.611101814e-16)
(-4.757195033 -19.96995492 6.489773741e-17)
(-4.822226851 -20.09861681 -9.055445313e-17)
(-4.887618003 -20.22667725 -1.034690043e-15)
(-4.953364388 -20.35413067 -6.7942726e-16)
(-5.01946132 -20.48096911 5.017211849e-17)
(-5.085904548 -20.60718661 -2.555992035e-17)
(-5.152689301 -20.7327752 6.358462301e-17)
(-5.21981087 -20.85772744 2.259032005e-16)
(-5.287264427 -20.98203543 1.257652519e-16)
(-5.355044964 -21.10569114 -1.570203386e-17)
(-5.423147464 -21.2286863 1.991021861e-16)
(-5.491566806 -21.3510126 -2.02482824e-17)
(-5.560297539 -21.47266069 -1.661329269e-16)
(-5.629334167 -21.59362137 3.577219628e-17)
(-5.698671448 -21.71388638 -1.8582009e-16)
(-5.768303311 -21.833445 2.192916341e-16)
(-5.838224075 -21.95228786 2.066268163e-16)
(-5.908427847 -22.07040522 -4.905848392e-17)
(-5.978908446 -22.18778668 1.631858529e-17)
(-6.049659896 -22.30442228 -2.36768502e-16)
(-6.120675234 -22.42029976 -4.663616013e-17)
(-6.191948454 -22.53540962 5.398728071e-17)
(-6.263472738 -22.64974049 8.869187481e-17)
(-6.335241106 -22.76328043 8.708895084e-17)
(-6.40724664 -22.87601796 -5.648422802e-17)
(-6.479482058 -22.98794085 1.199950234e-16)
(-6.551940122 -23.09903718 -3.140010692e-17)
(-6.624613144 -23.20929421 -2.672358972e-16)
(-6.697493263 -23.31869861 -1.441035078e-16)
(-6.770572817 -23.42723817 -3.838992833e-16)
(-6.843843374 -23.53489875 -6.890096141e-17)
(-6.917296597 -23.64166641 -3.548427471e-17)
(-6.990923593 -23.74752645 -3.880372944e-16)
(-7.064715854 -23.85246532 -9.230167494e-17)
(-7.138663972 -23.9564673 4.708296364e-19)
(-7.212758567 -24.05951698 9.717444649e-17)
(-7.286989502 -24.16159729 3.878282822e-16)
(-7.361347015 -24.2626927 1.535359921e-16)
(-7.435820672 -24.36278607 3.772980869e-18)
(-7.510399384 -24.46185885 4.354758875e-16)
(-7.585072274 -24.55989336 1.28536225e-16)
(-7.659827382 -24.65686987 2.071375251e-16)
(-7.734652499 -24.75276781 5.353082919e-16)
(-7.809535452 -24.84756791 6.6658193e-16)
(-7.884462723 -24.94124727 8.687550551e-16)
(-7.959420526 -25.03378287 8.24448653e-16)
(-8.03439409 -25.12515007 5.712298226e-16)
(-8.109369056 -25.21532586 5.052096919e-16)
(-8.184329108 -25.30428259 1.397398229e-16)
(-8.259257295 -25.39199187 1.035988433e-16)
(-8.334136157 -25.47842441 -5.890896111e-17)
(-8.408946577 -25.56354823 -2.862695978e-16)
(-8.483668504 -25.64732943 -2.554109074e-16)
(-8.558280761 -25.72973273 -5.220167226e-17)
(-8.632760202 -25.81071887 3.350978268e-17)
(-8.707081949 -25.89024571 7.793831555e-17)
(-8.781218971 -25.96826739 1.325425193e-17)
(-8.855142874 -26.04473665 -7.120341283e-17)
(-8.928821211 -26.11959831 8.725351867e-17)
(-9.002218874 -26.19279323 1.350169049e-16)
(-9.075296689 -26.2642554 4.203362616e-16)
(-9.14801097 -26.33391206 2.554831843e-16)
(-9.220312137 -26.40168069 1.5026247e-16)
(-9.292143109 -26.46746715 6.197939197e-17)
(-9.363438667 -26.53116578 -1.435459304e-16)
(-9.434121003 -26.59265168 -4.327398742e-16)
(-9.504097561 -26.65177975 -1.220373388e-16)
(-9.57325494 -26.70837642 -1.752840435e-17)
(-9.641451641 -26.76223319 -2.523178602e-16)
(-9.708503061 -26.81309042 -6.839913907e-17)
(-9.77415689 -26.86062322 -3.394824068e-17)
)
;
    }
    outlet
    {
        type            calculated;
        value           nonuniform 0();
    }
    front
    {
        type            wedge;
    }
    back
    {
        type            wedge;
    }
    procBoundary1to0
    {
        type            processor;
        value           uniform (0 0 0);
    }
    procBoundary1to2
    {
        type            processor;
        value           uniform (0 0 0);
    }
    procBoundary1to3
    {
        type            processor;
        value           uniform (0 0 0);
    }
}


// ************************************************************************* //
