/*--------------------------------*- C++ -*----------------------------------*\
| =========                 |                                                 |
| \\      /  F ield         | OpenFOAM: The Open Source CFD Toolbox           |
|  \\    /   O peration     | Version:  v1706                                 |
|   \\  /    A nd           | Web:      www.OpenFOAM.com                      |
|    \\/     M anipulation  |                                                 |
\*---------------------------------------------------------------------------*/
FoamFile
{
    version     2.0;
    format      ascii;
    class       volVectorField;
    location    "0.0014";
    object      wallShearStress;
}
// * * * * * * * * * * * * * * * * * * * * * * * * * * * * * * * * * * * * * //

dimensions      [1 -1 -2 0 0 0 0];


internalField   uniform (0 0 0);

boundaryField
{
    inlet
    {
        type            calculated;
        value           nonuniform 0();
    }
    object
    {
        type            calculated;
        value           nonuniform List<vector> 
204
(
(-9.838031736 -26.90442633 -1.026806016e-16)
(-9.899422878 -26.94402053 7.893522692e-17)
(-9.956601002 -26.97899089 1.638154955e-16)
(-10.00495895 -27.00897945 3.605998321e-16)
(-10.04592065 -27.04221771 -1.053137907e-16)
(-10.08206213 -27.08846422 -4.814161126e-17)
(-10.11516828 -27.14892704 2.513419804e-17)
(-10.14666413 -27.21845686 9.582533506e-17)
(-10.17789077 -27.29374365 -5.422104426e-17)
(-10.20946573 -27.37311973 1.542843424e-17)
(-10.24163175 -27.45571302 6.027879518e-16)
(-10.2744675 -27.54103348 1.262056747e-15)
(-10.30798597 -27.6287776 1.643057056e-15)
(-10.34217919 -27.71874445 1.155691499e-15)
(-10.3770333 -27.81079011 5.795401484e-16)
(-10.41253532 -27.90480899 3.141558254e-16)
(-10.44867415 -28.00072062 7.853825175e-17)
(-10.48544238 -28.09846644 3.969584305e-17)
(-10.52283431 -28.19800081 1.569593696e-16)
(-10.56084645 -28.29929041 1.732406457e-16)
(-10.59947756 -28.40231189 3.238713362e-17)
(-10.63872784 -28.50704934 1.437936945e-16)
(-10.67859861 -28.61349248 3.04227137e-16)
(-10.71909273 -28.72163748 3.455281743e-16)
(-10.76021472 -28.83148617 1.065344318e-16)
(-10.80196941 -28.94304268 1.361138015e-16)
(-10.84436334 -29.05631661 7.142737703e-17)
(-10.88740282 -29.17131825 1.318081183e-16)
(-10.93109664 -29.28806467 3.053683367e-16)
(-10.97545353 -29.40657341 2.416986031e-16)
(-11.02048292 -29.52686445 -8.539623241e-17)
(-11.06619502 -29.64896033 -3.463969723e-16)
(-11.11260169 -29.77288806 -1.11856749e-16)
(-11.15971446 -29.89867387 -2.738461573e-17)
(-11.20754606 -30.02634788 5.228519402e-17)
(-11.2561104 -30.15594297 -3.503988037e-17)
(-11.30542147 -30.28749239 -3.941334274e-17)
(-11.35549471 -30.42103342 -3.076482055e-16)
(-11.40634531 -30.55660289 -1.310219002e-16)
(-11.4579907 -30.69424325 -2.639169179e-17)
(-11.51044826 -30.83399687 1.911211999e-16)
(-11.56373651 -30.97590904 5.793089612e-17)
(-11.61787414 -31.12002581 2.177498367e-16)
(-11.67288212 -31.26639879 -1.915818718e-16)
(-11.7287821 -31.41508107 -6.859653002e-17)
(-11.78559534 -31.56612538 5.450894731e-17)
(-11.8433458 -31.71959065 3.07671245e-18)
(-11.90205806 -31.87553746 3.246472701e-16)
(-11.96175797 -32.0340296 2.167318493e-16)
(-12.02247224 -32.19513275 -7.617628791e-17)
(-12.08422849 -32.35891554 -3.482139513e-17)
(-12.14705781 -32.52545394 -1.283991446e-16)
(-12.21099098 -32.69482434 -7.243904181e-17)
(-12.27606029 -32.86710597 6.742802229e-17)
(-12.34230166 -33.04238648 -1.615543327e-17)
(-12.40975003 -33.22075217 1.172068766e-16)
(-12.47844356 -33.40229616 5.89406718e-17)
(-12.54842307 -33.5871188 2.529355335e-16)
(-12.61973164 -33.77532485 2.180581392e-16)
(-12.69241384 -33.96702319 1.587637208e-16)
(-12.7665174 -34.16233008 1.773044658e-18)
(-12.84209268 -34.36136804 6.432372185e-17)
(-12.91919295 -34.56426583 1.22492468e-16)
(-12.99787621 -34.77116304 -1.146944497e-17)
(-13.07820029 -34.98220023 -4.191222532e-17)
(-13.1602311 -35.19753566 1.024714087e-16)
(-13.24403572 -35.41732997 3.890926855e-16)
(-13.32968758 -35.64175912 3.01716089e-16)
(-13.41726491 -35.87101026 3.143532955e-16)
(-13.50685072 -36.10528085 2.750203397e-16)
(-13.59853564 -36.34478432 1.907681601e-16)
(-13.69241363 -36.58974402 1.215429782e-16)
(-13.78858978 -36.84040699 1.154331829e-16)
(-13.88717664 -37.09703713 1.988920191e-16)
(-13.9882946 -37.35991545 6.621148947e-17)
(-14.09207447 -37.62934596 1.141676924e-16)
(-14.19866065 -37.90566356 4.338031319e-16)
(-14.30820843 -38.18922489 5.862264733e-16)
(-14.42088886 -38.48042244 3.729103345e-16)
(-14.53689068 -38.77968516 2.360718345e-16)
(-14.6564186 -39.08747732 1.549245668e-16)
(-14.77970375 -39.40431872 2.651185688e-16)
(-14.90699829 -39.73077206 8.957615006e-16)
(-15.03858758 -40.06747126 5.242259556e-16)
(-15.17479005 -40.4151154 3.258107541e-16)
(-15.31596576 -40.77449063 4.926532688e-16)
(-15.46252089 -41.14647285 2.542634611e-16)
(-15.61492317 -41.53206365 4.821154151e-17)
(-15.77371023 -41.93239647 -1.509359366e-16)
(-15.93950147 -42.34876361 -4.871392385e-16)
(-16.1130268 -42.7826666 -5.520051482e-16)
(-16.29515032 -43.23585474 -3.886526799e-16)
(-16.48690667 -43.71038633 -7.242969483e-16)
(-16.68955202 -44.20870889 -9.039419229e-16)
(-16.90463308 -44.7337671 -3.095996145e-16)
(-17.1341024 -45.28918038 -1.301093758e-16)
(-17.38046404 -45.87944407 5.557020487e-17)
(-17.6470283 -46.51027875 3.55824792e-16)
(-17.93832448 -47.18915596 3.545898473e-16)
(-18.26081218 -47.92611227 2.372563529e-16)
(-18.62426912 -48.73511698 3.952285453e-16)
(-19.0449298 -49.63612757 3.774704112e-16)
(-19.5552417 -50.65603535 4.04376455e-16)
(-20.25735621 -51.80671318 3.812080561e-16)
(-21.24952253 -52.92426756 3.173109573e-16)
(-22.16865887 -53.94983683 1.703545193e-16)
(-23.07433425 -54.82930437 1.209811119e-16)
(-23.9913924 -55.55737246 1.692798636e-16)
(-24.91735572 -56.16194086 9.432963308e-17)
(-25.84922379 -56.66621112 3.270423593e-17)
(-26.78435133 -57.08791888 1.467927118e-16)
(-27.72064815 -57.44025481 2.002216431e-16)
(-28.65652793 -57.7329583 -7.707699449e-17)
(-29.59079242 -57.97324409 1.795572297e-16)
(-30.52250568 -58.16650387 1.118909298e-16)
(-31.45089518 -58.31681923 2.142378467e-16)
(-32.37529793 -58.42734654 2.849990797e-16)
(-33.2951138 -58.50057242 2.374069994e-16)
(-34.20978546 -58.53851282 1.779395441e-16)
(-35.11878647 -58.54283919 1.003358347e-16)
(-36.02161875 -58.51496615 1.701691567e-16)
(-36.91792893 -58.45612784 1.839344801e-16)
(-37.8085872 -58.36605288 2.103281054e-16)
(-38.70926807 -58.24875215 1.842388701e-16)
(-39.64191223 -58.13910896 1.781522689e-16)
(-40.52501993 -57.99526374 1.729560732e-16)
(-41.39409543 -57.81779505 1.741187242e-16)
(-42.25131408 -57.6118136 2.365042989e-16)
(-43.09739245 -57.37850678 1.91598354e-16)
(-43.93232702 -57.1187679 9.797729562e-17)
(-44.75591769 -56.83348498 7.962160291e-17)
(-45.56787278 -56.52352842 3.239401078e-17)
(-46.36790049 -56.18977548 5.563211199e-17)
(-47.15570442 -55.83306759 3.074159056e-17)
(-47.93100493 -55.45422022 1.337507362e-16)
(-48.69353843 -55.05402031 3.189040192e-16)
(-49.44305993 -54.633228 2.765808593e-16)
(-50.17933243 -54.19256967 4.199539747e-16)
(-50.90213938 -53.73275204 1.97896035e-16)
(-51.61128862 -53.2544696 1.963417068e-16)
(-52.30660119 -52.75839946 5.328028355e-17)
(-52.98791433 -52.24520345 1.300533465e-16)
(-53.6550846 -51.71553323 1.96605277e-16)
(-54.30797902 -51.17002181 2.194132907e-16)
(-54.94648607 -50.6092952 3.606661179e-16)
(-55.57051286 -50.03397293 3.485496114e-16)
(-56.17992273 -49.44467795 3.247205962e-16)
(-56.77466361 -48.84198932 2.036067288e-16)
(-57.35469121 -48.22648465 1.768910287e-16)
(-57.91997518 -47.59873396 2.375151424e-16)
(-58.47048865 -46.9592898 3.200095283e-16)
(-59.00622004 -46.30869843 2.88961801e-16)
(-59.52717278 -45.64749846 2.726089092e-16)
(-60.03336454 -44.97622003 2.265070825e-16)
(-60.52481593 -44.29537735 1.750613636e-16)
(-61.0015712 -43.60548158 1.560030053e-16)
(-61.4636821 -42.90703095 2.676595674e-16)
(-61.91120197 -42.20050986 4.17577759e-16)
(-62.34421167 -41.48639648 4.082650479e-16)
(-62.76278704 -40.76515784 3.256680913e-16)
(-63.16702328 -40.03724898 4.168257571e-16)
(-63.5570238 -39.30311665 3.354352414e-16)
(-63.93289599 -38.56319301 2.552335026e-16)
(-64.29475951 -37.81790227 3.546287955e-16)
(-64.6427429 -37.06765742 3.368567932e-16)
(-64.97697864 -36.31285696 2.958754139e-16)
(-65.29760875 -35.55389494 2.683740855e-16)
(-65.604781 -34.79114851 1.824146992e-16)
(-65.89864591 -34.02498418 1.766331974e-16)
(-66.17936351 -33.25575924 2.276479794e-16)
(-66.44709962 -32.48382002 2.552923347e-16)
(-66.70202168 -31.70950296 2.308192483e-16)
(-66.94430603 -30.93312887 1.975896741e-16)
(-67.17412841 -30.15501577 2.28901228e-16)
(-67.39166797 -29.37546158 2.088434074e-16)
(-67.59711295 -28.59476065 2.01952168e-16)
(-67.79064546 -27.81319417 2.507775306e-16)
(-67.97245801 -27.03103161 2.134619115e-16)
(-68.14273956 -26.24853588 1.647576135e-16)
(-68.30168668 -25.46595512 1.806030922e-16)
(-68.44949531 -24.68353526 1.902120801e-16)
(-68.58636228 -23.90150609 1.828558713e-16)
(-68.71247908 -23.12008638 1.62389243e-16)
(-68.82805124 -22.33949038 1.444937328e-16)
(-68.93327476 -21.55992448 1.553980964e-16)
(-69.02834848 -20.78158053 1.529783348e-16)
(-69.11347441 -20.00464539 1.514592599e-16)
(-69.1888517 -19.22929836 7.775005825e-17)
(-69.25468072 -18.45570649 -1.408185726e-17)
(-69.31116418 -17.684033 -3.805036278e-18)
(-69.3584971 -16.91443312 2.637903749e-17)
(-69.39687636 -16.14705075 6.918905012e-17)
(-69.42650354 -15.38202331 3.147856446e-17)
(-69.44757503 -14.61948447 6.527675412e-17)
(-69.46028875 -13.85956112 8.059175578e-17)
(-69.46483848 -13.10236605 7.113112025e-17)
(-69.46141721 -12.348014 5.521428509e-17)
(-69.45022225 -11.59660744 3.477291351e-17)
(-69.43144457 -10.8482497 3.582557341e-17)
(-69.40527559 -10.1030273 5.078630541e-17)
(-69.37190648 -9.361031283 8.192742647e-17)
(-69.33152807 -8.622355742 7.538278716e-17)
(-69.28503317 -7.887215647 8.904742358e-17)
(-69.47097702 -7.224749052 7.077466134e-17)
)
;
    }
    outlet
    {
        type            calculated;
        value           uniform (0 0 0);
    }
    front
    {
        type            wedge;
    }
    back
    {
        type            wedge;
    }
    procBoundary3to1
    {
        type            processor;
        value           uniform (0 0 0);
    }
    procBoundary3to2
    {
        type            processor;
        value           uniform (0 0 0);
    }
}


// ************************************************************************* //
