/*--------------------------------*- C++ -*----------------------------------*\
| =========                 |                                                 |
| \\      /  F ield         | OpenFOAM: The Open Source CFD Toolbox           |
|  \\    /   O peration     | Version:  v1706                                 |
|   \\  /    A nd           | Web:      www.OpenFOAM.com                      |
|    \\/     M anipulation  |                                                 |
\*---------------------------------------------------------------------------*/
FoamFile
{
    version     2.0;
    format      ascii;
    class       volVectorField;
    location    "0.00131";
    object      wallShearStress;
}
// * * * * * * * * * * * * * * * * * * * * * * * * * * * * * * * * * * * * * //

dimensions      [1 -1 -2 0 0 0 0];


internalField   uniform (0 0 0);

boundaryField
{
    inlet
    {
        type            calculated;
        value           uniform (0 0 0);
    }
    object
    {
        type            calculated;
        value           nonuniform List<vector> 
300
(
(-2.657016608 -0.8510318141 2.588615847e-14)
(-2.510762395 -1.386494876 4.704836541e-14)
(-2.522803604 -2.138891655 4.990038634e-14)
(-2.531076841 -2.919373717 1.436959338e-14)
(-2.543722765 -3.702354665 2.749252688e-14)
(-2.561844198 -4.480087757 2.555717095e-14)
(-2.586057559 -5.249213449 5.134349076e-14)
(-2.616889254 -6.008070889 6.445570834e-14)
(-2.654800003 -6.75589347 6.978277322e-14)
(-2.700170773 -7.492475158 7.843900761e-14)
(-2.753293395 -8.217987768 6.032033288e-14)
(-2.814370655 -8.932859128 5.148004313e-14)
(-2.883523864 -9.637683343 4.004636514e-14)
(-2.960804814 -10.33315223 3.455698292e-14)
(-3.046209557 -11.02000333 2.727950118e-14)
(-3.139692059 -11.69898127 1.719989777e-14)
(-3.241176647 -12.37081025 -1.732737799e-17)
(-3.350568624 -13.03617554 -2.036780422e-15)
(-3.467762915 -13.69571234 -4.707946401e-15)
(-3.592650716 -14.34999955 -4.137715033e-15)
(-3.725124519 -14.99955823 -4.691379084e-15)
(-3.865081721 -15.64485255 -8.631191668e-15)
(-4.012427034 -16.28629293 -9.895452962e-15)
(-4.16707412 -16.92424034 -4.964017695e-15)
(-4.328946634 -17.55901166 -7.706991815e-16)
(-4.497978762 -18.19088523 3.264781127e-16)
(-4.67411553 -18.82010646 1.058114865e-15)
(-4.857313028 -19.44689401 2.397254853e-15)
(-5.047538339 -20.07144504 6.267857255e-15)
(-5.244769598 -20.69394074 8.830955809e-15)
(-5.44899582 -21.31455161 7.647864111e-15)
(-5.660216713 -21.93344212 6.850338594e-15)
(-5.878442006 -22.55077476 5.990707384e-15)
(-6.103690665 -23.16671365 5.224708026e-15)
(-6.335989277 -23.78142697 4.344900466e-15)
(-6.575369817 -24.39508827 3.75868912e-15)
(-6.821866105 -25.00787553 1.929276404e-15)
(-7.075509435 -25.61996846 -2.195434727e-15)
(-7.336322347 -26.23154182 -1.191064908e-15)
(-7.604312114 -26.84275653 4.538333842e-16)
(-7.879463348 -27.45374651 4.099591501e-15)
(-8.16173157 -28.0646027 5.334787608e-15)
(-8.451039028 -28.67535594 4.601908596e-15)
(-8.74727396 -29.28596075 4.000695139e-15)
(-9.050293799 -29.89628315 1.425434215e-15)
(-9.359932274 -30.50609613 1.114714906e-15)
(-9.676007898 -31.11508301 2.008781294e-15)
(-9.998332834 -31.72284749 2.315538741e-15)
(-10.32672121 -32.32893019 3.153920187e-15)
(-10.66099587 -32.93282773 8.254589596e-15)
(-11.00099411 -33.53401391 7.561613899e-15)
(-11.3465716 -34.13196024 9.740824392e-15)
(-11.69760562 -34.72615598 7.84671834e-15)
(-12.0539972 -35.31612609 6.222568438e-15)
(-12.41567187 -35.9014451 9.274016222e-15)
(-12.78258104 -36.48175016 7.560693805e-15)
(-13.15470239 -37.05675014 6.218815489e-15)
(-13.53203995 -37.62623261 4.715872287e-15)
(-13.91462455 -38.19006804 4.017366862e-15)
(-14.30251396 -38.74821375 2.542436821e-15)
(-14.69579189 -39.30071398 2.992309826e-15)
(-15.09456645 -39.84769958 3.085240818e-15)
(-15.4989666 -40.38938426 2.029037376e-15)
(-15.90913488 -40.92605793 -3.467517626e-17)
(-16.32521777 -41.45807356 -2.401059544e-16)
(-16.74735082 -41.98582981 -1.119066399e-15)
(-17.17564041 -42.50974076 -1.300745428e-15)
(-17.61014496 -43.03019987 -1.204945323e-15)
(-18.05085956 -43.54753654 -2.015862816e-15)
(-18.49770873 -44.06197476 -3.570953146e-15)
(-18.95055149 -44.57360166 -3.851954137e-15)
(-19.40919436 -45.08235417 -5.952895737e-16)
(-19.87341124 -45.58802692 -3.140237986e-16)
(-20.34296322 -46.0902981 -2.062382377e-15)
(-20.81761518 -46.58876174 -1.515967721e-15)
(-21.29715027 -47.08296602 -1.670052918e-15)
(-21.78138098 -47.57245101 -3.18496698e-15)
(-22.27015846 -48.05678357 -5.365206249e-15)
(-22.76337757 -48.53558835 -6.753238544e-15)
(-23.2609829 -49.00856973 -5.388366989e-15)
(-23.76297367 -49.47553456 -3.951544103e-15)
(-24.26940708 -49.93640578 -1.46967798e-15)
(-24.78040108 -50.39123427 -4.391608611e-16)
(-25.29613371 -50.84020907 -5.784683024e-16)
(-25.81683285 -51.28365744 5.493683904e-16)
(-26.34275217 -51.72203216 6.076736557e-16)
(-26.87413218 -52.15587049 1.887944451e-16)
(-27.41115309 -52.58572743 -2.14863673e-16)
(-27.95389544 -53.01208566 4.571686996e-16)
(-28.50232095 -53.43527303 1.888964348e-15)
(-29.05627396 -53.85540986 9.601063704e-16)
(-29.615497 -54.27238966 1.327667011e-15)
(-30.17965591 -54.68588777 3.251238525e-15)
(-30.74837549 -55.09539608 2.826727223e-15)
(-31.32128205 -55.50028654 3.786571727e-15)
(-31.89804541 -55.899892 2.481201991e-15)
(-32.47841262 -56.29359079 8.463164349e-16)
(-33.06222359 -56.68088056 -2.089569743e-17)
(-33.64941015 -57.06142613 -2.410487104e-16)
(-34.23997089 -57.43507217 -4.443750151e-16)
(-34.83393626 -57.8017953 -1.464560574e-15)
(-35.43134704 -58.16167202 -1.238485772e-15)
(-36.03223925 -58.51482448 -2.829733532e-15)
(-36.63663412 -58.86138958 -8.658244732e-16)
(-37.24452963 -59.20148783 -5.766764095e-16)
(-37.85591354 -59.5352146 -4.512061793e-16)
(-38.47075193 -59.86265313 -6.565276058e-16)
(-39.08898874 -60.18381351 -1.021639352e-15)
(-39.71058381 -60.49872198 -1.486096988e-15)
(-40.3355081 -60.80735388 2.645730261e-16)
(-40.96383097 -61.10978475 -1.684207247e-15)
(-41.59571819 -61.40619757 -2.312234148e-15)
(-42.2314455 -61.69699175 -1.320836063e-15)
(-42.87129289 -61.982674 -1.200499541e-15)
(-43.51546243 -62.26374383 -6.87924179e-16)
(-44.16402472 -62.54051095 -5.816536933e-16)
(-44.81687709 -62.81316619 -2.058107591e-15)
(-45.47373704 -63.08122902 -8.762042603e-16)
(-46.13448055 -63.34491082 -2.585606232e-16)
(-46.79817661 -63.60294094 4.621220803e-17)
(-47.46467579 -63.8545814 1.882317055e-15)
(-48.13424914 -64.09978699 2.622959207e-15)
(-48.80830915 -64.33855519 8.736049504e-16)
(-49.49135855 -64.5765764 9.686436183e-16)
(-50.18063862 -64.81430596 2.000929136e-15)
(-50.85385846 -65.02523311 2.805456476e-15)
(-51.52831541 -65.22325509 1.673058439e-15)
(-52.20441861 -65.41383574 6.009912267e-16)
(-52.88312981 -65.59892963 2.780000739e-16)
(-53.56491372 -65.77934009 -1.037565046e-15)
(-54.24988385 -65.95522887 -1.15186215e-15)
(-54.93793349 -66.12640195 -1.914476545e-15)
(-55.62879787 -66.29242774 -8.257825881e-16)
(-56.32214591 -66.45276288 -8.254341633e-16)
(-57.01766482 -66.6068973 -9.72845831e-16)
(-57.71508552 -66.75439193 -1.236399464e-15)
(-58.41423588 -66.89498363 -1.81380691e-15)
(-59.1150153 -67.02854223 -1.647678551e-15)
(-59.81741147 -67.1551075 -1.425036937e-15)
(-60.52143526 -67.27478504 -5.091583118e-16)
(-61.22711435 -67.38772447 -8.976623324e-16)
(-61.93446192 -67.49405653 -1.1516013e-15)
(-62.64346599 -67.59387141 -8.76434138e-16)
(-63.35408684 -67.68720144 -5.483599255e-16)
(-64.06625189 -67.77402054 -2.503282435e-16)
(-64.77987291 -67.85426029 -3.915867513e-16)
(-65.49486587 -67.92786087 -1.627592131e-16)
(-66.21114007 -67.9947514 1.653490955e-16)
(-66.92861613 -68.05487909 -1.635342415e-17)
(-67.64722981 -68.10822714 5.53873947e-16)
(-68.36692246 -68.15478211 4.304730789e-16)
(-69.08763037 -68.19454618 -2.380382607e-16)
(-69.80929881 -68.22752045 6.196129119e-16)
(-70.53187342 -68.25371066 2.676934797e-16)
(-71.25529695 -68.27312326 -1.690765552e-16)
(-71.97950838 -68.28574836 -2.154010376e-16)
(-72.70445198 -68.29158629 -3.586159347e-16)
(-73.4300721 -68.29063445 -7.12354074e-16)
(-74.15630174 -68.28288228 -1.000201311e-15)
(-74.88308862 -68.26832755 -2.639928855e-16)
(-75.61038006 -68.24698277 3.239622287e-16)
(-76.338114 -68.21883435 5.434457786e-16)
(-77.0662431 -68.18389817 4.503879849e-17)
(-77.79470637 -68.14217325 5.622899528e-17)
(-78.52344772 -68.0936581 -1.54899353e-17)
(-79.25241916 -68.03836545 1.260720243e-16)
(-79.98155867 -67.97629289 5.137905073e-16)
(-80.71081429 -67.90744498 -2.961619529e-16)
(-81.44013388 -67.83182918 -2.141941976e-16)
(-82.16945248 -67.7494412 -7.499158124e-16)
(-82.89871809 -67.66028057 -9.606305141e-16)
(-83.62788111 -67.5643634 -1.418173163e-15)
(-84.35687788 -67.46168518 -1.061775831e-15)
(-85.08565202 -67.35224175 -2.836594522e-16)
(-85.81414282 -67.23604908 -6.908257882e-17)
(-86.5423006 -67.11310675 6.300137279e-16)
(-87.27006773 -66.98342628 3.721929944e-16)
(-87.99737556 -66.84700147 1.252500645e-16)
(-88.72417439 -66.70384339 2.833285817e-16)
(-89.45040896 -66.55395576 2.803704608e-16)
(-90.17601611 -66.39734589 3.703904612e-16)
(-90.9009407 -66.23402303 2.456451611e-16)
(-91.62513112 -66.06399257 2.982314725e-17)
(-92.348531 -65.88726935 -1.306308131e-16)
(-93.07108171 -65.70386217 -2.115297806e-16)
(-93.79273461 -65.51378085 -8.321010382e-16)
(-94.51343109 -65.3170397 -1.228936015e-15)
(-95.2331097 -65.11364388 -1.173571263e-15)
(-95.95172413 -64.90360392 -1.489753363e-15)
(-96.66922718 -64.6869491 -1.45576445e-15)
(-97.38555519 -64.46368023 -1.489138585e-15)
(-98.10065358 -64.23380595 -2.143219609e-15)
(-98.81447517 -63.99735899 -1.982299428e-15)
(-99.52695144 -63.75435672 -1.844290905e-15)
(-100.2380314 -63.50481381 -1.709097208e-15)
(-100.9476629 -63.24874153 -2.320615631e-15)
(-101.6558006 -62.98615476 -1.955370296e-15)
(-102.3623921 -62.71706838 -1.806421678e-15)
(-103.0673886 -62.44159258 -1.596722547e-15)
(-103.7760154 -62.1897818 -1.342209531e-15)
(-105.5186993 -61.21679819 6.409599067e-16)
(-106.3435948 -60.9306782 -1.304181434e-16)
(-106.8057866 -60.98287843 -1.682554932e-15)
(-107.1531 -61.15473471 -1.393083377e-15)
(-107.4600614 -61.34816954 -1.338921824e-15)
(-107.7499148 -61.53588587 -1.45950239e-15)
(-108.0296693 -61.71389903 -9.049924243e-16)
(-108.3016554 -61.88368932 -1.367182035e-15)
(-108.5668689 -62.0470548 -9.081888888e-16)
(-108.8258291 -62.20512774 -2.166989357e-15)
(-109.0786518 -62.35834355 -2.72900267e-15)
(-109.3250542 -62.50660703 -3.164546343e-15)
(-109.5643735 -62.64944032 -4.483353884e-15)
(-109.7956096 -62.78612235 -3.816513979e-15)
(-110.0176223 -62.91589401 -4.951570425e-15)
(-110.2292715 -63.03810007 -5.386299584e-15)
(-110.4296044 -63.15233786 -4.89075424e-15)
(-110.6180509 -63.25856334 -3.306986425e-15)
(-110.7944843 -63.35709419 -3.441438804e-15)
(-110.9592782 -63.44858744 -3.690305833e-15)
(-111.1132332 -63.53392971 -3.797699881e-15)
(-111.2574625 -63.61412207 -3.685050424e-15)
(-111.3933097 -63.69019567 -4.182183406e-15)
(-111.5221606 -63.76308269 -2.944573003e-15)
(-111.64534 -63.83356885 -3.608326766e-15)
(-111.7640273 -63.902261 -2.92798658e-15)
(-111.8791666 -63.96956616 -3.670702226e-15)
(-111.9915007 -64.03574208 -4.98371809e-15)
(-112.1015316 -64.10089564 -5.110915025e-15)
(-112.2095432 -64.16502211 -5.324347523e-15)
(-112.3156738 -64.22805565 -6.17133392e-15)
(-112.4199186 -64.28987874 -5.290160916e-15)
(-112.5222005 -64.35036476 -5.163600157e-15)
(-112.6223784 -64.4093746 -3.965510417e-15)
(-112.720267 -64.46677108 -3.873279846e-15)
(-112.8156985 -64.52244665 -3.342806543e-15)
(-112.9085057 -64.57631404 -3.38997238e-15)
(-112.9985748 -64.62833582 -2.972466871e-15)
(-113.0858351 -64.67851164 -3.705962831e-15)
(-113.1702586 -64.72688019 -3.591202992e-15)
(-113.2519168 -64.77354641 -3.988024473e-15)
(-113.3309309 -64.81864062 -3.127099425e-15)
(-113.407458 -64.86230853 -3.006732779e-15)
(-113.4817093 -64.90471108 -4.189052294e-15)
(-113.5538917 -64.94598842 -3.675212596e-15)
(-113.6242211 -64.98626805 -2.843766478e-15)
(-113.6928818 -65.02563921 -3.716246918e-15)
(-113.7600109 -65.06415665 -3.300998404e-15)
(-113.8257373 -65.10186666 -3.057477951e-15)
(-113.8901526 -65.13880043 -2.686347875e-15)
(-113.9533585 -65.17500862 -2.964151099e-15)
(-114.0154575 -65.21055347 -3.108970251e-15)
(-114.0765554 -65.24551568 -3.285794728e-15)
(-114.1368239 -65.28002745 -3.454768401e-15)
(-114.1964531 -65.31423435 -2.944325623e-15)
(-114.2556697 -65.3483055 -2.454087335e-15)
(-114.3147348 -65.38242295 -3.110308833e-15)
(-114.3738994 -65.41675244 -2.610565137e-15)
(-114.4334461 -65.45146692 -2.349680887e-15)
(-114.493631 -65.48670703 -2.769824542e-15)
(-114.5546714 -65.52258285 -2.150211062e-15)
(-114.616779 -65.55919379 -1.88025495e-15)
(-114.6801245 -65.59661638 -1.79627531e-15)
(-114.7448798 -65.63493589 -1.672830748e-15)
(-114.8112047 -65.67423846 -1.385570219e-15)
(-114.8792535 -65.71462393 -1.132454129e-15)
(-114.9492251 -65.75623031 -1.764975769e-15)
(-115.0213329 -65.79921484 -1.133585747e-15)
(-115.0958383 -65.8437684 -6.563418183e-16)
(-115.1730177 -65.89008248 -1.231710099e-15)
(-115.2531344 -65.93833058 -1.053636486e-15)
(-115.3364714 -65.98868015 -1.297834261e-15)
(-115.4232619 -66.04124384 -1.467382467e-15)
(-115.5136672 -66.09607301 -1.059798538e-15)
(-115.6077999 -66.15317174 -8.563218284e-16)
(-115.7056816 -66.21248205 -8.187027566e-16)
(-115.8072808 -66.27391762 -4.123241009e-16)
(-115.9125023 -66.33736185 -3.51166745e-16)
(-116.021201 -66.40269045 -2.041315524e-17)
(-116.1332435 -66.46980887 -8.504597737e-17)
(-116.2484949 -66.53864714 1.478770614e-16)
(-116.3668708 -66.60918839 1.974142891e-16)
(-116.4883213 -66.68144757 3.90936134e-16)
(-116.6128218 -66.7554617 -1.300493853e-16)
(-116.7404181 -66.8313067 -2.312768377e-17)
(-116.871159 -66.90904442 2.153806347e-16)
(-117.0050998 -66.98872393 -9.019364747e-17)
(-117.1422889 -67.07036849 -3.039969044e-16)
(-117.282719 -67.15394992 -3.947876594e-16)
(-117.4263753 -67.23942302 -3.268681791e-16)
(-117.5731855 -67.32669898 -4.89058336e-16)
(-117.7230236 -67.41566174 -3.548165046e-16)
(-117.8757587 -67.50620157 -2.859856998e-16)
(-118.0312344 -67.598211 -2.535557627e-16)
(-118.1893214 -67.69162057 -2.713267073e-16)
(-118.3499075 -67.78638819 -3.014939979e-16)
(-118.5128996 -67.88250192 -3.832307156e-16)
(-118.6782836 -67.98000971 -8.774184227e-16)
(-118.8460646 -68.0789776 -7.196143053e-16)
(-119.012713 -68.18520558 -7.396648457e-16)
)
;
    }
    outlet
    {
        type            calculated;
        value           uniform (0 0 0);
    }
    front
    {
        type            wedge;
    }
    back
    {
        type            wedge;
    }
}


// ************************************************************************* //
