/*--------------------------------*- C++ -*----------------------------------*\
| =========                 |                                                 |
| \\      /  F ield         | OpenFOAM: The Open Source CFD Toolbox           |
|  \\    /   O peration     | Version:  v1706                                 |
|   \\  /    A nd           | Web:      www.OpenFOAM.com                      |
|    \\/     M anipulation  |                                                 |
\*---------------------------------------------------------------------------*/
FoamFile
{
    version     2.0;
    format      ascii;
    class       volScalarField;
    location    "0.00131";
    object      wallHeatFlux;
}
// * * * * * * * * * * * * * * * * * * * * * * * * * * * * * * * * * * * * * //

dimensions      [1 0 -3 0 0 0 0];


internalField   uniform 0;

boundaryField
{
    inlet
    {
        type            calculated;
        value           uniform 0;
    }
    object
    {
        type            calculated;
        value           nonuniform List<scalar> 
300
(
635108.7768
636376.0663
636840.4219
637090.4781
637229.1689
637294.8327
637306.8062
637276.6837
637212.2115
637118.9288
637000.9641
636861.4601
636702.838
636526.965
636335.2813
636128.8869
635908.6135
635675.0818
635428.7524
635169.9515
634898.9091
634615.7797
634320.6579
634013.5924
633694.6018
633363.6772
633020.7851
632665.8831
632298.9081
631919.7834
631528.4209
631124.7207
630708.5606
630279.8034
629838.2892
629383.8395
628916.2483
628435.295
627940.7264
627432.2833
626909.6999
626372.7199
625821.1195
625254.7274
624673.4403
624077.2506
623466.2551
622840.6528
622200.751
621546.9473
620879.7191
620199.5943
619507.1403
618802.9448
618087.5733
617361.5709
616625.4318
615879.5787
615124.3478
614359.9856
613586.6206
612804.2664
612012.8114
611212.0125
610401.511
609580.8542
608749.5137
607906.9401
607052.6214
606186.1476
605307.2814
604415.9599
603512.3247
602596.7099
601669.5882
600731.5323
599783.163
598825.1084
597857.9344
596882.1196
595898.0144
594905.7911
593905.4116
592896.6143
591878.8897
590851.4915
589813.5011
588763.9375
587701.9245
586626.8297
585538.3749
584436.6893
583322.2986
582196.0794
581059.1503
579912.7364
578758.01
577595.9248
576427.164
575252.088
574070.7835
572883.1515
571689.1007
570488.4245
569280.9106
568066.482
566845.0172
565616.5465
564381.1056
563138.7033
561889.1619
560632.0245
559366.294
558090.7663
556804.192
555505.886
554195.3969
552873.8509
551540.7367
550199.3529
548851.213
547496.0363
546131.8794
544742.9129
543338.5742
541993.743
540655.5602
539314.3439
537965.4232
536606.5351
535237.0793
533857.4172
532468.5649
531071.9286
529668.8076
528260.3928
526847.3751
525430.2212
524008.9313
522583.2426
521152.8336
519717.475
518276.9594
516831.2501
515380.393
513924.665
512464.2595
510999.374
509530.239
508056.9833
506579.806
505098.6267
503613.5747
502124.7442
500632.133
499135.8326
497635.9362
496132.545
494625.6649
493115.4576
491601.9346
490085.1979
488565.3334
487042.3339
485516.289
483987.2902
482455.3527
480920.5769
479383.0301
477842.7122
476299.784
474754.3178
473206.3186
471655.9241
470103.119
468548.0819
466990.8627
465431.4674
463870.0123
462306.6131
460741.2836
459174.078
457605.1306
456034.4907
454462.1852
452888.3383
451312.9625
449736.0779
448157.8416
446578.2965
444997.453
443415.3987
441832.1872
440247.9059
438662.5863
437076.2576
435489.0015
433900.8905
432311.9742
430723.9628
429297.2849
428812.8392
428258.425
427530.7509
426705.0375
425838.2982
424957.9197
424075.1758
423194.8526
422319.9481
421453.4208
420599.1754
419762.1854
418948.2551
418163.6124
417413.9671
416703.8325
416035.9438
415410.9064
414827.2679
414281.7063
413769.585
413285.6914
412824.6187
412381.4221
411951.87
411532.6121
411121.3685
410716.6749
410317.8328
409924.7637
409537.813
409157.6632
408785.0927
408420.9383
408066.0262
407721.0643
407386.6334
407063.0128
406750.1814
406447.9367
406155.7352
405872.8375
405598.4122
405331.6013
405071.6654
404817.926
404569.8501
404327.0499
404089.2032
403856.0467
403627.1905
403402.0982
403180.178
402960.57
402742.3308
402524.3901
402305.5965
402084.9254
401861.348
401633.949
401401.9531
401164.6761
400921.5403
400671.9002
400415.0422
400150.1498
399876.2494
399592.2789
399297.0214
398989.2226
398667.814
398331.8296
397980.5718
397613.6803
397231.1123
396833.1653
396420.288
395993.0401
395551.9984
395097.6259
394630.2603
394149.9678
393656.5921
393149.9267
392629.591
392095.279
391546.7584
390983.923
390406.9682
389816.2087
389212.1239
388595.3088
387966.3635
387325.8663
386674.1892
386011.4866
385337.7971
384652.8648
383956.3955
)
;
    }
    outlet
    {
        type            calculated;
        value           uniform 0;
    }
    front
    {
        type            wedge;
    }
    back
    {
        type            wedge;
    }
}


// ************************************************************************* //
