/*--------------------------------*- C++ -*----------------------------------*\
| =========                 |                                                 |
| \\      /  F ield         | OpenFOAM: The Open Source CFD Toolbox           |
|  \\    /   O peration     | Version:  v1706                                 |
|   \\  /    A nd           | Web:      www.OpenFOAM.com                      |
|    \\/     M anipulation  |                                                 |
\*---------------------------------------------------------------------------*/
FoamFile
{
    version     2.0;
    format      ascii;
    class       volVectorField;
    location    "0.00244";
    object      wallShearStress;
}
// * * * * * * * * * * * * * * * * * * * * * * * * * * * * * * * * * * * * * //

dimensions      [1 -1 -2 0 0 0 0];


internalField   uniform (0 0 0);

boundaryField
{
    inlet
    {
        type            calculated;
        value           nonuniform 0();
    }
    object
    {
        type            calculated;
        value           nonuniform List<vector> 
204
(
(-9.85163121 -26.93789489 -7.843168584e-17)
(-9.913099003 -26.97752733 5.868481347e-17)
(-9.97035028 -27.01252998 1.16474947e-16)
(-10.01877303 -27.04254329 2.889925803e-16)
(-10.05978091 -27.07581126 -2.197062269e-16)
(-10.09595851 -27.12211118 -1.735597739e-16)
(-10.12910266 -27.18264735 1.238492859e-16)
(-10.16063443 -27.25225967 7.169956913e-17)
(-10.19189891 -27.32763765 7.92479765e-17)
(-10.22351368 -27.4071122 7.5578284e-17)
(-10.25572137 -27.48981007 6.746806508e-16)
(-10.28860052 -27.57524041 1.381410069e-15)
(-10.32216402 -27.66309919 1.775350056e-15)
(-10.35640384 -27.75318516 1.326516759e-15)
(-10.39130604 -27.84535411 8.752435552e-16)
(-10.42685759 -27.93950027 4.997174559e-16)
(-10.46304736 -28.035543 1.315777059e-16)
(-10.49986788 -28.13342363 1.33492272e-17)
(-10.53731342 -28.2330964 1.244645755e-16)
(-10.57538048 -28.33452788 1.067214231e-16)
(-10.61406776 -28.43769464 -3.005566103e-17)
(-10.65337546 -28.5425807 1.662895942e-16)
(-10.69330485 -28.64917569 3.55587763e-16)
(-10.7338588 -28.75747573 3.692727325e-16)
(-10.77504179 -28.86748258 9.905435276e-17)
(-10.81685863 -28.97920033 1.439279956e-16)
(-10.85931585 -29.09263851 1.726549355e-17)
(-10.90241973 -29.20780737 1.015413005e-16)
(-10.94617906 -29.32472393 3.5868656e-16)
(-10.99060254 -29.44340569 3.17398982e-16)
(-11.0356996 -29.56387262 -9.452213034e-17)
(-11.08148042 -29.68614718 -3.585455169e-16)
(-11.12795686 -29.81025638 -1.810531801e-16)
(-11.17514045 -29.93622642 -6.869034551e-17)
(-11.22304389 -30.06408739 6.318272674e-17)
(-11.27168107 -30.19387215 -7.168110244e-17)
(-11.32106601 -30.32561394 -2.624804216e-17)
(-11.37121411 -30.45935003 -3.154863019e-16)
(-11.42214056 -30.59511722 -8.635687002e-17)
(-11.47386281 -30.73295797 -1.123612199e-17)
(-11.5263982 -30.87291466 3.234326129e-17)
(-11.57976529 -31.01503257 4.176997326e-17)
(-11.63398274 -31.15935776 2.723591632e-16)
(-11.68907155 -31.30594185 -1.306142536e-16)
(-11.74505334 -31.45483796 -9.692808951e-17)
(-11.80194941 -31.60609882 -4.864415174e-17)
(-11.85978373 -31.75978342 -8.237577903e-17)
(-11.91858088 -31.91595236 2.223526024e-16)
(-11.97836673 -32.07466946 1.526303811e-16)
(-12.03916801 -32.23600044 -1.378451557e-16)
(-12.10101236 -32.40001401 -4.326168636e-17)
(-12.16393088 -32.56678617 -1.882228257e-16)
(-12.22795441 -32.73639337 -4.871294473e-17)
(-12.29311522 -32.90891491 3.43003654e-17)
(-12.3594493 -33.08443852 -4.772200285e-17)
(-12.4269916 -33.26305057 9.158807272e-17)
(-12.49578031 -33.44484425 8.137144711e-17)
(-12.5658563 -33.62992 2.956818605e-16)
(-12.63726266 -33.81838267 1.984896916e-16)
(-12.71004402 -34.01034124 1.208599573e-16)
(-12.78424813 -34.20591205 2.911254819e-17)
(-12.85992541 -34.40521775 7.044819707e-17)
(-12.93712913 -34.60838717 1.398928805e-16)
(-13.01591735 -34.81556004 7.129451734e-17)
(-13.09634794 -35.02687699 1.072108784e-16)
(-13.17848682 -35.24249641 1.386948435e-16)
(-13.26240111 -35.46257906 4.359358351e-16)
(-13.34816428 -35.68730098 3.574145918e-16)
(-13.43585458 -35.91684945 2.87842283e-16)
(-13.52555504 -36.15142202 2.664307252e-16)
(-13.61735634 -36.39123224 1.323927353e-16)
(-13.7113524 -36.63650352 1.614984448e-16)
(-13.80764836 -36.88748302 1.211052519e-16)
(-13.90635679 -37.14443472 2.728366208e-16)
(-14.00759807 -37.40763972 1.010987737e-16)
(-14.11150302 -37.67740209 1.068127595e-16)
(-14.21821603 -37.95405682 4.502077826e-16)
(-14.32789243 -38.23796061 5.707146334e-16)
(-14.44070323 -38.52950605 3.703282508e-16)
(-14.55683721 -38.82912215 1.530484997e-16)
(-14.67649908 -39.13727328 1.58662031e-16)
(-14.79992 -39.45447935 2.580049573e-16)
(-14.92735216 -39.7813032 9.138603284e-16)
(-15.05908097 -40.11837893 7.072552437e-16)
(-15.19542496 -40.46640586 4.456469613e-16)
(-15.33674428 -40.82617042 5.60632584e-16)
(-15.48344526 -41.19854888 2.997093394e-16)
(-15.63599582 -41.58454334 1.381578613e-16)
(-15.79493386 -41.9852879 -2.035989228e-16)
(-15.9608791 -42.40207565 -5.950787841e-16)
(-16.13456188 -42.83640918 -8.121896222e-16)
(-16.31684686 -43.29003913 -5.544280191e-16)
(-16.5087694 -43.76502557 -9.016697366e-16)
(-16.71158658 -44.26381823 -1.019774808e-15)
(-16.9268463 -44.78936466 -4.5464053e-16)
(-17.15650269 -45.34528809 -3.081097293e-16)
(-17.40306192 -45.93608885 -7.586300665e-17)
(-17.66983717 -46.5674943 3.20710866e-16)
(-17.96136191 -47.24698539 3.569034234e-16)
(-18.28410186 -47.98461223 2.64233209e-16)
(-18.64784449 -48.79436479 4.084672662e-16)
(-19.06884022 -49.69623466 4.451674645e-16)
(-19.57956725 -50.71716734 4.822934671e-16)
(-20.28230763 -51.86911231 5.146362251e-16)
(-21.27568139 -52.98813063 4.317423764e-16)
(-22.19520189 -54.01389872 3.306672927e-16)
(-23.10181212 -54.89357264 1.987146419e-16)
(-24.02006087 -55.62200893 1.778332328e-16)
(-24.94727092 -56.22700504 1.271911254e-16)
(-25.88038366 -56.73169977 8.102366125e-17)
(-26.81673809 -57.15379895 1.391043576e-16)
(-27.75424113 -57.50647656 2.463559714e-16)
(-28.69130741 -57.79946226 -1.604648679e-17)
(-29.62674072 -58.03996592 2.231282709e-16)
(-30.5596071 -58.23337772 1.09101587e-16)
(-31.48913566 -58.38377995 2.441655982e-16)
(-32.41466475 -58.49433119 2.729110122e-16)
(-33.33559538 -58.56752105 2.412827534e-16)
(-34.25137125 -58.6053689 1.964267362e-16)
(-35.1614674 -58.60954989 7.101908049e-17)
(-36.065389 -58.58148266 1.661366822e-16)
(-36.96279813 -58.5224047 2.750500713e-16)
(-37.85473225 -58.43187351 2.126150401e-16)
(-38.75832351 -58.31538429 1.864874358e-16)
(-39.69125873 -58.20587759 1.307049951e-16)
(-40.57458197 -58.06129637 1.29424629e-16)
(-41.44460499 -57.88320241 1.436447416e-16)
(-42.30285324 -57.67666385 1.313758435e-16)
(-43.14995525 -57.44277646 1.761827202e-16)
(-43.98589758 -57.18242471 1.069516516e-16)
(-44.81048526 -56.89650177 1.427542232e-17)
(-45.62342906 -56.58588112 6.588054141e-18)
(-46.42443906 -56.2514412 2.748701558e-17)
(-47.21321997 -55.89402369 -2.281883305e-17)
(-47.98949282 -55.51444391 8.39720479e-17)
(-48.75299434 -55.11348847 2.842078412e-16)
(-49.50347981 -54.69191717 2.382179766e-16)
(-50.24071239 -54.25045591 4.467701727e-16)
(-50.9644758 -53.78981153 1.268651744e-16)
(-51.67457777 -53.31067801 1.997307075e-16)
(-52.37083948 -52.81373206 4.93659383e-17)
(-53.05309822 -52.2996352 1.091712417e-16)
(-53.7212107 -51.76903888 1.875328538e-16)
(-54.37504401 -51.22257591 2.11448692e-16)
(-55.01449136 -50.66087923 3.638308828e-16)
(-55.63941083 -50.08458499 4.120235415e-16)
(-56.24972513 -49.49428225 3.73792504e-16)
(-56.84537594 -48.89055805 8.138260986e-17)
(-57.42631502 -48.27398915 1.653860408e-16)
(-57.99250994 -47.64514603 3.241380875e-16)
(-58.54393264 -47.0045819 3.46578078e-16)
(-59.08057078 -46.3528435 2.541710156e-16)
(-59.6024273 -45.69046983 2.951548055e-16)
(-60.10951951 -45.01799123 2.537180648e-16)
(-60.60186773 -44.33592205 2.01582187e-16)
(-61.07951591 -43.64477353 2.002535273e-16)
(-61.54251546 -42.94504395 3.090013494e-16)
(-61.99091939 -42.23721779 3.827334896e-16)
(-62.42480806 -41.52177332 4.315911555e-16)
(-62.84425687 -40.7991777 3.514101917e-16)
(-63.24936042 -40.06988619 4.967973359e-16)
(-63.6402215 -39.33434582 3.059891227e-16)
(-64.01694675 -38.59298917 2.99264168e-16)
(-64.37965505 -37.84624092 4.49046413e-16)
(-64.72847405 -37.09451472 3.669334803e-16)
(-65.06353522 -36.33820983 3.254460194e-16)
(-65.38497955 -35.57772123 2.482435077e-16)
(-65.69295368 -34.81342718 2.18707096e-16)
(-65.9876069 -34.04569549 2.365406843e-16)
(-66.26909794 -33.27488494 3.340875874e-16)
(-66.53759121 -32.50134358 3.100735599e-16)
(-66.79325273 -31.7254098 2.806851895e-16)
(-67.03625726 -30.94740661 2.609193144e-16)
(-67.26677898 -30.1676545 2.640195028e-16)
(-67.48499534 -29.38645414 2.443799378e-16)
(-67.69109287 -28.60410288 2.222099555e-16)
(-67.88525193 -27.82088528 2.733673114e-16)
(-68.06766319 -27.03707442 2.429587222e-16)
(-68.23851379 -26.25293719 2.612916066e-16)
(-68.39799846 -25.468726 1.61297592e-16)
(-68.54631125 -24.68469139 2.208477218e-16)
(-68.68364717 -23.90106809 2.206412774e-16)
(-68.81019588 -23.11808012 2.016533472e-16)
(-68.92616114 -22.33594732 1.801034574e-16)
(-69.03173722 -21.55488195 1.853755375e-16)
(-69.12712132 -20.77508208 1.714657926e-16)
(-69.21251392 -19.996741 1.274750357e-16)
(-69.28811273 -19.22004477 9.837551409e-17)
(-69.35411685 -18.4451674 9.434526176e-18)
(-69.41072784 -17.67227928 8.815842183e-18)
(-69.45813979 -16.901543 1.482008277e-17)
(-69.49654881 -16.13310996 3.167554191e-17)
(-69.52615597 -15.36712518 2.775192646e-18)
(-69.54715736 -14.60372998 6.604972945e-17)
(-69.55975088 -13.84305894 7.740626026e-17)
(-69.56413053 -13.08523249 7.316160565e-17)
(-69.56048983 -12.33037291 5.707023439e-17)
(-69.54902694 -11.5785901 3.533526722e-17)
(-69.52993392 -10.82999463 3.667023408e-17)
(-69.5034037 -10.08467999 5.213408792e-17)
(-69.46962918 -9.342743905 8.262781441e-17)
(-69.42880328 -8.604286575 7.24546258e-17)
(-69.38182045 -7.869525939 8.668211887e-17)
(-69.56720088 -7.207603474 6.744003811e-17)
)
;
    }
    outlet
    {
        type            calculated;
        value           uniform (0 0 0);
    }
    front
    {
        type            wedge;
    }
    back
    {
        type            wedge;
    }
    procBoundary3to1
    {
        type            processor;
        value           uniform (0 0 0);
    }
    procBoundary3to2
    {
        type            processor;
        value           uniform (0 0 0);
    }
}


// ************************************************************************* //
