/*--------------------------------*- C++ -*----------------------------------*\
| =========                 |                                                 |
| \\      /  F ield         | OpenFOAM: The Open Source CFD Toolbox           |
|  \\    /   O peration     | Version:  v1706                                 |
|   \\  /    A nd           | Web:      www.OpenFOAM.com                      |
|    \\/     M anipulation  |                                                 |
\*---------------------------------------------------------------------------*/
FoamFile
{
    version     2.0;
    format      ascii;
    class       volVectorField;
    location    "0.00252";
    object      wallShearStress;
}
// * * * * * * * * * * * * * * * * * * * * * * * * * * * * * * * * * * * * * //

dimensions      [1 -1 -2 0 0 0 0];


internalField   uniform (0 0 0);

boundaryField
{
    inlet
    {
        type            calculated;
        value           uniform (0 0 0);
    }
    object
    {
        type            calculated;
        value           nonuniform List<vector> 
300
(
(-1.248207584 -0.7950003446 5.190581864e-15)
(-1.186186451 -1.297561158 -1.733717119e-15)
(-1.203421104 -2.008120257 -1.599935189e-14)
(-1.223411883 -2.7502347 -3.87573291e-15)
(-1.24964107 -3.499849225 -6.54719031e-15)
(-1.28242739 -4.249573269 -2.269023667e-14)
(-1.321922995 -4.995979376 -3.245710397e-14)
(-1.368290797 -5.737155731 -3.227798447e-14)
(-1.421703993 -6.472011199 -1.841146438e-14)
(-1.482331084 -7.20000813 -1.786013194e-14)
(-1.550323416 -7.921022223 -1.550042527e-14)
(-1.625806592 -8.635244344 -8.778805651e-15)
(-1.708874956 -9.343096961 -6.495691268e-15)
(-1.799588442 -10.04515749 -9.949489111e-15)
(-1.897971289 -10.74208629 -1.20181492e-14)
(-2.004012583 -11.43456115 -1.126003774e-14)
(-2.117668705 -12.12321999 -1.168196959e-14)
(-2.238867959 -12.80861494 -1.103556168e-14)
(-2.367517389 -13.49118061 -1.136093545e-14)
(-2.503511369 -14.17121805 -1.184983816e-14)
(-2.646741177 -14.84889576 -1.159868589e-14)
(-2.7971043 -15.52426518 -8.611825229e-15)
(-2.954512377 -16.19728837 -5.14798354e-15)
(-3.11889684 -16.86787226 -6.472663391e-15)
(-3.2902118 -17.53590427 -7.560106042e-15)
(-3.468434317 -18.20128526 -1.049347646e-14)
(-3.653562151 -18.86395485 -1.30699321e-14)
(-3.845609654 -19.52390763 -1.17155548e-14)
(-4.044602313 -20.18119903 -1.032236882e-14)
(-4.250570547 -20.83594087 -1.214752061e-14)
(-4.463543521 -21.48828854 -1.762071544e-14)
(-4.683543644 -22.13842171 -1.688288519e-14)
(-4.91058257 -22.78652243 -1.889204574e-14)
(-5.144659194 -23.4327533 -1.596401195e-14)
(-5.385760094 -24.07724035 -1.457800674e-14)
(-5.633862021 -24.72006223 -1.536349425e-14)
(-5.888935969 -25.3612481 -1.385379107e-14)
(-6.150951674 -26.0007832 -1.441033598e-14)
(-6.419881509 -26.63861978 -1.657051579e-14)
(-6.695703199 -27.27469154 -1.595547789e-14)
(-6.978400633 -27.90892662 -1.568573211e-14)
(-7.267963055 -28.54125827 -1.444203648e-14)
(-7.564382503 -29.17162965 -1.381722897e-14)
(-7.867650319 -29.79999345 -1.164597224e-14)
(-8.17775341 -30.42630644 -1.090630289e-14)
(-8.494671058 -31.05052023 -1.044854619e-14)
(-8.818373402 -31.67257183 -1.08039001e-14)
(-9.148822166 -32.29237682 -1.052338815e-14)
(-9.485973034 -32.90982534 -1.105174977e-14)
(-9.829780711 -33.52478865 -1.364728469e-14)
(-10.18020299 -34.13712627 -1.573284001e-14)
(-10.53720556 -34.74670257 -1.253630216e-14)
(-10.90076312 -35.35339713 -1.206576752e-14)
(-11.27085886 -35.95711474 -9.596139989e-15)
(-11.64748105 -36.55778831 -8.93443136e-15)
(-12.03061813 -37.1553745 -9.094017177e-15)
(-12.42025224 -37.74984011 -8.182809484e-15)
(-12.81635517 -38.34114979 -7.722574358e-15)
(-13.21888533 -38.92924899 -5.973255908e-15)
(-13.62778984 -39.51405659 -6.785250023e-15)
(-14.04300808 -40.09545956 -5.640345438e-15)
(-14.46447971 -40.67332464 -5.385336053e-15)
(-14.89215134 -41.24751373 -4.247981554e-15)
(-15.32598149 -41.81790204 -3.752512076e-15)
(-15.76594171 -42.38439403 -3.115013386e-15)
(-16.21201132 -42.94692562 -3.528114314e-15)
(-16.66417111 -43.50546272 -4.522315666e-15)
(-17.12239268 -44.05998125 -5.161075432e-15)
(-17.58662962 -44.61044258 -3.972347942e-15)
(-18.05681835 -45.15678296 -3.050875611e-15)
(-18.53287774 -45.69889078 -2.11390488e-15)
(-19.01472186 -46.23661827 -2.281680976e-15)
(-19.50227501 -46.76980562 -1.34149025e-15)
(-19.99548374 -47.29831133 -7.111742031e-16)
(-20.49432571 -47.82204792 -3.783387364e-16)
(-20.99880403 -48.34099253 -9.141979622e-16)
(-21.50893587 -48.8551887 -2.683038124e-15)
(-22.02473114 -49.36471757 -2.667688689e-15)
(-22.54617015 -49.86964987 -2.922519006e-15)
(-23.07318676 -50.36999168 -3.71765607e-15)
(-23.60566567 -50.86564708 -2.613135194e-15)
(-24.14346464 -51.3564287 -2.333239083e-15)
(-24.68643842 -51.84207988 -2.547764147e-15)
(-25.23447253 -52.32234528 -2.462811688e-15)
(-25.7875071 -52.79704227 -1.98625043e-15)
(-26.34553705 -53.26610067 -1.536246383e-15)
(-26.90859692 -53.7295769 -1.241611713e-15)
(-27.47671983 -54.18759964 -1.692385412e-16)
(-28.04989404 -54.64028627 7.130424321e-16)
(-28.62803592 -55.08766155 3.692626954e-16)
(-29.21098614 -55.52960071 1.32347315e-15)
(-29.79853729 -55.9658372 1.949686191e-15)
(-30.39048037 -56.3960267 1.464654656e-15)
(-30.98665135 -56.81984477 8.361698836e-16)
(-31.58696109 -57.2370782 1.346908214e-15)
(-32.19139256 -57.6476645 8.959007934e-16)
(-32.79997838 -58.05168365 5.046770233e-16)
(-33.41275386 -58.44928392 2.847440962e-16)
(-34.02972022 -58.8406023 -1.090605106e-16)
(-34.65082862 -59.22570454 -6.24929355e-16)
(-35.27597513 -59.60455045 -1.71384251e-15)
(-35.90501749 -59.97701384 -9.772967014e-16)
(-36.53778617 -60.34290171 -1.755570314e-15)
(-37.17410721 -60.70199194 -1.264567175e-15)
(-37.81382218 -61.05406644 -1.775842383e-15)
(-38.4568207 -61.39897184 -1.528011903e-15)
(-39.10305644 -61.7366552 -1.129234137e-15)
(-39.75254458 -62.06717716 -3.218145844e-16)
(-40.40534584 -62.39070443 -3.047837668e-16)
(-41.06152026 -62.70744216 1.529494638e-17)
(-41.72106909 -63.01754296 8.460145754e-16)
(-42.38390479 -63.32103615 8.980323428e-16)
(-43.04982426 -63.61775898 -9.421682182e-17)
(-43.71856253 -63.90740656 -2.303646233e-16)
(-44.3898468 -64.18961312 -4.56408926e-16)
(-45.0635047 -64.46411576 -7.578720294e-16)
(-45.739522 -64.73088731 -3.578293576e-17)
(-46.41803277 -64.99016512 -4.452466133e-16)
(-47.09921208 -65.24231232 -1.470750066e-15)
(-47.78318814 -65.48766346 -2.161340646e-15)
(-48.46995458 -65.72636185 -1.610597948e-15)
(-49.15939843 -65.95835585 -1.713407324e-15)
(-49.85138126 -66.18349118 -1.775001331e-15)
(-50.54585563 -66.40178283 -2.677457264e-15)
(-51.24272568 -66.613049 -1.19575354e-15)
(-51.94246972 -66.81780938 -1.137508841e-15)
(-52.64677157 -67.01675262 -2.733976728e-16)
(-53.36402978 -67.22162101 -1.050387041e-15)
(-54.07796389 -67.41291971 -1.335758681e-15)
(-54.78040966 -67.58168528 -1.790543637e-15)
(-55.48247135 -67.73991783 -1.574359939e-15)
(-56.18555706 -67.89060715 -1.438991165e-15)
(-56.89014637 -68.03434024 -1.575662725e-15)
(-57.59632113 -68.17114423 -2.241480051e-15)
(-58.30398344 -68.30088393 -3.446183678e-15)
(-59.01302361 -68.42345413 -2.929128389e-15)
(-59.72329538 -68.53873882 -2.355483415e-15)
(-60.43467435 -68.64665868 -2.021445547e-15)
(-61.14702418 -68.74713033 -1.286799276e-15)
(-61.8602112 -68.84007951 -1.173995039e-15)
(-62.5741228 -68.92545809 -1.197436347e-15)
(-63.28864016 -69.00321379 -1.312388421e-15)
(-64.00364302 -69.07329851 -9.071963434e-16)
(-64.71902973 -69.13568489 -1.825176639e-16)
(-65.43469438 -69.1903421 -1.743642775e-17)
(-66.15052896 -69.2372409 -4.015380233e-16)
(-66.86642998 -69.2763604 -1.125256135e-16)
(-67.58230718 -69.30769427 1.1696371e-16)
(-68.29806234 -69.33122804 -2.479684541e-16)
(-69.01359843 -69.34695192 -3.475000732e-16)
(-69.72883848 -69.35487713 -6.274013326e-16)
(-70.44368394 -69.3549955 -8.341531126e-16)
(-71.15806218 -69.34732533 -8.358736316e-16)
(-71.87188385 -69.3318686 -8.262431025e-16)
(-72.58507656 -69.30864712 -8.770422855e-16)
(-73.29756652 -69.27768011 -8.814198355e-16)
(-74.00927156 -69.2389782 -1.319764722e-15)
(-74.72011911 -69.19256259 -1.027565798e-15)
(-75.43003023 -69.13844808 -1.256622108e-15)
(-76.13892125 -69.07664593 -1.28596349e-15)
(-76.84671639 -69.00717428 -1.284569424e-15)
(-77.55333424 -68.93004427 -1.414455136e-15)
(-78.25867307 -68.84525091 -1.511599046e-15)
(-78.96266637 -68.75282408 -1.413534436e-15)
(-79.66522015 -68.65276535 -1.057310614e-15)
(-80.36624706 -68.54508837 -7.294878199e-16)
(-81.06567131 -68.42981582 -5.156887261e-16)
(-81.76340591 -68.30696119 -6.727487421e-16)
(-82.45937079 -68.17654751 -1.232777005e-15)
(-83.15349202 -68.03860043 -1.037944067e-15)
(-83.84569639 -67.89315131 -1.227956899e-15)
(-84.53591077 -67.74022972 -1.583266504e-15)
(-85.22406247 -67.5798664 -1.774484395e-15)
(-85.91008957 -67.41209878 -1.015984835e-15)
(-86.59390866 -67.23694643 -1.123710924e-15)
(-87.27545283 -67.05444468 -1.350325147e-15)
(-87.95465648 -66.86463092 -9.734518815e-16)
(-88.63144126 -66.66753086 -1.153399747e-15)
(-89.30573229 -66.46316971 -1.386533615e-15)
(-89.97746041 -66.25158212 -1.546491613e-15)
(-90.64654294 -66.03279082 -1.902346929e-15)
(-91.31290611 -65.80682425 -1.541197995e-15)
(-91.97648385 -65.57372142 -1.843916638e-15)
(-92.63719296 -65.33350494 -1.957357248e-15)
(-93.29495607 -65.08620544 -1.918579608e-15)
(-93.94970425 -64.83186075 -1.940045228e-15)
(-94.60136187 -64.57050449 -1.655628519e-15)
(-95.2498669 -64.30218088 -9.992007094e-16)
(-95.8951474 -64.02692933 -8.572239337e-16)
(-96.53713132 -63.74479237 -9.197097819e-16)
(-97.17575724 -63.45581226 -6.026031722e-16)
(-97.81096805 -63.16003516 -9.46382558e-16)
(-98.44269056 -62.85749825 -1.154559126e-15)
(-99.07087274 -62.54825315 -9.243965168e-16)
(-99.69546247 -62.23235309 -1.04185046e-15)
(-100.3163927 -61.90983795 -1.353106198e-15)
(-100.9336109 -61.58076125 -1.577130984e-15)
(-101.5470597 -61.24516964 -1.889791087e-15)
(-102.1566869 -60.90314265 -2.145230741e-15)
(-102.7657299 -60.56926806 -2.011577496e-15)
(-103.5518835 -60.11481393 -2.186995766e-15)
(-103.9778836 -59.87688238 -1.971571011e-15)
(-104.2102039 -59.82364119 -2.170889099e-15)
(-104.364915 -59.85952872 -2.447334512e-15)
(-104.4886488 -59.9255022 -2.757832496e-15)
(-104.5997947 -59.99704649 -3.205909238e-15)
(-104.7051524 -60.06643215 -3.604744508e-15)
(-104.8071799 -60.13233378 -2.962842211e-15)
(-104.9068583 -60.1952815 -2.743561363e-15)
(-105.0046751 -60.25603721 -3.002031737e-15)
(-105.1009338 -60.31517664 -3.090825491e-15)
(-105.1958631 -60.37307881 -2.652885492e-15)
(-105.289635 -60.42998269 -2.955611143e-15)
(-105.3823869 -60.48604597 -2.856975447e-15)
(-105.4742 -60.54136092 -3.178000809e-15)
(-105.5651352 -60.59599418 -3.205343566e-15)
(-105.6552396 -60.64999559 -2.863878181e-15)
(-105.7445519 -60.70340704 -2.965465926e-15)
(-105.8330947 -60.75625682 -2.809270784e-15)
(-105.9208729 -60.80855866 -2.871762322e-15)
(-106.0078996 -60.86033046 -3.035861341e-15)
(-106.0941769 -60.91158179 -2.915211054e-15)
(-106.1797155 -60.96232883 -3.030884188e-15)
(-106.2645208 -61.01258362 -2.533658048e-15)
(-106.3485901 -61.06235153 -2.544562293e-15)
(-106.4319368 -61.11164872 -2.708323138e-15)
(-106.5145697 -61.16048791 -2.524922387e-15)
(-106.5965113 -61.20889111 -2.444434707e-15)
(-106.6777801 -61.25687626 -2.306024209e-15)
(-106.7583846 -61.30445147 -2.429312314e-15)
(-106.8383407 -61.35162699 -2.124554351e-15)
(-106.9176584 -61.39840831 -1.997189496e-15)
(-106.9963474 -61.44479622 -2.141957958e-15)
(-107.0743808 -61.49076403 -2.045533072e-15)
(-107.15172 -61.53627543 -2.363571286e-15)
(-107.2283111 -61.58128147 -2.06360967e-15)
(-107.3040845 -61.62572341 -2.393075787e-15)
(-107.3789424 -61.66952466 -2.056513486e-15)
(-107.4527571 -61.71258969 -2.186954882e-15)
(-107.5253976 -61.75482467 -2.058149679e-15)
(-107.5967133 -61.79612749 -2.361184161e-15)
(-107.6665586 -61.83640627 -2.440575126e-15)
(-107.734783 -61.87557223 -2.397888332e-15)
(-107.8012353 -61.91354091 -2.269821465e-15)
(-107.8657935 -61.95025347 -2.263356441e-15)
(-107.9283497 -61.98566557 -2.12727236e-15)
(-107.9888346 -62.01976313 -2.132214575e-15)
(-108.0472042 -62.05255109 -2.085971433e-15)
(-108.1034384 -62.0840493 -1.958106654e-15)
(-108.1575615 -62.11430564 -1.579061856e-15)
(-108.2096315 -62.14338941 -1.466130103e-15)
(-108.2597468 -62.17139092 -1.979444273e-15)
(-108.3080096 -62.19839707 -1.94728031e-15)
(-108.3545488 -62.22450725 -2.252361617e-15)
(-108.3995146 -62.24982704 -2.190299583e-15)
(-108.4430727 -62.27446705 -2.287738288e-15)
(-108.4853856 -62.2985299 -2.12539512e-15)
(-108.5266045 -62.32210354 -2.22880717e-15)
(-108.5668876 -62.34527612 -2.15461319e-15)
(-108.6063737 -62.36811976 -1.885960702e-15)
(-108.6451995 -62.3907032 -1.872028588e-15)
(-108.6834786 -62.41307914 -1.970800298e-15)
(-108.7212982 -62.43528057 -1.714206776e-15)
(-108.758741 -62.45733863 -1.73630827e-15)
(-108.7958644 -62.47926877 -1.867237001e-15)
(-108.8327201 -62.50108556 -2.011343954e-15)
(-108.8693378 -62.52279154 -2.139872751e-15)
(-108.9057238 -62.54437463 -2.063864284e-15)
(-108.9418825 -62.56582411 -2.504441752e-15)
(-108.9778092 -62.58712767 -2.383921971e-15)
(-109.0135009 -62.60827547 -2.49475241e-15)
(-109.0489257 -62.6292404 -2.444852917e-15)
(-109.0840528 -62.6499991 -2.694438442e-15)
(-109.1188538 -62.67053057 -2.570785531e-15)
(-109.1533048 -62.69081946 -2.540008795e-15)
(-109.187374 -62.71084697 -2.598072003e-15)
(-109.2210201 -62.7305874 -2.509835846e-15)
(-109.2542164 -62.75002565 -2.547068373e-15)
(-109.2869289 -62.7691426 -2.276721204e-15)
(-109.3191369 -62.78792895 -2.668950233e-15)
(-109.3508147 -62.80637277 -2.553617807e-15)
(-109.3819291 -62.82445561 -2.553701844e-15)
(-109.4124632 -62.84216984 -2.693023587e-15)
(-109.4423935 -62.85950365 -1.944325429e-15)
(-109.4717103 -62.87645478 -2.077656038e-15)
(-109.5003989 -62.89301793 -1.990435901e-15)
(-109.528437 -62.90918071 -2.023023862e-15)
(-109.555814 -62.92493835 -1.695201377e-15)
(-109.5825223 -62.9402894 -1.758385583e-15)
(-109.6085657 -62.95523866 -1.524659863e-15)
(-109.6339266 -62.96977624 -1.638795519e-15)
(-109.658595 -62.98389781 -1.948400159e-15)
(-109.6825679 -62.99760237 -1.718008141e-15)
(-109.7058499 -63.010895 -1.839846617e-15)
(-109.7284395 -63.02377722 -1.86254718e-15)
(-109.7503271 -63.0362431 -1.77505515e-15)
(-109.7715174 -63.04829659 -1.999994841e-15)
(-109.7920078 -63.05993672 -1.947389691e-15)
(-109.8118031 -63.07117613 -2.011551247e-15)
(-109.8303308 -63.08275439 -2.055225202e-15)
)
;
    }
    outlet
    {
        type            calculated;
        value           uniform (0 0 0);
    }
    front
    {
        type            wedge;
    }
    back
    {
        type            wedge;
    }
}


// ************************************************************************* //
