/*--------------------------------*- C++ -*----------------------------------*\
| =========                 |                                                 |
| \\      /  F ield         | OpenFOAM: The Open Source CFD Toolbox           |
|  \\    /   O peration     | Version:  v1706                                 |
|   \\  /    A nd           | Web:      www.OpenFOAM.com                      |
|    \\/     M anipulation  |                                                 |
\*---------------------------------------------------------------------------*/
FoamFile
{
    version     2.0;
    format      ascii;
    class       volScalarField;
    location    "0.00252";
    object      wallHeatFlux;
}
// * * * * * * * * * * * * * * * * * * * * * * * * * * * * * * * * * * * * * //

dimensions      [1 0 -3 0 0 0 0];


internalField   uniform 0;

boundaryField
{
    inlet
    {
        type            calculated;
        value           uniform 0;
    }
    object
    {
        type            calculated;
        value           nonuniform List<scalar> 
300
(
632645.7837
634409.4916
635500.3108
636399.269
637195.4626
637921.8881
638595.0365
639224.7226
639817.4774
640377.974
640909.6944
641415.2881
641896.7623
642355.6249
642792.9648
643209.5418
643605.8495
643982.1843
644338.7135
644675.5233
644992.6792
645290.2516
645568.3467
645827.1141
646066.7312
646287.4058
646489.3413
646672.7211
646837.6901
646984.3373
647112.6919
647222.7217
647314.3465
647387.4465
647441.8898
647477.5413
647494.2865
647492.0379
647470.7316
647430.3327
647370.8131
647292.1542
647194.3274
647077.2924
646941.0023
646785.3991
646610.4347
646416.0847
646202.3288
645969.2012
645716.7288
645444.9924
645154.0397
644843.9147
644514.6339
644166.183
643798.5112
643411.5741
643005.3238
642579.7794
642134.9367
641670.8772
641187.6848
640685.4543
640164.2676
639624.1396
639065.0767
638487.0284
637889.9196
637273.8024
636638.7022
635984.7516
635312.0973
634620.9236
633911.3483
633183.3583
632436.8517
631671.6726
630887.6326
630084.6026
629262.5779
628421.8252
627562.6334
626685.4176
625790.4663
624877.8656
623947.5807
622999.3392
622032.8547
621048.0012
620044.8962
619023.9939
617985.8615
616931.1147
615860.194
614773.2551
613670.1861
612550.6847
611414.483
610261.4521
609091.6399
607905.3169
606702.8621
605484.7488
604251.4151
603003.2999
601740.5596
600463.0921
599170.6085
597862.6445
596538.8863
595199.2438
593844.1836
592474.4277
591090.8604
589694.1607
588284.5023
586861.3267
585423.8085
583971.1649
582503.084
581019.73
579521.5165
578008.4268
576480.8902
574937.3785
573374.2877
571763.7281
570164.4995
568597.8486
567026.2392
565442.8389
563846.1425
562236.0103
560612.7927
558976.8766
557328.6807
555668.5311
553996.7609
552313.6476
550619.5296
548914.6334
547199.2493
545473.6372
543738.0156
541992.5944
540237.5962
538473.2871
536699.7702
534917.2867
533126.0118
531326.1223
529517.7691
527701.0519
525876.2067
524043.3239
522202.5171
520353.9559
518497.7753
516634.1218
514763.2265
512885.1688
511000.1808
509108.451
507210.1748
505305.5375
503394.7063
501477.8907
499555.1666
497626.7582
495692.8067
493753.4682
491808.8805
489859.1912
487904.484
485944.9541
483980.8128
482012.1176
480039.0798
478061.9121
476080.6992
474095.696
472107.0842
470115.0109
468119.6448
466121.1793
464119.7852
462115.6369
460108.8917
458099.6932
456088.1904
454074.5485
452058.8451
450041.2824
448021.9853
446001.0799
443978.6814
441954.9503
439930.0295
437904.1216
436734.9673
436536.2536
436425.726
436251.6278
436018.1262
435750.2398
435465.4662
435172.6968
434875.8899
434576.6026
434275.4793
433972.8936
433669.1864
433364.6593
433059.5388
432754.0619
432448.4582
432143.0122
431837.908
431533.3034
431229.3941
430926.3122
430624.2604
430323.3358
430023.5998
429725.1414
429427.9772
429132.1914
428837.7686
428544.6768
428252.9174
427962.5644
427673.7138
427386.4557
427100.9742
426817.5425
426536.5889
426258.5416
425983.8919
425713.2434
425447.1905
425186.4286
424931.5532
424683.1027
424441.5945
424207.4018
423980.8688
423762.1265
423551.1578
423347.8355
423151.9529
422963.1709
422780.9921
422604.8684
422434.2082
422268.4621
422106.9932
421949.1689
421794.4426
421642.2687
421492.2482
421343.9639
421197.0556
421051.2839
420906.4293
420762.4222
420619.1666
420476.6049
420334.7467
420193.685
420053.5222
419914.3205
419776.1804
419639.2194
419503.6295
419369.5209
419236.9903
419106.1819
418977.1873
418850.1779
418725.2343
418602.4168
418481.829
418363.5194
418247.6162
418134.157
418023.161
417914.666
417808.7513
417705.4721
417604.8175
417506.7944
417411.4128
417318.7472
417228.7856
417141.5007
417056.9133
416974.9942
416895.7998
416818.9338
)
;
    }
    outlet
    {
        type            calculated;
        value           uniform 0;
    }
    front
    {
        type            wedge;
    }
    back
    {
        type            wedge;
    }
}


// ************************************************************************* //
