/*--------------------------------*- C++ -*----------------------------------*\
| =========                 |                                                 |
| \\      /  F ield         | OpenFOAM: The Open Source CFD Toolbox           |
|  \\    /   O peration     | Version:  v1706                                 |
|   \\  /    A nd           | Web:      www.OpenFOAM.com                      |
|    \\/     M anipulation  |                                                 |
\*---------------------------------------------------------------------------*/
FoamFile
{
    version     2.0;
    format      ascii;
    class       volVectorField;
    location    "0.00381";
    object      wallShearStress;
}
// * * * * * * * * * * * * * * * * * * * * * * * * * * * * * * * * * * * * * //

dimensions      [1 -1 -2 0 0 0 0];


internalField   uniform (0 0 0);

boundaryField
{
    inlet
    {
        type            calculated;
        value           uniform (0 0 0);
    }
    object
    {
        type            calculated;
        value           nonuniform List<vector> 
300
(
(-0.8856426398 -0.8403808043 -6.120368978e-14)
(-0.8414187257 -1.365359443 -4.504092165e-14)
(-0.855698725 -2.102791226 -3.191734297e-14)
(-0.8745810607 -2.866130571 -1.771957793e-14)
(-0.9004692444 -3.630217818 -2.549229347e-14)
(-0.9334892109 -4.387696485 -3.847609407e-14)
(-0.973620314 -5.135414784 -3.292098511e-14)
(-1.020833217 -5.871795226 -3.71422523e-14)
(-1.075096586 -6.596070162 -3.456635501e-14)
(-1.136373072 -7.307980051 -2.562789012e-14)
(-1.204616684 -8.007616834 -2.100524997e-14)
(-1.279772382 -8.695322448 -1.489276393e-14)
(-1.36177721 -9.371612999 -1.079576383e-14)
(-1.450562321 -10.03711884 -4.304834707e-15)
(-1.546055278 -10.69253636 -1.293181797e-14)
(-1.648182287 -11.33859008 -8.64063551e-15)
(-1.756870148 -11.97600331 1.656785076e-16)
(-1.872047777 -12.60547656 4.203107119e-15)
(-1.993647325 -13.22767249 3.556055315e-15)
(-2.121604914 -13.84320606 3.509604308e-15)
(-2.25586103 -14.45263914 9.110326129e-15)
(-2.396360677 -15.05647828 5.975834384e-15)
(-2.543053347 -15.65517517 5.645040433e-16)
(-2.695892869 -16.24912866 1.801043035e-15)
(-2.854837218 -16.83868831 6.929318761e-16)
(-3.019848283 -17.42415861 2.595177933e-15)
(-3.190891669 -18.00580354 -2.035407159e-15)
(-3.367936512 -18.58385166 -4.148981244e-15)
(-3.550955388 -19.15850104 -2.876882054e-15)
(-3.739924225 -19.72992405 -2.422057846e-15)
(-3.934822277 -20.29827197 -1.023842719e-15)
(-4.135632148 -20.86367946 -1.796647949e-15)
(-4.342339722 -21.42626789 -2.9355198e-15)
(-4.554934312 -21.98615001 -3.167959581e-15)
(-4.773408381 -22.54343147 -1.604142076e-15)
(-4.997757267 -23.09821252 -4.29881199e-15)
(-5.227978802 -23.65059013 -4.658393377e-15)
(-5.464072599 -24.20065788 -2.795650556e-15)
(-5.706039036 -24.74850501 -3.109641076e-15)
(-5.953877986 -25.29421259 -3.036976399e-15)
(-6.207586751 -25.83784967 -3.242601194e-15)
(-6.467158812 -26.37947044 -5.31296473e-15)
(-6.732581923 -26.91910698 -3.456962598e-15)
(-7.003836736 -27.45676498 -2.90716509e-15)
(-7.280896111 -27.99241963 -2.148626364e-15)
(-7.563724582 -28.52601104 -1.420364302e-15)
(-7.852279976 -29.05744909 -7.723212993e-16)
(-8.146515572 -29.58661628 -7.69006838e-16)
(-8.446381539 -30.11337332 -1.728568229e-16)
(-8.751828727 -30.63757181 -1.471059822e-15)
(-9.062811518 -31.15906507 -1.448356311e-15)
(-9.379289343 -31.67771566 -1.59840091e-15)
(-9.701228916 -32.19340755 -7.325709448e-16)
(-10.02860579 -32.70605405 -7.241755297e-16)
(-10.36140321 -33.21559731 -1.267068689e-15)
(-10.69961102 -33.72200995 1.076839154e-16)
(-11.04322403 -34.22529174 1.10328359e-15)
(-11.39223753 -34.72545794 5.561243757e-16)
(-11.74664425 -35.22253195 1.658334812e-15)
(-12.10643037 -35.71653098 2.686692661e-15)
(-12.47157212 -36.20745299 1.257693017e-15)
(-12.84203558 -36.69527022 1.110791463e-15)
(-13.21777799 -37.17992527 1.910129701e-16)
(-13.59875109 -37.66133336 6.558902009e-16)
(-13.98490665 -38.13939588 4.67389643e-16)
(-14.37620439 -38.61401834 8.84811055e-16)
(-14.77261262 -39.08511732 -2.385645032e-17)
(-15.17411339 -39.55264249 -1.074511263e-15)
(-15.58070025 -40.01657768 -1.883735001e-15)
(-15.99237256 -40.47693614 -2.466195728e-15)
(-16.40912959 -40.93374865 -2.142048558e-15)
(-16.83096112 -41.38704203 -2.151011309e-15)
(-17.25784305 -41.83682293 -1.693363672e-15)
(-17.68973458 -42.28305895 -1.287050874e-15)
(-18.12658293 -42.72567755 -1.970912493e-15)
(-18.56833417 -43.1645834 -2.588381364e-15)
(-19.0149446 -43.59967871 -1.954632233e-15)
(-19.46639053 -44.03089294 -1.404512171e-15)
(-19.92267473 -44.45821128 -6.754146871e-16)
(-20.38382007 -44.8816749 -6.8135644e-16)
(-20.84985413 -45.30136217 1.583909534e-16)
(-21.32079392 -45.7173619 -1.887281719e-16)
(-21.79662796 -46.12972652 1.734446614e-16)
(-22.27730741 -46.53843522 -3.543028596e-16)
(-22.76275352 -46.94338662 2.649018522e-16)
(-23.25287661 -47.34442213 6.607024227e-16)
(-23.74760102 -47.74137607 1.222628312e-15)
(-24.24688449 -48.13413039 6.054380029e-16)
(-24.75072236 -48.52264659 -2.848994813e-18)
(-25.25913066 -48.90695737 -2.406521651e-16)
(-25.77211782 -49.28712132 1.120832939e-16)
(-26.28966414 -49.66317043 5.466646298e-16)
(-26.81170928 -50.03506036 1.146966444e-15)
(-27.33816334 -50.4026695 2.057394833e-15)
(-27.86893833 -50.76584751 1.319328565e-15)
(-28.40397311 -51.12446704 4.478001409e-16)
(-28.9432418 -51.478464 4.548554404e-16)
(-29.48675273 -51.82785533 4.967946001e-16)
(-30.03452213 -52.172698 3.676850625e-16)
(-30.5865495 -52.51304172 -4.152568021e-16)
(-31.14280784 -52.84889362 1.892236434e-16)
(-31.70323975 -53.18020192 6.671813739e-16)
(-32.26777407 -53.50687416 1.075544767e-15)
(-32.83634603 -53.82881436 5.890213041e-16)
(-33.40891505 -54.14595234 4.94479371e-16)
(-33.98546883 -54.45826748 8.081803347e-16)
(-34.56603287 -54.76581021 3.360235573e-16)
(-35.15064065 -55.0686644 3.970939639e-16)
(-35.73930265 -55.36689487 1.56363962e-16)
(-36.33198372 -55.66049887 -1.396189501e-16)
(-36.92861491 -55.949401 -3.809535588e-16)
(-37.52911349 -56.2334799 4.2803697e-16)
(-38.13343376 -56.51265743 5.449037221e-16)
(-38.74158776 -56.78694597 3.584649946e-16)
(-39.3536108 -57.05641372 9.21962521e-16)
(-39.96954119 -57.32115035 5.041387787e-17)
(-40.58938641 -57.58120123 2.728857832e-16)
(-41.21311055 -57.8365368 7.223741559e-17)
(-41.84065798 -58.08709473 -7.184629116e-16)
(-42.47198812 -58.33283155 -5.462095772e-16)
(-43.10702001 -58.57364689 -1.28397145e-15)
(-43.74568782 -58.80944614 -3.34152662e-16)
(-44.38798272 -59.04021843 -6.274621628e-16)
(-45.03392156 -59.2660052 -1.227582325e-15)
(-45.68351147 -59.48680613 -7.501199965e-16)
(-46.33692608 -59.70281217 -1.659754309e-15)
(-46.99458118 -59.91451718 -1.351761223e-15)
(-47.65755111 -60.12260218 -1.650637438e-15)
(-48.33130731 -60.33406111 -1.343999121e-15)
(-49.01104281 -60.54231487 -1.08880236e-15)
(-49.67918503 -60.72892943 -9.871886478e-16)
(-50.3487533 -60.90744725 -1.173698668e-15)
(-51.02161611 -61.08106685 -6.937404705e-16)
(-51.69828234 -61.25033601 -9.261293954e-16)
(-52.37879438 -61.41519877 -1.869603318e-15)
(-53.06306072 -61.57547993 -1.670011477e-15)
(-53.75095601 -61.73099987 -1.814927004e-15)
(-54.44236392 -61.88160725 -1.523649973e-15)
(-55.13717502 -62.02716765 -1.373279814e-15)
(-55.83528332 -62.16755823 -1.301663487e-15)
(-56.53659648 -62.30267721 -1.174853885e-15)
(-57.24102803 -62.43243307 -8.178437218e-16)
(-57.94850041 -62.55674537 -6.787468257e-16)
(-58.65893995 -62.67554102 -6.413814157e-16)
(-59.37228494 -62.78876148 -7.892411771e-16)
(-60.08847691 -62.89635945 -9.746945716e-16)
(-60.80748266 -62.99831045 -1.013692409e-15)
(-61.52926887 -63.09459446 -1.219686378e-15)
(-62.25381693 -63.18520888 -1.118554371e-15)
(-62.98111953 -63.27016272 -5.134899667e-16)
(-63.71117751 -63.34947051 -5.394226962e-16)
(-64.44398762 -63.42314039 -6.691212317e-16)
(-65.17954438 -63.49118035 -6.456914053e-16)
(-65.91784724 -63.55359881 -5.694993444e-16)
(-66.65888048 -63.61038868 -8.348471296e-16)
(-67.40262282 -63.66153594 -1.139668697e-15)
(-68.14905296 -63.7070226 -1.199598415e-15)
(-68.89813097 -63.7468137 -1.218386257e-15)
(-69.64980929 -63.78086928 -1.424376998e-15)
(-70.40405095 -63.80915966 -1.451076867e-15)
(-71.16080686 -63.83164164 -1.187369223e-15)
(-71.92001447 -63.84826389 -1.168581931e-15)
(-72.68162938 -63.85899261 -1.402593845e-15)
(-73.44559854 -63.86378712 -1.137855584e-15)
(-74.21187325 -63.86261328 -9.773267069e-16)
(-74.98041054 -63.85544229 -1.293468499e-15)
(-75.75116037 -63.84224218 -1.028703108e-15)
(-76.52409427 -63.8229992 -1.01052934e-15)
(-77.29918285 -63.79769872 -1.566205386e-15)
(-78.07639235 -63.7663208 -1.270144664e-15)
(-78.85568463 -63.72884671 -1.513535877e-15)
(-79.63705228 -63.6852822 -1.637769287e-15)
(-80.42047232 -63.63561695 -1.805174012e-15)
(-81.20592423 -63.57984529 -1.387525948e-15)
(-81.9933992 -63.51797053 -1.66143571e-15)
(-82.78288452 -63.44999031 -1.650965099e-15)
(-83.5743715 -63.37590508 -1.482922699e-15)
(-84.36784535 -63.29570986 -1.319064268e-15)
(-85.16329129 -63.20939825 -1.337896767e-15)
(-85.9606985 -63.11696475 -1.14925332e-15)
(-86.76004023 -63.01839206 -1.149162246e-15)
(-87.5612987 -62.91366954 -1.043160745e-15)
(-88.36445278 -62.80278238 -1.351276719e-15)
(-89.16946718 -62.68570502 -1.087690233e-15)
(-89.97630621 -62.56241251 -8.972500879e-16)
(-90.78493966 -62.43288329 -8.939353823e-16)
(-91.59531984 -62.29708748 -8.537193395e-16)
(-92.40741151 -62.15499986 -1.128999109e-15)
(-93.22117744 -62.00659559 -7.330459366e-16)
(-94.03657358 -61.85184522 -3.908969444e-16)
(-94.85355081 -61.69071747 -1.037915152e-15)
(-95.67207666 -61.52319422 -5.484374519e-16)
(-96.49210589 -61.34924876 -5.688462182e-16)
(-97.3136061 -61.16886503 -7.309046862e-16)
(-98.1365273 -60.98201356 -6.535715529e-16)
(-98.96084056 -60.78868107 -5.060896314e-16)
(-99.78651505 -60.58885229 -2.318378226e-16)
(-100.6135059 -60.38250484 -5.522351016e-16)
(-101.4417878 -60.16964502 -2.249428054e-16)
(-102.2770852 -59.96175319 -2.553684598e-16)
(-102.8328749 -59.79965984 -3.216769286e-16)
(-103.1223038 -59.58411684 -6.138639412e-16)
(-103.2959166 -59.47770925 -5.119278322e-16)
(-103.4048132 -59.444616 -3.913815254e-16)
(-103.4804808 -59.45186108 -5.737214459e-16)
(-103.539804 -59.47740179 -6.522902677e-16)
(-103.5912399 -59.50924098 -4.404760366e-16)
(-103.6387806 -59.54186364 -5.224349146e-16)
(-103.6842049 -59.57323217 -8.572416427e-16)
(-103.7282736 -59.60290466 -1.138564241e-15)
(-103.7713402 -59.63106157 -1.301099027e-15)
(-103.8135862 -59.65802653 -1.11673676e-15)
(-103.8551451 -59.68410429 -1.080281205e-15)
(-103.8961271 -59.70952862 -1.208622681e-15)
(-103.9366158 -59.7344582 -1.454931325e-15)
(-103.9766825 -59.75899768 -1.6060542e-15)
(-104.0163916 -59.78322467 -1.536721522e-15)
(-104.0558038 -59.80719684 -1.763355689e-15)
(-104.0949703 -59.83095764 -1.554304868e-15)
(-104.1339207 -59.85453346 -1.682591183e-15)
(-104.1726771 -59.87794069 -1.863407806e-15)
(-104.2112657 -59.90120119 -2.0302039e-15)
(-104.2496982 -59.9243259 -1.961623871e-15)
(-104.2879965 -59.94733072 -1.81864638e-15)
(-104.3261719 -59.97022518 -1.884575476e-15)
(-104.3642199 -59.99300613 -1.874192975e-15)
(-104.4021483 -60.01568186 -2.048708889e-15)
(-104.4399534 -60.03825223 -2.034999497e-15)
(-104.4776444 -60.06072411 -1.982128266e-15)
(-104.5152221 -60.0830997 -2.059923495e-15)
(-104.5526732 -60.10536989 -2.03760626e-15)
(-104.5899985 -60.12753825 -2.041561512e-15)
(-104.6271887 -60.14960101 -2.087119832e-15)
(-104.6642489 -60.17156233 -2.133935886e-15)
(-104.7011765 -60.19342246 -2.08919585e-15)
(-104.7379562 -60.21517101 -2.085848628e-15)
(-104.7745875 -60.2368109 -2.111427589e-15)
(-104.8110607 -60.25833817 -2.071811437e-15)
(-104.8473811 -60.2797572 -2.078153719e-15)
(-104.8835468 -60.3010688 -2.328192066e-15)
(-104.919544 -60.3222634 -2.664014812e-15)
(-104.9553738 -60.34334496 -2.86120103e-15)
(-104.9910284 -60.36431051 -2.796357935e-15)
(-105.0265123 -60.38516388 -2.693725187e-15)
(-105.0618312 -60.40590975 -2.658565358e-15)
(-105.0969778 -60.42654573 -2.913009244e-15)
(-105.1319459 -60.44706649 -3.029375475e-15)
(-105.1667344 -60.46747458 -2.860722361e-15)
(-105.2013502 -60.48777527 -2.738629146e-15)
(-105.2358016 -60.50797438 -2.773575695e-15)
(-105.2700837 -60.5280705 -3.146871572e-15)
(-105.304192 -60.54805905 -3.292821342e-15)
(-105.3381328 -60.56794614 -3.5405866e-15)
(-105.3719028 -60.58773074 -3.438920374e-15)
(-105.4055134 -60.60741991 -3.314950092e-15)
(-105.4389685 -60.62701661 -3.286437544e-15)
(-105.4722593 -60.6465128 -3.367788356e-15)
(-105.5053908 -60.66591327 -3.316176256e-15)
(-105.5383585 -60.68521519 -3.253065401e-15)
(-105.5711716 -60.70442333 -3.174022276e-15)
(-105.603831 -60.72353779 -3.210613588e-15)
(-105.6363238 -60.74254706 -3.166746087e-15)
(-105.6686505 -60.76145199 -3.112208587e-15)
(-105.7008008 -60.7802452 -3.36655774e-15)
(-105.7327775 -60.79892643 -3.289897027e-15)
(-105.7645739 -60.81749029 -3.154798792e-15)
(-105.7961693 -60.83591939 -3.047691305e-15)
(-105.8275553 -60.8542084 -2.983365786e-15)
(-105.8587122 -60.87234362 -3.239319724e-15)
(-105.8896332 -60.89031841 -3.097461334e-15)
(-105.9203019 -60.90812113 -3.374608502e-15)
(-105.9506875 -60.92572841 -3.275611834e-15)
(-105.980772 -60.94312944 -3.492288826e-15)
(-106.0105269 -60.96030548 -3.252833603e-15)
(-106.0399338 -60.97724404 -3.182678528e-15)
(-106.0689743 -60.99393308 -3.181193548e-15)
(-106.0976161 -61.01035337 -3.456428343e-15)
(-106.1258272 -61.02648302 -3.551641645e-15)
(-106.1535811 -61.04230873 -3.307345694e-15)
(-106.1808594 -61.05782105 -3.211017122e-15)
(-106.2076466 -61.07301255 -3.211903734e-15)
(-106.2339153 -61.08787031 -3.503977844e-15)
(-106.2596414 -61.10238051 -3.662997224e-15)
(-106.2848141 -61.11654271 -3.621476775e-15)
(-106.3094168 -61.13035218 -3.514301543e-15)
(-106.3334519 -61.14381562 -3.350561071e-15)
(-106.3569187 -61.15693907 -3.301699038e-15)
(-106.3798086 -61.1697211 -3.351723574e-15)
(-106.402133 -61.18217706 -3.398911393e-15)
(-106.423899 -61.19431847 -3.386298705e-15)
(-106.4451337 -61.20616835 -3.299210283e-15)
(-106.4658617 -61.2177488 -3.418787943e-15)
(-106.4860999 -61.22907387 -3.364272798e-15)
(-106.5058848 -61.24017346 -3.295196909e-15)
(-106.5252475 -61.25107233 -3.288549948e-15)
(-106.544238 -61.26180526 -3.262520119e-15)
(-106.5629014 -61.27240423 -3.220677765e-15)
(-106.5812732 -61.28289127 -3.150056424e-15)
(-106.5993974 -61.29331079 -3.225748011e-15)
(-106.6164998 -61.30475525 -3.205553483e-15)
)
;
    }
    outlet
    {
        type            calculated;
        value           uniform (0 0 0);
    }
    front
    {
        type            wedge;
    }
    back
    {
        type            wedge;
    }
}


// ************************************************************************* //
