/*--------------------------------*- C++ -*----------------------------------*\
| =========                 |                                                 |
| \\      /  F ield         | OpenFOAM: The Open Source CFD Toolbox           |
|  \\    /   O peration     | Version:  v1706                                 |
|   \\  /    A nd           | Web:      www.OpenFOAM.com                      |
|    \\/     M anipulation  |                                                 |
\*---------------------------------------------------------------------------*/
FoamFile
{
    version     2.0;
    format      ascii;
    class       volVectorField;
    location    "0.00021";
    object      wallShearStress;
}
// * * * * * * * * * * * * * * * * * * * * * * * * * * * * * * * * * * * * * //

dimensions      [1 -1 -2 0 0 0 0];


internalField   uniform (0 0 0);

boundaryField
{
    inlet
    {
        type            calculated;
        value           uniform (0 0 0);
    }
    object
    {
        type            calculated;
        value           nonuniform List<vector> 
150
(
(-240.3907048 0.6270548812 1.291166541e-11)
(-240.3187698 1.901345686 -4.291641747e-12)
(-240.2170233 3.174592476 5.166645604e-12)
(-240.0592849 4.43750656 7.766376459e-15)
(-239.841114 5.692328108 7.438391971e-15)
(-239.5750137 6.937201916 -1.16121878e-12)
(-239.2575558 8.169798176 -1.967799287e-12)
(-238.8889641 9.387952851 4.195212932e-15)
(-238.4697846 10.58952288 7.556225718e-13)
(-238.0007079 11.7723907 -1.335880484e-12)
(-237.4825338 12.93446975 3.724989562e-15)
(-236.9161586 14.07370928 3.690750181e-15)
(-236.302569 15.1880984 3.447741755e-15)
(-235.6428385 16.27566968 -1.391973585e-12)
(-234.9381232 17.3345029 2.589549039e-12)
(-234.1896606 18.36272839 -2.806449674e-12)
(-233.3987655 19.35853032 1.128523761e-12)
(-232.5668287 20.32014985 -2.10856873e-12)
(-231.6953131 21.24588846 -6.597642978e-13)
(-230.785752 22.13411075 3.144409246e-13)
(-229.8397457 22.98324721 -1.472940929e-12)
(-228.8589588 23.7917974 8.400264906e-13)
(-227.8451174 24.5583318 -7.933585242e-13)
(-226.8000053 25.28149554 2.016560554e-12)
(-225.725462 25.96000922 7.21262659e-13)
(-224.6233785 26.5926726 -4.542988835e-13)
(-223.4956946 27.17836568 1.090893402e-12)
(-222.3443936 27.71605102 1.041942373e-12)
(-221.1715024 28.20477575 2.612020664e-15)
(-219.9790852 28.64367274 3.825224659e-13)
(-218.7692392 29.03196293 -5.426955222e-13)
(-217.5440931 29.36895521 1.764122826e-13)
(-216.3058039 29.65404929 2.334076026e-15)
(-215.056548 29.88673564 -1.573064965e-13)
(-213.7985252 30.06659682 -7.629331806e-13)
(-212.5339478 30.19330784 -7.314739556e-13)
(-211.2650404 30.26663707 5.64708814e-13)
(-209.994036 30.2864464 5.415159563e-13)
(-208.7231691 30.25269151 1.037048935e-12)
(-207.4546766 30.16542194 -9.899362739e-13)
(-206.1907891 30.02478092 2.001928484e-15)
(-204.93373 29.83100509 3.436228114e-13)
(-203.6857117 29.58442428 7.664659362e-13)
(-202.4489285 29.28546041 6.299437441e-13)
(-201.2255568 28.93462724 3.025388913e-13)
(-200.0177487 28.53252903 1.05607993e-12)
(-198.8276302 28.07986008 2.2994964e-15)
(-197.6573187 27.57737713 4.399654273e-13)
(-196.5130381 27.02424658 8.592559264e-14)
(-196.0249892 25.99812834 8.226746636e-14)
(-218.8437148 16.89668951 -7.259680276e-14)
(-200.9847969 -17.54996423 3.286501187e-15)
(-181.8768379 -48.76910816 -2.229176538e-14)
(-171.5098342 -66.30455797 -3.327684155e-15)
(-166.2118211 -75.7243591 -1.292021931e-15)
(-163.1613636 -80.50227525 -4.305188146e-15)
(-158.5532479 -82.1206615 -7.919019514e-16)
(-147.2091397 -79.17242248 6.127000097e-16)
(-127.2894826 -70.92517288 -3.368075113e-16)
(-103.7605749 -60.35843432 -1.754891222e-15)
(-82.94773224 -50.22626038 1.052852693e-14)
(-67.74960441 -41.61525355 1.049678233e-14)
(-58.45941632 -35.34001295 6.118470719e-15)
(-53.69692374 -31.59916153 -6.570893487e-15)
(-51.60655653 -29.74551856 5.78094148e-15)
(-50.76063632 -28.93155477 -4.189206937e-15)
(-50.32552921 -28.55087184 -1.999603968e-16)
(-49.90895037 -28.28174234 8.828260547e-15)
(-49.3565601 -27.98545219 1.064468419e-14)
(-48.65121144 -27.6272306 4.431331818e-15)
(-47.84541123 -27.2247575 7.207193395e-15)
(-47.02315891 -26.81822358 4.366526994e-15)
(-46.27599613 -26.45277241 7.14969414e-15)
(-45.6868294 -26.16847995 1.182704418e-14)
(-45.32041428 -25.99556149 1.010163162e-14)
(-45.22023576 -25.95334918 8.040966036e-15)
(-45.41088365 -26.05221134 1.272439577e-14)
(-45.90370475 -26.29734849 6.720579646e-15)
(-46.70023613 -26.68901112 5.483475889e-15)
(-47.80024079 -27.22672517 -2.442689498e-15)
(-49.20441725 -27.910789 -3.201299998e-16)
(-50.91600914 -28.74284211 8.613257187e-16)
(-52.94165703 -29.72576655 2.823248839e-15)
(-55.29041742 -30.86411468 8.477015959e-16)
(-57.96574179 -32.16735593 3.737398724e-16)
(-60.95517291 -33.6394103 2.33287681e-15)
(-64.24162751 -35.28056179 3.059431382e-16)
(-67.80012481 -37.09030376 2.346231736e-16)
(-71.59457414 -39.0637287 3.732341727e-16)
(-75.57958402 -41.18981196 4.237113075e-15)
(-79.70503598 -43.45139318 4.556987802e-15)
(-83.92261277 -45.82587171 4.073815585e-15)
(-88.19231337 -48.2874501 4.437545674e-15)
(-92.48777407 -50.81126599 5.181182392e-15)
(-96.79837152 -53.37893909 6.766635674e-15)
(-101.1264735 -55.97993058 5.550125857e-15)
(-105.4832389 -58.6096455 5.560102381e-15)
(-109.8854807 -61.2668836 5.060089287e-15)
(-114.352771 -63.95284397 3.391545198e-15)
(-118.902344 -66.67100189 4.037336891e-15)
(-123.5408981 -69.42578255 2.585328401e-15)
(-128.2547347 -72.21899336 2.464949641e-15)
(-133.0004579 -75.04446373 2.244959406e-15)
(-137.6971853 -77.88142066 2.186161727e-15)
(-142.2183064 -80.68550719 2.482729331e-15)
(-146.3771197 -83.37445143 2.264628299e-15)
(-149.8968945 -85.80444133 2.597150656e-15)
(-152.3569144 -87.73538314 1.808040918e-15)
(-153.1294905 -88.79498782 1.117385266e-15)
(-151.3910356 -88.48457279 -8.44981935e-17)
(-146.3484967 -86.30818356 6.834441483e-16)
(-137.6404236 -82.01177405 -3.293079444e-16)
(-125.4396998 -75.66031895 1.820541872e-16)
(-109.9145471 -67.32322476 1.548585127e-17)
(-90.60400472 -56.63072317 8.842767372e-16)
(-66.57232516 -42.67256298 7.346346503e-16)
(-38.01758464 -25.11712261 4.822547017e-16)
(-11.77838784 -8.387986097 -2.262408661e-16)
(-0.998867258 -1.05428263 -1.309404799e-15)
(-0.002960682808 -0.07661570919 -1.295094694e-15)
(0.01393620479 -0.02502989827 -1.329641602e-15)
(0.01415572367 -0.02364966355 -3.599460803e-16)
(0.01415642016 -0.0236231371 1.980017729e-16)
(0.01415270823 -0.02362591504 7.950849485e-17)
(0.01414904562 -0.02362920264 1.35150169e-16)
(0.01414552067 -0.02363238701 1.578436259e-16)
(0.01414212938 -0.02363546255 1.932830914e-16)
(0.01413886384 -0.02363843271 -4.232816662e-17)
(0.01413571699 -0.02364130057 2.788897555e-18)
(0.01413268391 -0.02364407267 -3.281710859e-16)
(0.01412975809 -0.02364675408 -2.544516173e-16)
(0.01412693231 -0.02364935005 -3.275322666e-16)
(0.01412419781 -0.02365186656 -6.806786291e-17)
(0.01412154296 -0.02365431101 -1.8968706e-17)
(0.01411895151 -0.02365669324 -8.821272919e-17)
(0.01411640038 -0.02365902674 -7.254152996e-16)
(0.01411385722 -0.02366133007 -8.413456027e-16)
(0.01411127839 -0.02366362809 -1.245512226e-15)
(0.01410860795 -0.0236659526 -1.00869768e-15)
(0.01410577816 -0.02366834017 -7.86487171e-16)
(0.0141027165 -0.02367083537 -7.197294302e-16)
(0.01409934816 -0.02367348496 -5.743283252e-16)
(0.01409560318 -0.02367632897 -4.690926579e-16)
(0.01409142616 -0.02367940169 -4.195404929e-16)
(0.01408677774 -0.02368272974 -2.583236463e-16)
(0.0140816254 -0.02368632802 -3.805969689e-16)
(0.01407592877 -0.02369021154 -2.928360012e-16)
(0.01406962135 -0.02369442314 -2.181922923e-16)
(0.01406265773 -0.0236990732 1.0765943e-16)
(0.01405473514 -0.02370562986 5.150921963e-16)
)
;
    }
    outlet
    {
        type            calculated;
        value           uniform (0 0 0);
    }
    front
    {
        type            wedge;
    }
    back
    {
        type            wedge;
    }
}


// ************************************************************************* //
