/*--------------------------------*- C++ -*----------------------------------*\
| =========                 |                                                 |
| \\      /  F ield         | OpenFOAM: The Open Source CFD Toolbox           |
|  \\    /   O peration     | Version:  v1706                                 |
|   \\  /    A nd           | Web:      www.OpenFOAM.com                      |
|    \\/     M anipulation  |                                                 |
\*---------------------------------------------------------------------------*/
FoamFile
{
    version     2.0;
    format      ascii;
    class       volVectorField;
    location    "0.00239";
    object      wallShearStress;
}
// * * * * * * * * * * * * * * * * * * * * * * * * * * * * * * * * * * * * * //

dimensions      [1 -1 -2 0 0 0 0];


internalField   uniform (0 0 0);

boundaryField
{
    inlet
    {
        type            calculated;
        value           nonuniform 0();
    }
    object
    {
        type            calculated;
        value           nonuniform List<vector> 
204
(
(-9.851579316 -26.93775207 -6.060021126e-17)
(-9.913046909 -26.97738462 6.911367792e-17)
(-9.970298011 -27.01238742 1.08809559e-16)
(-10.01872064 -27.04240091 3.353744776e-16)
(-10.05972842 -27.07566907 -1.675097488e-16)
(-10.09590598 -27.12196914 -1.121027213e-16)
(-10.12905009 -27.18250537 1.297512206e-16)
(-10.16058183 -27.2521177 1.04234681e-16)
(-10.19184629 -27.32749566 2.199941877e-17)
(-10.22346103 -27.40697016 8.547319277e-17)
(-10.25566869 -27.48966796 6.42947589e-16)
(-10.2885478 -27.5750982 1.385141898e-15)
(-10.32211124 -27.66295688 1.845843536e-15)
(-10.35635101 -27.75304271 1.468867369e-15)
(-10.39125315 -27.84521152 8.844791061e-16)
(-10.42680463 -27.93935751 4.95066498e-16)
(-10.46299432 -28.03540005 1.835858716e-16)
(-10.49981475 -28.13328047 7.225138282e-18)
(-10.5372602 -28.232953 1.125804417e-16)
(-10.57532716 -28.33438423 1.255247949e-16)
(-10.61401432 -28.43755071 -1.280390186e-17)
(-10.6533219 -28.54243647 1.709381187e-16)
(-10.69325117 -28.64903114 3.522013483e-16)
(-10.73380498 -28.75733084 3.677088988e-16)
(-10.77498783 -28.86733732 1.024216732e-16)
(-10.81680451 -28.97905468 7.605305041e-17)
(-10.85926157 -29.09249245 -6.019503688e-18)
(-10.90236528 -29.20766087 1.000670982e-16)
(-10.94612443 -29.32457698 3.075038968e-16)
(-10.99054772 -29.44325826 7.276198331e-17)
(-11.03564458 -29.56372469 -8.995005135e-17)
(-11.0814252 -29.68599873 -3.756397798e-16)
(-11.12790143 -29.81010739 -1.724247819e-16)
(-11.1750848 -29.93607687 -1.351903411e-16)
(-11.22298801 -30.06393725 -2.27075085e-16)
(-11.27162496 -30.19372141 -7.013702608e-17)
(-11.32100966 -30.32546257 -2.704931354e-17)
(-11.37115751 -30.45919801 -2.990479031e-16)
(-11.42208371 -30.59496455 -2.042217785e-16)
(-11.47380569 -30.73280462 -2.192413031e-17)
(-11.52634083 -30.8727606 2.056197152e-17)
(-11.57970764 -31.0148778 -2.07460196e-18)
(-11.63392481 -31.15920225 1.842356403e-16)
(-11.68901332 -31.30578559 -2.039042936e-16)
(-11.74499483 -31.45468093 -2.507850168e-16)
(-11.8018906 -31.60594101 -2.276454077e-17)
(-11.85972461 -31.7596248 -3.29436012e-17)
(-11.91852145 -31.91579291 2.395409201e-16)
(-11.97830698 -32.07450918 1.444822098e-16)
(-12.03910793 -32.23583931 -1.318797139e-16)
(-12.10095195 -32.399852 -4.543245247e-17)
(-12.16387014 -32.56662327 -1.745715725e-16)
(-12.22789332 -32.73622957 -4.883001694e-17)
(-12.29305378 -32.90875019 9.797838054e-17)
(-12.35938751 -33.08427286 -4.503131368e-17)
(-12.42692945 -33.26288395 8.266128151e-17)
(-12.49571779 -33.44467666 8.828670947e-17)
(-12.5657934 -33.62975141 3.203822674e-16)
(-12.63719938 -33.81821307 1.852495892e-16)
(-12.70998035 -34.01017062 9.611995095e-17)
(-12.78418406 -34.20574038 2.675846626e-17)
(-12.85986094 -34.405045 7.163170303e-17)
(-12.93706424 -34.60821334 1.453556911e-16)
(-13.01585204 -34.81538509 6.885620384e-17)
(-13.0962822 -35.02670091 1.096105154e-16)
(-13.17842064 -35.24231917 1.268876664e-16)
(-13.26233448 -35.46240064 4.042932177e-16)
(-13.34809719 -35.68712135 3.108399452e-16)
(-13.43578702 -35.91666859 2.466269752e-16)
(-13.525487 -36.15123991 2.762262063e-16)
(-13.6172878 -36.39104883 1.331442567e-16)
(-13.71128336 -36.6363188 1.148766457e-16)
(-13.80757881 -36.88729695 1.161435435e-16)
(-13.90628671 -37.14424727 2.665896695e-16)
(-14.00752745 -37.40745086 9.566865043e-17)
(-14.11143184 -37.67721179 1.034870605e-16)
(-14.21814429 -37.95386503 4.521928565e-16)
(-14.32782011 -38.23776731 6.26919643e-16)
(-14.44063032 -38.52931119 4.836128051e-16)
(-14.55676369 -38.8289257 1.592938534e-16)
(-14.67642493 -39.1370752 1.185607735e-16)
(-14.79984522 -39.45427961 3.116319696e-16)
(-14.92727673 -39.78110175 9.314684995e-16)
(-15.05900487 -40.11817573 5.923422395e-16)
(-15.19534818 -40.46620086 4.221475237e-16)
(-15.3366668 -40.82596358 5.525669497e-16)
(-15.48336707 -41.19834017 3.092214077e-16)
(-15.63591689 -41.58433271 6.068598742e-17)
(-15.79485418 -41.98507528 -2.063408284e-16)
(-15.96079865 -42.40186101 -5.528887644e-16)
(-16.13448064 -42.83619246 -7.246502326e-16)
(-16.31676481 -43.28982028 -4.454423914e-16)
(-16.50868651 -43.76480452 -7.7441034e-16)
(-16.71150281 -44.2635949 -9.99822005e-16)
(-16.92676162 -44.78913898 -4.330121582e-16)
(-17.15641707 -45.34505997 -2.64975955e-16)
(-17.40297529 -45.93585817 -5.276710444e-17)
(-17.66974947 -46.56726092 3.138868991e-16)
(-17.96127305 -47.24674916 3.736968517e-16)
(-18.28401171 -47.98437293 2.526171003e-16)
(-18.6477529 -48.79412214 3.837015557e-16)
(-19.06874694 -49.69598826 4.831679074e-16)
(-19.57947188 -50.71691663 5.947767004e-16)
(-20.2822093 -51.8688566 5.302527483e-16)
(-21.27557839 -52.98786976 4.654061717e-16)
(-22.19509401 -54.0136324 3.04465809e-16)
(-23.10169944 -54.8933013 1.87681221e-16)
(-24.01994341 -55.62173327 1.550119914e-16)
(-24.94714869 -56.22672569 1.384667758e-16)
(-25.88025668 -56.73141728 8.430566955e-17)
(-26.81660639 -57.15351383 1.383732808e-16)
(-27.75410473 -57.50618926 1.680667427e-16)
(-28.69116635 -57.79917319 -9.828797291e-17)
(-29.62659506 -58.03967544 2.341949323e-16)
(-30.5594569 -58.23308616 1.230557675e-16)
(-31.48898097 -58.38348764 2.012742312e-16)
(-32.41450564 -58.49403842 2.503765283e-16)
(-33.33543192 -58.5672281 2.587825332e-16)
(-34.25120349 -58.60507602 2.515782719e-16)
(-35.16129543 -58.60925735 8.945327377e-17)
(-36.0652129 -58.58119068 1.36205989e-16)
(-36.96261794 -58.52211351 2.284292397e-16)
(-37.8545476 -58.4315838 2.202137665e-16)
(-38.7581304 -58.31509272 1.711416507e-16)
(-39.6910652 -58.20558761 1.228070776e-16)
(-40.57438501 -58.06100832 1.198292594e-16)
(-41.44440463 -57.88291621 1.355104555e-16)
(-42.30264951 -57.67637971 1.704957764e-16)
(-43.1497482 -57.44249456 1.865090895e-16)
(-43.9856873 -57.1821452 9.962827281e-17)
(-44.81027182 -56.8962248 -1.192295562e-17)
(-45.62321256 -56.58560681 -7.422428587e-17)
(-46.42421959 -56.25116966 3.046677632e-17)
(-47.21299761 -55.89375503 5.081962576e-17)
(-47.98926766 -55.51417821 1.434804073e-16)
(-48.75276647 -55.11322583 3.27435598e-16)
(-49.5032493 -54.69165765 2.802973072e-16)
(-50.24047933 -54.25019959 4.185650183e-16)
(-50.96424026 -53.78955848 1.964835103e-16)
(-51.67433982 -53.31042827 1.904426981e-16)
(-52.37059919 -52.81348568 6.001249325e-17)
(-53.05285565 -52.29939222 1.156278076e-16)
(-53.72096593 -51.76879932 1.669717969e-16)
(-54.37479708 -51.22233981 2.135304772e-16)
(-55.01424234 -50.6606466 3.438359584e-16)
(-55.63915975 -50.08435586 3.970982689e-16)
(-56.24947206 -49.49405661 3.605642218e-16)
(-56.84512091 -48.8903359 1.6865776e-16)
(-57.42605807 -48.27377049 2.11584745e-16)
(-57.99225112 -47.64493086 2.666192406e-16)
(-58.54367197 -47.00437021 3.512814105e-16)
(-59.08030831 -46.35263527 2.582226692e-16)
(-59.60216304 -45.69026505 2.956608755e-16)
(-60.10925349 -45.01778987 2.507316586e-16)
(-60.60159999 -44.33572409 1.968956817e-16)
(-61.07924646 -43.64457896 2.052654777e-16)
(-61.54224432 -42.94485274 3.788436231e-16)
(-61.99064658 -42.23702992 3.304707695e-16)
(-62.4245336 -41.52158877 4.238574204e-16)
(-62.84398077 -40.79899644 3.489549634e-16)
(-63.2490827 -40.06970819 3.745050145e-16)
(-63.63994217 -39.33417107 2.99094367e-16)
(-64.01666583 -38.59281764 2.65181552e-16)
(-64.37937255 -37.84607259 3.592901221e-16)
(-64.72818998 -37.09434957 3.526532963e-16)
(-65.06324959 -36.33804784 3.14215423e-16)
(-65.38469237 -35.57756238 1.774572234e-16)
(-65.69266498 -34.81327146 2.221881342e-16)
(-65.98731668 -34.04554288 2.095320767e-16)
(-66.26880621 -33.27473542 3.176394022e-16)
(-66.537298 -32.50119715 3.275480832e-16)
(-66.79295805 -31.72526644 2.822932069e-16)
(-67.03596113 -30.94726632 2.678598276e-16)
(-67.2664814 -30.16751726 2.560218697e-16)
(-67.48469635 -29.38631995 2.440684002e-16)
(-67.69079248 -28.60397174 2.244587694e-16)
(-67.88495016 -27.82075718 2.225821201e-16)
(-68.06736006 -27.03694936 2.227345825e-16)
(-68.23820933 -26.25281517 1.745218695e-16)
(-68.39769268 -25.46860702 1.978951266e-16)
(-68.54600418 -24.68457545 1.470216522e-16)
(-68.68333884 -23.9009552 2.01924317e-16)
(-68.80988631 -23.11797028 2.021928373e-16)
(-68.92585037 -22.33584053 1.810838092e-16)
(-69.03142526 -21.55477823 1.690584538e-16)
(-69.12680821 -20.77498142 1.782827547e-16)
(-69.21219968 -19.99664341 1.754756685e-16)
(-69.28779741 -19.21995027 1.016133646e-16)
(-69.35380046 -18.44507598 5.155553869e-17)
(-69.41041042 -17.67219095 6.423035777e-18)
(-69.45782137 -16.90145778 2.153246701e-17)
(-69.49622943 -16.13302785 3.73265562e-17)
(-69.52583566 -15.36704619 3.504275025e-17)
(-69.54683616 -14.60365412 6.872811396e-17)
(-69.55942881 -13.84298622 7.598333036e-17)
(-69.56380763 -13.08516291 6.226112147e-17)
(-69.56016613 -12.33030649 4.682130305e-17)
(-69.54870248 -11.57852684 4.945898407e-17)
(-69.52960873 -10.82993453 2.991848281e-17)
(-69.50307781 -10.08462306 4.63169863e-17)
(-69.46930263 -9.342690159 7.505839284e-17)
(-69.42847611 -8.604236014 7.089472764e-17)
(-69.38149267 -7.869478565 8.443294344e-17)
(-69.56687148 -7.207558793 6.512920574e-17)
)
;
    }
    outlet
    {
        type            calculated;
        value           uniform (0 0 0);
    }
    front
    {
        type            wedge;
    }
    back
    {
        type            wedge;
    }
    procBoundary3to1
    {
        type            processor;
        value           uniform (0 0 0);
    }
    procBoundary3to2
    {
        type            processor;
        value           uniform (0 0 0);
    }
}


// ************************************************************************* //
