/*--------------------------------*- C++ -*----------------------------------*\
| =========                 |                                                 |
| \\      /  F ield         | OpenFOAM: The Open Source CFD Toolbox           |
|  \\    /   O peration     | Version:  v1706                                 |
|   \\  /    A nd           | Web:      www.OpenFOAM.com                      |
|    \\/     M anipulation  |                                                 |
\*---------------------------------------------------------------------------*/
FoamFile
{
    version     2.0;
    format      ascii;
    class       volVectorField;
    location    "0.00218";
    object      wallShearStress;
}
// * * * * * * * * * * * * * * * * * * * * * * * * * * * * * * * * * * * * * //

dimensions      [1 -1 -2 0 0 0 0];


internalField   uniform (0 0 0);

boundaryField
{
    inlet
    {
        type            calculated;
        value           nonuniform 0();
    }
    object
    {
        type            calculated;
        value           nonuniform List<vector> 
204
(
(-6.288629416 -17.19977576 -0.1535499842)
(-6.33969503 -17.25605236 -0.1557181841)
(-6.38823693 -17.31009174 -0.1579100316)
(-6.43084136 -17.36185893 -0.1601395684)
(-6.468562233 -17.41652459 -0.1624711151)
(-6.505210226 -17.48242707 -0.1648403074)
(-6.539718553 -17.55710555 -0.1672231667)
(-6.573310017 -17.63720999 -0.1696192595)
(-6.606888871 -17.72089007 -0.1720280114)
(-6.640843366 -17.80726976 -0.1744486675)
(-6.675321542 -17.89590771 -0.1768803532)
(-6.710374039 -17.98656235 -0.1793221179)
(-6.746015025 -18.07908713 -0.1817731784)
(-6.782247255 -18.17338871 -0.1842326959)
(-6.819070812 -18.26940381 -0.1866997133)
(-6.856486156 -18.36709001 -0.1891735106)
(-6.894494782 -18.46641926 -0.1916530581)
(-6.933100108 -18.56737622 -0.1941375404)
(-6.972306326 -18.66995292 -0.1966260113)
(-7.012118668 -18.77414858 -0.1991178108)
(-7.052544757 -18.87996916 -0.2016119864)
(-7.093592224 -18.98742493 -0.2041076975)
(-7.135270005 -19.09653004 -0.2066041374)
(-7.177587716 -19.20730297 -0.2091004987)
(-7.220556718 -19.31976618 -0.2115959252)
(-7.264188059 -19.43394384 -0.2140894377)
(-7.308494813 -19.54986441 -0.2165804264)
(-7.353489444 -19.66755684 -0.2190681743)
(-7.399186579 -19.78705545 -0.2215517425)
(-7.445601192 -19.90839519 -0.2240304609)
(-7.492748713 -20.03161345 -0.2265035084)
(-7.5406453 -20.15674972 -0.2289701437)
(-7.589308727 -20.28384738 -0.2314296593)
(-7.638756845 -20.41294997 -0.2338813048)
(-7.689008361 -20.54410432 -0.2363243514)
(-7.740083323 -20.67735998 -0.2387580267)
(-7.792002107 -20.81276757 -0.2411818936)
(-7.844786287 -20.95038125 -0.2435951906)
(-7.898457886 -21.09025598 -0.2459972583)
(-7.953040593 -21.23245117 -0.248387611)
(-8.008558622 -21.3770274 -0.2507653231)
(-8.065037377 -21.52404832 -0.2531298968)
(-8.122502619 -21.67357882 -0.2554808297)
(-8.180982368 -21.8256891 -0.2578173534)
(-8.240505502 -21.98045128 -0.2601391389)
(-8.301101158 -22.13793846 -0.2624456086)
(-8.362800843 -22.29822956 -0.2647362625)
(-8.425636861 -22.46140565 -0.2670104054)
(-8.489643192 -22.62755138 -0.2692677625)
(-8.554855094 -22.79675436 -0.271507845)
(-8.621308716 -22.96910565 -0.2737302486)
(-8.689043733 -23.14470313 -0.2759344119)
(-8.758099995 -23.32364633 -0.2781198367)
(-8.828519242 -23.5060389 -0.2802861711)
(-8.900346571 -23.69199184 -0.2824332179)
(-8.973627225 -23.88161739 -0.2845604804)
(-9.048409448 -24.07503466 -0.2866677313)
(-9.124744248 -24.27236963 -0.2887546665)
(-9.202685699 -24.47375416 -0.290820701)
(-9.282289175 -24.67932492 -0.2928658665)
(-9.363614144 -24.88922688 -0.2948897082)
(-9.446722293 -25.10361161 -0.2968922442)
(-9.531679269 -25.3226383 -0.2988729922)
(-9.618555281 -25.54647662 -0.30083176)
(-9.707421533 -25.77530019 -0.3027684877)
(-9.798356612 -26.00929908 -0.3046830817)
(-9.891441581 -26.24866795 -0.3065753556)
(-9.986763912 -26.49361694 -0.3084450521)
(-10.08441616 -26.74436797 -0.3102922377)
(-10.18449641 -27.00115537 -0.3121166985)
(-10.28711011 -27.26422898 -0.3139185916)
(-10.39236757 -27.53385122 -0.3156976142)
(-10.50039016 -27.81030766 -0.3174539124)
(-10.61130629 -28.09390117 -0.3191873256)
(-10.72525436 -28.38495425 -0.3208981343)
(-10.84238211 -28.68381235 -0.3225861816)
(-10.96285201 -28.99085189 -0.3242516692)
(-11.08683734 -29.30647243 -0.3258947665)
(-11.21452809 -29.63110964 -0.3275154342)
(-11.34613138 -29.9652352 -0.3291138161)
(-11.4818716 -30.30935782 -0.3306900851)
(-11.62199826 -30.66403944 -0.3322442863)
(-11.76678268 -31.02988581 -0.3337769051)
(-11.9165291 -31.40757126 -0.3352881089)
(-12.071573 -31.79783347 -0.33677811)
(-12.23229183 -32.20149393 -0.3382472777)
(-12.39910623 -32.61946018 -0.3396958008)
(-12.57249654 -33.0527574 -0.3411241245)
(-12.75300875 -33.50253403 -0.3425325535)
(-12.94126637 -33.97008667 -0.3439215362)
(-13.13799521 -34.45690254 -0.3452916009)
(-13.34404399 -34.96469216 -0.3466433829)
(-13.56041767 -35.49544233 -0.3479771938)
(-13.7883195 -36.05148205 -0.3492938565)
(-14.02921229 -36.63557272 -0.3505939829)
(-14.28491382 -37.25105089 -0.3518784212)
(-14.55771944 -37.90198859 -0.3531479937)
(-14.85061054 -38.59346676 -0.3544037975)
(-15.1675863 -39.33197378 -0.355646607)
(-15.5142293 -40.12599709 -0.3568778672)
(-15.89882643 -40.9869263 -0.3580987079)
(-16.33512737 -41.93004003 -0.3593096384)
(-16.85188385 -42.97310301 -0.3605071133)
(-17.54247983 -44.11765639 -0.3616731971)
(-18.44435491 -45.17732546 -0.3613669769)
(-19.22643453 -46.08274175 -0.3606482382)
(-20.00647359 -46.84279184 -0.3598891007)
(-20.80642361 -47.47444565 -0.3590875473)
(-21.62220031 -48.00856407 -0.3582428377)
(-22.44954413 -48.46736351 -0.3573547302)
(-23.28503793 -48.86618974 -0.3564237776)
(-24.12616043 -49.21543947 -0.3554504694)
(-24.97109493 -49.52212762 -0.3544356348)
(-25.81851469 -49.79101797 -0.3533804106)
(-26.66740177 -50.02538917 -0.3522859396)
(-27.51692432 -50.22754372 -0.3511535279)
(-28.3663658 -50.3991534 -0.3499843915)
(-29.21507167 -50.54146699 -0.3487797928)
(-30.06242921 -50.65546352 -0.3475412292)
(-30.90784717 -50.74193556 -0.3462700591)
(-31.75074951 -50.80154949 -0.3449676019)
(-32.59057846 -50.83489438 -0.3436354836)
(-33.42677826 -50.84249526 -0.3422750333)
(-34.25881751 -50.82484872 -0.3408878401)
(-35.08615925 -50.78241037 -0.3394752091)
(-35.90828857 -50.71563186 -0.3380385755)
(-36.7247079 -50.6249528 -0.3365793498)
(-37.53492207 -50.51080308 -0.3350991509)
(-38.3384611 -50.37361653 -0.3335992815)
(-39.13486455 -50.21382415 -0.33208105)
(-39.92371449 -50.03187397 -0.3305461475)
(-40.7046268 -49.82820106 -0.328995769)
(-41.47747698 -49.60321678 -0.3274312189)
(-42.24567144 -49.35127131 -0.3258541262)
(-43.05544916 -49.10321186 -0.3242693217)
(-43.83864746 -48.84651066 -0.3226755852)
(-44.59379196 -48.56457249 -0.3210730931)
(-45.33476702 -48.25969112 -0.3194632092)
(-46.06302328 -47.93395515 -0.3178470802)
(-46.77900476 -47.58798876 -0.316225842)
(-47.48274548 -47.22238577 -0.3146004971)
(-48.17411166 -46.83776053 -0.3129723832)
(-48.85291658 -46.43473929 -0.311342486)
(-49.51894984 -46.01393642 -0.3097117692)
(-50.17201506 -45.57595912 -0.3080814718)
(-50.81192556 -45.12139973 -0.3064522489)
(-51.43850104 -44.65083006 -0.3048252301)
(-52.05158357 -44.16481198 -0.3032013558)
(-52.65104591 -43.66391036 -0.301581705)
(-53.2367838 -43.14869079 -0.2999667739)
(-53.80870368 -42.61970722 -0.2983576663)
(-54.36673424 -42.07751188 -0.2967551154)
(-54.91082853 -41.5226614 -0.2951598603)
(-55.44091235 -40.95572966 -0.2935726068)
(-55.95696889 -40.37724568 -0.2919943257)
(-56.45900938 -39.78773988 -0.2904253549)
(-56.94705221 -39.18773291 -0.2888666626)
(-57.4211192 -38.57773537 -0.2873190469)
(-57.88125376 -37.95825296 -0.2857828798)
(-58.32750184 -37.32978121 -0.284258658)
(-58.75992512 -36.69280506 -0.2827472268)
(-59.17859466 -36.04780077 -0.2812490201)
(-59.58358569 -35.39522966 -0.2797645247)
(-59.9749876 -34.73554396 -0.2782942058)
(-60.35289621 -34.06918458 -0.2768385602)
(-60.71741137 -33.39657628 -0.2753982469)
(-61.06864411 -32.71813798 -0.2739733876)
(-61.40670996 -32.03427115 -0.2725646038)
(-61.73172687 -31.34536589 -0.2711722366)
(-62.0438217 -30.65180207 -0.269796626)
(-62.34312712 -29.95394747 -0.268438088)
(-62.62977757 -29.2521598 -0.2670972419)
(-62.90391551 -28.54678079 -0.265774048)
(-63.16568412 -27.83814835 -0.2644690241)
(-63.41522899 -27.12658117 -0.2631821499)
(-63.65270466 -26.41239347 -0.2619139965)
(-63.87826079 -25.69588684 -0.2606647475)
(-64.09205645 -24.97735145 -0.2594346045)
(-64.29424816 -24.25707063 -0.2582240142)
(-64.48500006 -23.53531357 -0.2570328506)
(-64.66447624 -22.81234714 -0.255861331)
(-64.83284262 -22.08842293 -0.254709868)
(-64.99025948 -21.36378242 -0.253578585)
(-65.13690138 -20.63866188 -0.2524673042)
(-65.27293592 -19.91329039 -0.2513764705)
(-65.3985312 -19.18788434 -0.2503061963)
(-65.51386139 -18.46265347 -0.2492565831)
(-65.61909711 -17.73780215 -0.2482277188)
(-65.71441083 -17.01352251 -0.2472199798)
(-65.7999785 -16.29000257 -0.246233128)
(-65.87596908 -15.56742358 -0.2452672731)
(-65.94255318 -14.84595572 -0.244322749)
(-65.99990695 -14.12576253 -0.2433992987)
(-66.04820241 -13.40700442 -0.242497326)
(-66.08761273 -12.68983534 -0.2416168368)
(-66.11830784 -11.97439551 -0.2407578862)
(-66.14045751 -11.26082713 -0.2399202259)
(-66.15423545 -10.54926016 -0.2391042404)
(-66.15981014 -9.839825466 -0.2383099086)
(-66.15735022 -9.132638066 -0.2375372844)
(-66.14702429 -8.427816826 -0.2367864136)
(-66.12900135 -7.725485823 -0.2360573313)
(-66.10412057 -7.025910869 -0.2353503764)
(-66.30040038 -6.399608279 -0.2346652598)
)
;
    }
    outlet
    {
        type            calculated;
        value           uniform (0 0 0);
    }
    front
    {
        type            wedge;
    }
    back
    {
        type            wedge;
    }
    procBoundary3to1
    {
        type            processor;
        value           uniform (0 0 0);
    }
    procBoundary3to2
    {
        type            processor;
        value           uniform (0 0 0);
    }
}


// ************************************************************************* //
