/*--------------------------------*- C++ -*----------------------------------*\
| =========                 |                                                 |
| \\      /  F ield         | OpenFOAM: The Open Source CFD Toolbox           |
|  \\    /   O peration     | Version:  v1706                                 |
|   \\  /    A nd           | Web:      www.OpenFOAM.com                      |
|    \\/     M anipulation  |                                                 |
\*---------------------------------------------------------------------------*/
FoamFile
{
    version     2.0;
    format      ascii;
    class       volVectorField;
    location    "0.0038";
    object      wallShearStress;
}
// * * * * * * * * * * * * * * * * * * * * * * * * * * * * * * * * * * * * * //

dimensions      [1 -1 -2 0 0 0 0];


internalField   uniform (0 0 0);

boundaryField
{
    inlet
    {
        type            calculated;
        value           uniform (0 0 0);
    }
    object
    {
        type            calculated;
        value           nonuniform List<vector> 
300
(
(-0.8856426398 -0.8403808043 -5.980750377e-14)
(-0.8414187257 -1.365359443 -4.515815883e-14)
(-0.855698725 -2.102791226 -3.191697388e-14)
(-0.8745810607 -2.866130571 -1.818475563e-14)
(-0.9004692444 -3.630217818 -2.549272062e-14)
(-0.9334892109 -4.387696485 -3.855741737e-14)
(-0.973620314 -5.135414784 -3.28900419e-14)
(-1.020833217 -5.871795226 -3.70174601e-14)
(-1.075096586 -6.596070162 -3.449009165e-14)
(-1.136373072 -7.307980051 -2.5654774e-14)
(-1.204616684 -8.007616834 -2.101070435e-14)
(-1.279772382 -8.695322448 -1.486094087e-14)
(-1.36177721 -9.371612999 -1.079303029e-14)
(-1.450562321 -10.03711884 -4.491849859e-15)
(-1.546055278 -10.69253636 -1.30269647e-14)
(-1.648182287 -11.33859008 -8.576406059e-15)
(-1.756870148 -11.97600331 1.686686044e-16)
(-1.872047777 -12.60547656 4.34192988e-15)
(-1.993647325 -13.22767249 3.555372533e-15)
(-2.121604914 -13.84320606 3.509184198e-15)
(-2.25586103 -14.45263914 9.216874854e-15)
(-2.396360677 -15.05647828 5.980043987e-15)
(-2.543053347 -15.65517517 5.355201022e-16)
(-2.695892869 -16.24912866 1.943251013e-15)
(-2.854837218 -16.83868831 7.774808448e-16)
(-3.019848283 -17.42415861 2.757084281e-15)
(-3.190891669 -18.00580354 -1.993431177e-15)
(-3.367936512 -18.58385166 -4.081106972e-15)
(-3.550955388 -19.15850104 -2.864341823e-15)
(-3.739924225 -19.72992405 -2.42652565e-15)
(-3.934822277 -20.29827197 -9.159721949e-16)
(-4.135632148 -20.86367946 -1.801051442e-15)
(-4.342339722 -21.42626789 -3.016943106e-15)
(-4.554934312 -21.98615001 -3.200131901e-15)
(-4.773408381 -22.54343147 -1.739695031e-15)
(-4.997757267 -23.09821252 -4.272749985e-15)
(-5.227978802 -23.65059013 -4.551758611e-15)
(-5.464072599 -24.20065788 -2.808361492e-15)
(-5.706039036 -24.74850501 -3.112225381e-15)
(-5.953877986 -25.29421259 -3.063049848e-15)
(-6.207586751 -25.83784967 -3.27518237e-15)
(-6.467158812 -26.37947044 -5.251340662e-15)
(-6.732581923 -26.91910698 -3.456896607e-15)
(-7.003836735 -27.45676498 -2.911600975e-15)
(-7.280896111 -27.99241963 -2.14520694e-15)
(-7.563724582 -28.52601104 -1.419761019e-15)
(-7.852279976 -29.05744909 -7.726175119e-16)
(-8.146515572 -29.58661628 -7.718788913e-16)
(-8.446381539 -30.11337332 -1.752567777e-16)
(-8.751828727 -30.63757181 -1.394125826e-15)
(-9.062811518 -31.15906507 -1.448021481e-15)
(-9.379289343 -31.67771566 -1.610106231e-15)
(-9.701228916 -32.19340755 -7.32331965e-16)
(-10.02860579 -32.70605405 -6.953941839e-16)
(-10.36140321 -33.21559731 -1.280410725e-15)
(-10.69961102 -33.72200995 8.232742297e-17)
(-11.04322403 -34.22529174 1.123321609e-15)
(-11.39223753 -34.72545794 5.481194194e-16)
(-11.74664425 -35.22253195 1.743856631e-15)
(-12.10643037 -35.71653098 2.720017535e-15)
(-12.47157212 -36.20745299 1.224680307e-15)
(-12.84203558 -36.69527022 1.110126635e-15)
(-13.21777799 -37.17992527 1.890037838e-16)
(-13.59875109 -37.66133336 6.577473124e-16)
(-13.98490665 -38.13939588 4.872409394e-16)
(-14.37620439 -38.61401834 8.903995446e-16)
(-14.77261262 -39.08511732 -2.390757033e-17)
(-15.17411339 -39.55264249 -1.148409888e-15)
(-15.58070025 -40.01657768 -1.884001232e-15)
(-15.99237256 -40.47693614 -2.427408032e-15)
(-16.40912959 -40.93374865 -2.135936646e-15)
(-16.83096112 -41.38704203 -2.105320152e-15)
(-17.25784305 -41.83682293 -1.696602758e-15)
(-17.68973458 -42.28305894 -1.288317713e-15)
(-18.12658293 -42.72567755 -1.976707158e-15)
(-18.56833417 -43.1645834 -2.531114713e-15)
(-19.0149446 -43.59967871 -1.954627631e-15)
(-19.46639053 -44.03089294 -1.403942765e-15)
(-19.92267473 -44.45821128 -6.763654582e-16)
(-20.38382007 -44.8816749 -6.653421558e-16)
(-20.84985413 -45.30136217 1.657463242e-16)
(-21.32079392 -45.7173619 -1.471909737e-16)
(-21.79662796 -46.12972652 1.546446926e-16)
(-22.27730741 -46.53843522 -3.530472476e-16)
(-22.76275352 -46.94338662 2.673030762e-16)
(-23.25287661 -47.34442213 6.075366294e-16)
(-23.74760102 -47.74137607 1.212030797e-15)
(-24.24688449 -48.13413039 6.087662049e-16)
(-24.75072236 -48.52264659 -6.155976559e-19)
(-25.25913066 -48.90695737 -2.47820836e-16)
(-25.77211782 -49.28712132 2.408579446e-17)
(-26.28966414 -49.66317043 4.495644989e-16)
(-26.81170928 -50.03506036 1.001162701e-15)
(-27.33816334 -50.4026695 1.963036333e-15)
(-27.86893833 -50.76584751 1.307887347e-15)
(-28.40397311 -51.12446704 4.157680787e-16)
(-28.9432418 -51.478464 4.528462236e-16)
(-29.48675273 -51.82785533 4.98145925e-16)
(-30.03452213 -52.172698 3.663974405e-16)
(-30.5865495 -52.51304172 -5.126966133e-16)
(-31.14280784 -52.84889362 6.643523631e-17)
(-31.70323975 -53.18020192 5.998278382e-16)
(-32.26777407 -53.50687416 1.034956182e-15)
(-32.83634603 -53.82881436 5.861534181e-16)
(-33.40891505 -54.14595234 4.658696689e-16)
(-33.98546883 -54.45826748 8.039732049e-16)
(-34.56603287 -54.76581021 3.113603113e-16)
(-35.15064065 -55.0686644 3.764201529e-16)
(-35.73930265 -55.36689487 1.536303298e-16)
(-36.33198372 -55.66049887 -2.295087869e-16)
(-36.92861491 -55.949401 -2.188410405e-16)
(-37.52911349 -56.2334799 4.269729327e-16)
(-38.13343376 -56.51265743 4.683389231e-16)
(-38.74158776 -56.78694597 3.507590089e-16)
(-39.3536108 -57.05641372 9.602725891e-16)
(-39.96954119 -57.32115035 4.598275664e-17)
(-40.58938641 -57.58120123 2.794980628e-16)
(-41.21311055 -57.8365368 7.143200776e-17)
(-41.84065798 -58.08709473 -6.027866651e-16)
(-42.47198812 -58.33283155 -5.464674942e-16)
(-43.10702001 -58.57364689 -1.280616395e-15)
(-43.74568782 -58.80944614 -2.739755754e-16)
(-44.38798272 -59.04021843 -6.290597754e-16)
(-45.03392156 -59.2660052 -1.123496561e-15)
(-45.68351147 -59.48680613 -7.513770764e-16)
(-46.33692608 -59.70281217 -1.496727556e-15)
(-46.99458118 -59.91451718 -1.353086126e-15)
(-47.65755111 -60.12260218 -1.752789175e-15)
(-48.33130731 -60.33406111 -1.345134095e-15)
(-49.01104281 -60.54231487 -1.08043909e-15)
(-49.67918503 -60.72892943 -1.071389931e-15)
(-50.3487533 -60.90744725 -1.174784149e-15)
(-51.02161611 -61.08106685 -6.856803359e-16)
(-51.69828234 -61.25033601 -9.261837614e-16)
(-52.37879438 -61.41519877 -1.651103271e-15)
(-53.06306072 -61.57547993 -1.661698442e-15)
(-53.75095601 -61.73099987 -1.809345044e-15)
(-54.44236392 -61.88160725 -1.534186223e-15)
(-55.13717502 -62.02716765 -1.362630715e-15)
(-55.83528332 -62.16755823 -1.301665569e-15)
(-56.53659648 -62.30267721 -1.162361481e-15)
(-57.24102802 -62.43243306 -9.980098702e-16)
(-57.94850041 -62.55674537 -7.751557634e-16)
(-58.65893995 -62.67554102 -6.443254551e-16)
(-59.37228494 -62.78876148 -7.962308237e-16)
(-60.08847691 -62.89635945 -8.783403447e-16)
(-60.80748266 -62.99831045 -1.015268587e-15)
(-61.52926887 -63.09459446 -1.315948772e-15)
(-62.25381693 -63.18520888 -1.015577663e-15)
(-62.98111953 -63.27016272 -5.09045679e-16)
(-63.71117751 -63.34947051 -5.335440208e-16)
(-64.44398762 -63.42314039 -6.734731183e-16)
(-65.17954438 -63.49118035 -6.555518545e-16)
(-65.91784724 -63.55359881 -5.601619034e-16)
(-66.65888048 -63.61038868 -8.413847051e-16)
(-67.40262282 -63.66153594 -1.140524639e-15)
(-68.14905296 -63.7070226 -1.19945171e-15)
(-68.89813097 -63.7468137 -1.218122882e-15)
(-69.64980929 -63.78086928 -1.429830117e-15)
(-70.40405095 -63.80915966 -1.450828488e-15)
(-71.16080686 -63.83164164 -1.196047312e-15)
(-71.92001447 -63.84826389 -1.169223481e-15)
(-72.68162938 -63.85899261 -1.402129017e-15)
(-73.44559853 -63.86378712 -1.14076619e-15)
(-74.21187325 -63.86261328 -9.816547883e-16)
(-74.98041054 -63.85544229 -1.383634078e-15)
(-75.75116037 -63.84224218 -1.029350942e-15)
(-76.52409426 -63.8229992 -1.015013834e-15)
(-77.29918285 -63.79769872 -1.424685914e-15)
(-78.07639235 -63.76632079 -1.273172948e-15)
(-78.85568462 -63.72884671 -1.51691419e-15)
(-79.63705228 -63.6852822 -1.630847137e-15)
(-80.42047232 -63.63561695 -1.584176994e-15)
(-81.20592423 -63.57984529 -1.380249391e-15)
(-81.9933992 -63.51797053 -1.504973022e-15)
(-82.78288451 -63.44999031 -1.645426682e-15)
(-83.5743715 -63.37590508 -1.475790772e-15)
(-84.36784535 -63.29570986 -1.315199488e-15)
(-85.16329129 -63.20939825 -1.34137167e-15)
(-85.96069849 -63.11696475 -1.15138427e-15)
(-86.76004023 -63.01839206 -1.155363431e-15)
(-87.5612987 -62.91366954 -1.043267844e-15)
(-88.36445278 -62.80278238 -1.189984129e-15)
(-89.16946718 -62.68570502 -1.085529734e-15)
(-89.9763062 -62.56241251 -8.969105871e-16)
(-90.78493966 -62.43288329 -8.935489511e-16)
(-91.59531984 -62.29708748 -9.617058956e-16)
(-92.40741151 -62.15499986 -1.135448083e-15)
(-93.22117744 -62.00659559 -7.638153269e-16)
(-94.03657358 -61.85184522 -3.916514055e-16)
(-94.85355081 -61.69071747 -1.105648978e-15)
(-95.67207666 -61.52319422 -4.379506848e-16)
(-96.49210589 -61.34924876 -7.415646294e-16)
(-97.3136061 -61.16886503 -7.289456616e-16)
(-98.1365273 -60.98201356 -6.53396001e-16)
(-98.96084055 -60.78868107 -5.063664275e-16)
(-99.78651505 -60.58885229 -2.250660797e-16)
(-100.6135059 -60.38250484 -5.477038291e-16)
(-101.4417878 -60.16964502 -2.195102719e-16)
(-102.2770852 -59.96175319 -3.131623198e-16)
(-102.8328749 -59.79965984 -3.238597911e-16)
(-103.1223038 -59.58411684 -4.664085435e-16)
(-103.2959166 -59.47770925 -5.143371267e-16)
(-103.4048132 -59.444616 -4.154332313e-16)
(-103.4804808 -59.45186108 -5.738062763e-16)
(-103.539804 -59.47740179 -6.529610518e-16)
(-103.5912399 -59.50924098 -2.863949747e-16)
(-103.6387806 -59.54186364 -5.222936983e-16)
(-103.6842049 -59.57323217 -7.786840699e-16)
(-103.7282736 -59.60290466 -1.145555199e-15)
(-103.7713402 -59.63106157 -1.3057691e-15)
(-103.8135862 -59.65802653 -1.133891753e-15)
(-103.8551451 -59.68410429 -1.085501227e-15)
(-103.8961271 -59.70952861 -1.218171748e-15)
(-103.9366158 -59.7344582 -1.468495969e-15)
(-103.9766825 -59.75899768 -1.541970572e-15)
(-104.0163916 -59.78322467 -1.537895164e-15)
(-104.0558038 -59.80719684 -1.613376377e-15)
(-104.0949703 -59.83095764 -1.556665313e-15)
(-104.1339207 -59.85453346 -1.669645002e-15)
(-104.1726771 -59.87794069 -1.942379965e-15)
(-104.2112657 -59.90120119 -2.032404389e-15)
(-104.2496982 -59.9243259 -1.965127069e-15)
(-104.2879965 -59.94733072 -1.824678617e-15)
(-104.3261719 -59.97022518 -1.884405031e-15)
(-104.3642199 -59.99300613 -1.876764301e-15)
(-104.4021483 -60.01568186 -2.047499067e-15)
(-104.4399534 -60.03825222 -2.034595164e-15)
(-104.4776444 -60.06072411 -1.983832437e-15)
(-104.5152221 -60.0830997 -2.060405236e-15)
(-104.5526732 -60.10536989 -2.030047208e-15)
(-104.5899985 -60.12753825 -2.044837117e-15)
(-104.6271887 -60.14960101 -2.090040877e-15)
(-104.6642489 -60.17156233 -2.131270121e-15)
(-104.7011765 -60.19342246 -2.093810681e-15)
(-104.7379562 -60.21517101 -2.088201875e-15)
(-104.7745875 -60.2368109 -2.11390316e-15)
(-104.8110607 -60.25833816 -2.071305193e-15)
(-104.8473811 -60.27975719 -2.080379294e-15)
(-104.8835468 -60.3010688 -2.34158666e-15)
(-104.919544 -60.3222634 -2.523090182e-15)
(-104.9553738 -60.34334496 -2.808488602e-15)
(-104.9910284 -60.36431051 -2.803104833e-15)
(-105.0265123 -60.38516388 -2.699409171e-15)
(-105.0618312 -60.40590975 -2.610618054e-15)
(-105.0969778 -60.42654573 -2.813745878e-15)
(-105.1319459 -60.44706649 -3.079843264e-15)
(-105.1667344 -60.46747458 -2.784868904e-15)
(-105.2013502 -60.48777527 -2.723935888e-15)
(-105.2358016 -60.50797438 -2.758833079e-15)
(-105.2700837 -60.5280705 -3.065294473e-15)
(-105.304192 -60.54805905 -3.272076487e-15)
(-105.3381328 -60.56794614 -3.606014754e-15)
(-105.3719028 -60.58773074 -3.438403721e-15)
(-105.4055134 -60.60741991 -3.310363152e-15)
(-105.4389685 -60.62701661 -3.288184409e-15)
(-105.4722593 -60.64651279 -3.375937594e-15)
(-105.5053908 -60.66591326 -3.32047693e-15)
(-105.5383585 -60.68521519 -3.257137358e-15)
(-105.5711716 -60.70442333 -3.182744958e-15)
(-105.603831 -60.72353779 -3.224728448e-15)
(-105.6363238 -60.74254706 -3.171364138e-15)
(-105.6686505 -60.76145199 -3.119290338e-15)
(-105.7008008 -60.7802452 -3.375463092e-15)
(-105.7327775 -60.79892643 -3.288774567e-15)
(-105.7645739 -60.81749029 -3.166530281e-15)
(-105.7961693 -60.83591939 -3.045684362e-15)
(-105.8275553 -60.8542084 -2.98870615e-15)
(-105.8587122 -60.87234362 -3.243967989e-15)
(-105.8896332 -60.89031841 -3.09562844e-15)
(-105.9203019 -60.90812113 -3.319444313e-15)
(-105.9506875 -60.92572841 -3.256949655e-15)
(-105.980772 -60.94312943 -3.442824453e-15)
(-106.0105269 -60.96030548 -3.287302343e-15)
(-106.0399338 -60.97724404 -3.16516379e-15)
(-106.0689743 -60.99393308 -3.143711303e-15)
(-106.0976161 -61.01035337 -3.336938099e-15)
(-106.1258272 -61.02648302 -3.587228794e-15)
(-106.1535811 -61.04230873 -3.286942749e-15)
(-106.1808594 -61.05782105 -3.197854949e-15)
(-106.2076466 -61.07301255 -3.201444362e-15)
(-106.2339153 -61.08787031 -3.511611398e-15)
(-106.2596414 -61.10238051 -3.636319402e-15)
(-106.2848141 -61.11654271 -3.597803669e-15)
(-106.3094168 -61.13035218 -3.502916667e-15)
(-106.3334519 -61.14381562 -3.344686266e-15)
(-106.3569187 -61.15693907 -3.295294432e-15)
(-106.3798086 -61.1697211 -3.337780289e-15)
(-106.402133 -61.18217706 -3.396314711e-15)
(-106.423899 -61.19431847 -3.38155746e-15)
(-106.4451337 -61.20616835 -3.293522874e-15)
(-106.4658617 -61.2177488 -3.418264265e-15)
(-106.4860999 -61.22907387 -3.35643524e-15)
(-106.5058848 -61.24017346 -3.287155108e-15)
(-106.5252475 -61.25107233 -3.28294767e-15)
(-106.544238 -61.26180526 -3.25986894e-15)
(-106.5629014 -61.27240423 -3.21647335e-15)
(-106.5812732 -61.28289127 -3.099679739e-15)
(-106.5993974 -61.29331078 -3.219793995e-15)
(-106.6164998 -61.30475525 -3.200291239e-15)
)
;
    }
    outlet
    {
        type            calculated;
        value           uniform (0 0 0);
    }
    front
    {
        type            wedge;
    }
    back
    {
        type            wedge;
    }
}


// ************************************************************************* //
