/*--------------------------------*- C++ -*----------------------------------*\
| =========                 |                                                 |
| \\      /  F ield         | OpenFOAM: The Open Source CFD Toolbox           |
|  \\    /   O peration     | Version:  v1706                                 |
|   \\  /    A nd           | Web:      www.OpenFOAM.com                      |
|    \\/     M anipulation  |                                                 |
\*---------------------------------------------------------------------------*/
FoamFile
{
    version     2.0;
    format      ascii;
    class       volVectorField;
    location    "0.00019";
    object      wallShearStress;
}
// * * * * * * * * * * * * * * * * * * * * * * * * * * * * * * * * * * * * * //

dimensions      [1 -1 -2 0 0 0 0];


internalField   uniform (0 0 0);

boundaryField
{
    inlet
    {
        type            calculated;
        value           uniform (0 0 0);
    }
    object
    {
        type            calculated;
        value           nonuniform List<vector> 
150
(
(-240.3907048 0.6270548812 1.291176422e-11)
(-240.3187698 1.901345686 -4.291679162e-12)
(-240.2170233 3.174592476 5.166621169e-12)
(-240.0592849 4.437506561 7.714305591e-15)
(-239.841114 5.69232811 7.484935683e-15)
(-239.5750137 6.937201917 -1.161105157e-12)
(-239.2575558 8.169798177 -9.814982789e-13)
(-238.8889641 9.387952852 4.359556649e-15)
(-238.4697846 10.58952288 7.557743005e-13)
(-238.0007079 11.7723907 -6.657778927e-13)
(-237.4825338 12.93446975 -6.004052132e-13)
(-236.9161586 14.07370928 3.74836901e-15)
(-236.302569 15.1880984 3.48187657e-15)
(-235.6428385 16.27566968 -1.856891222e-12)
(-234.9381232 17.3345029 2.158513338e-12)
(-234.1896606 18.36272839 -2.404971072e-12)
(-233.3987655 19.35853032 1.128598692e-12)
(-232.5668287 20.32014985 -2.10833866e-12)
(-231.6953131 21.24588846 -6.595272027e-13)
(-230.785752 22.13411076 2.542713808e-15)
(-229.8397457 22.98324721 -1.472698537e-12)
(-228.8589588 23.7917974 5.607747493e-13)
(-227.8451174 24.55833181 -7.930819832e-13)
(-226.8000053 25.28149554 2.016888635e-12)
(-225.725462 25.96000922 7.214712072e-13)
(-224.6233785 26.5926726 -4.541384882e-13)
(-223.4956946 27.17836569 1.091193447e-12)
(-222.3443936 27.71605102 1.25022006e-12)
(-221.1715024 28.20477575 2.852138381e-15)
(-219.9790852 28.64367275 5.727772451e-13)
(-218.7692392 29.03196293 -5.423618627e-13)
(-217.5440931 29.36895522 3.507169899e-13)
(-216.3058039 29.65404929 2.69164385e-15)
(-215.056548 29.88673564 2.689685203e-15)
(-213.7985252 30.06659682 -7.62482829e-13)
(-212.5339478 30.19330784 -7.311742441e-13)
(-211.2650404 30.26663707 5.651660576e-13)
(-209.994036 30.2864464 4.070820988e-13)
(-208.7231691 30.25269152 1.037470132e-12)
(-207.4546766 30.16542194 -1.113933436e-12)
(-206.1907891 30.02478093 2.307368324e-15)
(-204.93373 29.83100509 3.44055989e-13)
(-203.6857117 29.58442429 7.666322294e-13)
(-202.4489285 29.28546041 6.300934527e-13)
(-201.2255568 28.93462724 3.026937249e-13)
(-200.0177487 28.53252903 1.056472407e-12)
(-198.8276302 28.07985994 2.717762793e-15)
(-197.6573281 27.57736741 4.404973521e-13)
(-196.5145553 27.02304929 8.606131646e-14)
(-196.276789 25.83577424 8.226491392e-14)
(-216.853257 12.08952736 -1.008068826e-13)
(-185.2858535 -36.44169383 3.138843248e-15)
(-140.2151778 -56.20965515 -3.30076212e-14)
(-92.79609956 -50.10231024 -2.042327167e-14)
(-65.65306176 -38.21840958 -1.175034466e-14)
(-57.95068106 -32.34936669 -6.783747726e-15)
(-56.61934684 -30.67686026 -3.373403504e-16)
(-56.27457316 -30.44459068 9.86393181e-16)
(-55.67252371 -30.44557776 3.25774494e-16)
(-54.73730265 -30.31981317 7.287285506e-16)
(-53.66800217 -30.04164858 1.032289386e-14)
(-52.64723051 -29.68001111 1.418851562e-14)
(-51.77513285 -29.3057416 5.599630946e-15)
(-51.11429658 -28.97915127 -2.96343882e-15)
(-50.6815444 -28.74108812 4.363823754e-15)
(-50.49460188 -28.62000617 -2.038206208e-15)
(-50.57506755 -28.63740333 -1.95561943e-16)
(-50.94045051 -28.80711825 9.356117064e-15)
(-51.59743681 -29.13313797 1.127760162e-14)
(-52.54420978 -29.61264851 3.401356659e-15)
(-53.77246081 -30.23896443 6.264692625e-15)
(-55.27066262 -31.00466771 2.86814328e-15)
(-57.02362925 -31.90073563 5.923644532e-15)
(-59.01752286 -32.91943644 1.074789398e-14)
(-61.24036281 -34.05504091 9.714240371e-15)
(-63.68130883 -35.30353772 6.540015259e-15)
(-66.32991819 -36.66235832 1.107429058e-14)
(-69.17516324 -38.12991979 4.787417908e-15)
(-72.20463213 -39.70511005 4.150981997e-15)
(-75.40412037 -41.38673377 3.630786865e-16)
(-78.75803183 -43.17308979 4.102693579e-16)
(-82.25080848 -45.06181514 4.557336136e-16)
(-85.86954118 -47.0501674 3.311359877e-15)
(-89.6078099 -49.13610206 8.840749376e-16)
(-93.47018649 -51.31995554 4.073452009e-16)
(-97.47597716 -53.60716128 1.826594349e-15)
(-101.6604378 -56.01097188 4.120569241e-16)
(-106.0704526 -58.55342618 3.189387123e-16)
(-110.7539556 -61.26361016 5.275349399e-16)
(-115.742821 -64.17243117 1.890986036e-15)
(-121.0295309 -67.30327222 2.360613918e-15)
(-126.5420416 -70.6564597 1.807605415e-15)
(-132.1261057 -74.18696992 2.062354794e-15)
(-137.5375491 -77.7807626 2.78373612e-15)
(-142.426176 -81.23453485 3.811755286e-15)
(-146.278826 -84.23052184 2.719410072e-15)
(-148.3109755 -86.29349126 3.537004567e-15)
(-147.3609225 -86.73778437 3.033108291e-15)
(-141.9923899 -84.71517569 2.012644202e-15)
(-130.9739795 -79.4695873 2.476451422e-15)
(-113.7245059 -70.56349501 1.215483543e-15)
(-90.16051214 -57.64828035 9.988567899e-16)
(-60.77362226 -40.22874988 1.472206426e-16)
(-28.90572582 -19.88330262 -4.300961707e-16)
(-5.934711978 -4.649686519 -4.662604221e-16)
(-0.2441178016 -0.4044784735 -4.750567221e-16)
(0.01188470657 -0.03799909516 -2.961856215e-16)
(0.01429804354 -0.02398064767 -2.458476515e-16)
(0.01432563164 -0.02368295774 -6.955060001e-16)
(0.01432053556 -0.02368232106 -6.962682353e-16)
(0.01431506923 -0.02368731973 -1.222895353e-16)
(0.0143098463 -0.02369221535 -1.552282709e-16)
(0.01430486355 -0.02369690752 4.393309711e-16)
(0.01430010691 -0.02370140572 3.95261811e-16)
(0.01429556311 -0.02370572079 9.205220515e-16)
(0.01429121983 -0.02370986281 3.97866561e-16)
(0.01428706563 -0.02371384121 3.304529022e-18)
(0.01428308988 -0.02371766475 -3.943134356e-16)
(0.01427928265 -0.02372134161 -1.351716451e-15)
(0.01427563468 -0.02372487944 -1.250102985e-15)
(0.0142721372 -0.02372828537 -1.299618453e-15)
(0.01426878127 -0.02373156425 -3.396610963e-16)
(0.0142655611 -0.02373472382 2.111824369e-16)
(0.01426247014 -0.02373777211 8.659284461e-17)
(0.01425950065 -0.02374071301 1.370660645e-16)
(0.01425664667 -0.02374355154 1.564172182e-16)
(0.01425390324 -0.02374629445 1.917221839e-16)
(0.01425126347 -0.02374894465 -4.384371735e-17)
(0.01424872144 -0.02375150443 2.72285106e-18)
(0.01424627354 -0.02375397951 -3.282813347e-16)
(0.01424391487 -0.02375637401 -2.550538768e-16)
(0.01424164046 -0.02375869193 -3.280537025e-16)
(0.01423944476 -0.02376093747 -6.75522991e-17)
(0.01423732089 -0.02376311543 -1.751763288e-17)
(0.01423525942 -0.02376523192 -7.766604326e-17)
(0.01423324654 -0.02376729532 -7.006481925e-16)
(0.01423126156 -0.02376931765 -7.951137874e-16)
(0.0142292741 -0.02377131619 -1.198909562e-15)
(0.01422724135 -0.02377331507 -9.517535576e-16)
(0.01422510586 -0.02377534445 -7.37207171e-16)
(0.01422279972 -0.02377744554 -6.678333774e-16)
(0.0142202447 -0.02377966615 -5.391623603e-16)
(0.01421735893 -0.02378205228 -4.475544366e-16)
(0.01421406872 -0.02378464834 -4.060726881e-16)
(0.01421031466 -0.02378749287 -2.498124618e-16)
(0.01420604843 -0.02379061109 -3.752404148e-16)
(0.01420122356 -0.0237940233 -2.891892687e-16)
(0.01419577917 -0.02379777052 -2.162610165e-16)
(0.01418968439 -0.02380195481 1.079126093e-16)
(0.01418263362 -0.02380801419 5.131836135e-16)
)
;
    }
    outlet
    {
        type            calculated;
        value           uniform (0 0 0);
    }
    front
    {
        type            wedge;
    }
    back
    {
        type            wedge;
    }
}


// ************************************************************************* //
