/*--------------------------------*- C++ -*----------------------------------*\
| =========                 |                                                 |
| \\      /  F ield         | OpenFOAM: The Open Source CFD Toolbox           |
|  \\    /   O peration     | Version:  v1706                                 |
|   \\  /    A nd           | Web:      www.OpenFOAM.com                      |
|    \\/     M anipulation  |                                                 |
\*---------------------------------------------------------------------------*/
FoamFile
{
    version     2.0;
    format      ascii;
    class       volVectorField;
    location    "0.00246";
    object      wallShearStress;
}
// * * * * * * * * * * * * * * * * * * * * * * * * * * * * * * * * * * * * * //

dimensions      [1 -1 -2 0 0 0 0];


internalField   uniform (0 0 0);

boundaryField
{
    inlet
    {
        type            calculated;
        value           nonuniform 0();
    }
    object
    {
        type            calculated;
        value           nonuniform List<vector> 
204
(
(-9.85164924 -26.9379444 -7.635611346e-17)
(-9.913117125 -26.97757687 5.519069844e-17)
(-9.970368487 -27.01257953 1.162841086e-16)
(-10.01879131 -27.04259284 3.147401154e-16)
(-10.05979924 -27.07586082 -1.904146644e-16)
(-10.09597689 -27.12216077 -1.714907574e-16)
(-10.12912108 -27.18269699 1.207939398e-16)
(-10.16065289 -27.25230938 7.273264096e-17)
(-10.19191741 -27.32768745 4.421964641e-17)
(-10.22353222 -27.4071621 1.084162864e-16)
(-10.25573995 -27.48986007 6.866731037e-16)
(-10.28861914 -27.57529052 1.418110291e-15)
(-10.32218269 -27.66314943 1.704571899e-15)
(-10.35642255 -27.75323551 1.326211569e-15)
(-10.3913248 -27.84540459 7.127652816e-16)
(-10.42687641 -27.93955089 4.999046532e-16)
(-10.46306622 -28.03559376 1.79297257e-16)
(-10.4998868 -28.13347453 1.421852141e-17)
(-10.5373324 -28.23314744 1.283318824e-16)
(-10.57539952 -28.33457908 1.094113144e-16)
(-10.61408686 -28.43774599 -3.671058205e-17)
(-10.65339462 -28.54263221 1.642836063e-16)
(-10.69332407 -28.64922736 3.663966485e-16)
(-10.73387808 -28.75752758 3.716579407e-16)
(-10.77506114 -28.8675346 9.792844015e-17)
(-10.81687805 -28.97925253 1.409862109e-16)
(-10.85933534 -29.09269089 1.223337589e-16)
(-10.90243929 -29.20785994 1.043512583e-16)
(-10.94619869 -29.3247767 3.468630187e-16)
(-10.99062225 -29.44345865 3.157957067e-16)
(-11.03571938 -29.56392578 -8.00547993e-17)
(-11.08150029 -29.68620055 -2.843798496e-16)
(-11.12797681 -29.81030996 -1.827613813e-16)
(-11.17516047 -29.93628022 -7.217534356e-17)
(-11.223064 -30.06414141 5.379784347e-17)
(-11.27170127 -30.1939264 -7.033489533e-17)
(-11.32108629 -30.32566842 -2.843468699e-17)
(-11.37123448 -30.45940473 -3.20951973e-16)
(-11.42216103 -30.59517217 -1.361846674e-16)
(-11.47388336 -30.73301316 -7.990602857e-18)
(-11.52641885 -30.8729701 -2.92514856e-17)
(-11.57978604 -31.01508827 -1.34232408e-17)
(-11.63400358 -31.15941371 2.367258456e-16)
(-11.68909249 -31.30599807 -1.220952946e-16)
(-11.74507438 -31.45489444 -2.147645619e-17)
(-11.80197055 -31.60615557 -9.304025112e-19)
(-11.85980498 -31.75984045 -7.947481567e-17)
(-11.91860223 -31.91600966 2.281779812e-16)
(-11.97838819 -32.07472705 1.550654132e-16)
(-12.03918957 -32.23605832 -1.405333635e-16)
(-12.10103403 -32.40007218 -6.915055955e-17)
(-12.16395267 -32.56684464 -2.020679153e-16)
(-12.22797631 -32.73645214 -5.245784322e-17)
(-12.29313723 -32.90897399 1.007730964e-16)
(-12.35947143 -33.08449791 1.188751972e-17)
(-12.42701385 -33.26311027 9.229939557e-17)
(-12.49580268 -33.44490428 7.887728367e-17)
(-12.56587879 -33.62998035 3.08760566e-16)
(-12.63728528 -33.81844335 2.033191958e-16)
(-12.71006677 -34.01040226 1.230638607e-16)
(-12.78427101 -34.20597341 2.894813853e-17)
(-12.85994841 -34.40527946 6.857420829e-17)
(-12.93715227 -34.60844924 1.371280586e-16)
(-13.01594062 -34.81562246 -5.151235492e-17)
(-13.09637135 -35.02693978 9.236653432e-17)
(-13.17851038 -35.24255958 1.339393064e-16)
(-13.26242481 -35.46264261 4.394076099e-16)
(-13.34818813 -35.68736492 3.626015912e-16)
(-13.43587858 -35.91691378 3.162374496e-16)
(-13.5255792 -36.15148677 3.153661072e-16)
(-13.61738065 -36.39129739 1.391989106e-16)
(-13.71137688 -36.6365691 1.464436451e-16)
(-13.80767301 -36.88754904 1.434422989e-16)
(-13.90638161 -37.14450119 2.655327557e-16)
(-14.00762306 -37.40770664 1.127913603e-16)
(-14.11152819 -37.67746949 9.871732329e-17)
(-14.21824139 -37.95412469 4.327457034e-16)
(-14.32791797 -38.23802898 5.591480196e-16)
(-14.44072897 -38.52957492 5.013253941e-16)
(-14.55686315 -38.82919154 2.284727329e-16)
(-14.67652522 -39.1373432 1.595201199e-16)
(-14.79994635 -39.45454982 2.766752095e-16)
(-14.92737872 -39.78137424 9.443215536e-16)
(-15.05910776 -40.11845054 6.320505444e-16)
(-15.19545198 -40.46647806 4.477814235e-16)
(-15.33677152 -40.82624323 5.87101864e-16)
(-15.48347274 -41.19862232 2.83583818e-16)
(-15.63602354 -41.58461742 1.267927145e-16)
(-15.79496183 -41.98536263 -2.481226551e-16)
(-15.96090733 -42.40215106 -5.508224008e-16)
(-16.13459038 -42.83648528 -5.760125419e-16)
(-16.31687564 -43.29011596 -4.225169249e-16)
(-16.50879846 -43.76510314 -8.542613986e-16)
(-16.71161594 -44.26389656 -1.013532972e-15)
(-16.92687597 -44.78944379 -4.640742281e-16)
(-17.15653269 -45.34536805 -3.108290416e-16)
(-17.40309226 -45.93616968 -8.952378813e-17)
(-17.66986788 -46.56757604 3.030957428e-16)
(-17.96139302 -47.24706811 4.195804785e-16)
(-18.28413341 -47.98469601 3.213971644e-16)
(-18.64787654 -48.79444973 5.514619545e-16)
(-19.06887286 -49.69632089 4.849856726e-16)
(-19.57960062 -50.71725507 4.790300936e-16)
(-20.28234203 -51.86920177 5.051991735e-16)
(-21.27571742 -52.98822189 4.518503089e-16)
(-22.19523963 -54.01399187 3.248159985e-16)
(-23.10185152 -54.89366752 2.029708839e-16)
(-24.02010194 -55.62210531 1.630268301e-16)
(-24.94731365 -56.2271027 1.186347286e-16)
(-25.88042805 -56.7317985 4.103639878e-17)
(-26.81678413 -57.15389859 1.381491603e-16)
(-27.7542888 -57.50657695 2.327203138e-16)
(-28.6913567 -57.79956326 -1.348020399e-17)
(-29.62679162 -58.0400674 1.877160243e-16)
(-30.55965959 -58.23347956 1.178792595e-16)
(-31.48918971 -58.38388205 2.449516909e-16)
(-32.41472035 -58.49443345 2.568837747e-16)
(-33.3356525 -58.56762337 2.32627262e-16)
(-34.25142986 -58.60547118 2.194980777e-16)
(-35.16152748 -58.60965206 1.056980318e-16)
(-36.06545053 -58.58158462 1.576189256e-16)
(-36.96286108 -58.52250638 2.720695161e-16)
(-37.85479675 -58.43197467 2.26512009e-16)
(-38.75839093 -58.31548607 1.800495076e-16)
(-39.69132634 -58.20597882 1.193890451e-16)
(-40.57465077 -58.06139693 1.391655907e-16)
(-41.44467499 -57.88330232 9.592680478e-17)
(-42.30292442 -57.67676305 2.131901452e-16)
(-43.15002759 -57.44287488 1.74518335e-16)
(-43.98597106 -57.18252229 1.041629294e-16)
(-44.81055984 -56.89659848 1.42883247e-17)
(-45.62350471 -56.5859769 -4.993530195e-17)
(-46.42451576 -56.25153602 3.571966468e-17)
(-47.21329768 -55.89411751 7.401950952e-17)
(-47.9895715 -55.51453669 1.185612577e-16)
(-48.75307398 -55.11358019 2.546475792e-16)
(-49.50356038 -54.69200779 2.977965178e-16)
(-50.24079385 -54.25054542 4.279805239e-16)
(-50.96455814 -53.78989991 2.024824138e-16)
(-51.67466095 -53.31076523 1.884450127e-16)
(-52.37092348 -52.81381811 4.876458448e-17)
(-53.05318301 -52.29972006 1.201923592e-16)
(-53.72129628 -51.76912255 1.914742844e-16)
(-54.37513034 -51.22265838 2.145455015e-16)
(-55.01457843 -50.66096048 3.604098304e-16)
(-55.63949862 -50.08466503 4.193864429e-16)
(-56.24981363 -49.49436107 3.865841402e-16)
(-56.84546513 -48.89063565 2.407987239e-16)
(-57.42640487 -48.27406553 2.028125628e-16)
(-57.99260046 -47.6452212 3.11002708e-16)
(-58.5440238 -47.00465585 3.496970223e-16)
(-59.08066259 -46.35291625 3.178397872e-16)
(-59.60251973 -45.69054138 2.951671922e-16)
(-60.10961256 -45.01806158 2.501212801e-16)
(-60.60196139 -44.33599121 1.986637149e-16)
(-61.07961018 -43.64484151 1.879687186e-16)
(-61.54261033 -42.94511076 2.962698205e-16)
(-61.99101485 -42.23728344 4.485838058e-16)
(-62.42490411 -41.52183782 4.918323373e-16)
(-62.8443535 -40.79924105 3.52928566e-16)
(-63.24945763 -40.0699484 4.855298382e-16)
(-63.64031928 -39.33440691 2.342762045e-16)
(-64.0170451 -38.59304913 3.036690759e-16)
(-64.37975397 -37.84629977 3.921463261e-16)
(-64.72857352 -37.09457246 3.635496689e-16)
(-65.06363524 -36.33826647 3.252058461e-16)
(-65.38508013 -35.57777678 2.425221575e-16)
(-65.69305481 -34.81348165 2.531195952e-16)
(-65.98770857 -34.04574888 2.318727191e-16)
(-66.26920014 -33.27493724 3.368852622e-16)
(-66.53769395 -32.50139481 2.982937336e-16)
(-66.79335599 -31.72545997 2.564091584e-16)
(-67.03636105 -30.94745571 2.435204122e-16)
(-67.26688328 -30.16770254 2.65281625e-16)
(-67.48510015 -29.38650111 2.422124906e-16)
(-67.69119819 -28.6041488 2.188783967e-16)
(-67.88535774 -27.82093013 2.696529483e-16)
(-68.06776949 -27.03711822 2.500630831e-16)
(-68.23862058 -26.25297993 2.021546896e-16)
(-68.39810572 -25.46876768 2.799576022e-16)
(-68.54641898 -24.68473201 2.271825542e-16)
(-68.68375536 -23.90110765 2.193478738e-16)
(-68.81030452 -23.11811861 2.006649901e-16)
(-68.92627022 -22.33598475 1.891160978e-16)
(-69.03184672 -21.55491832 1.765184576e-16)
(-69.12723125 -20.77511738 1.720548617e-16)
(-69.21262425 -19.99677523 1.722604908e-16)
(-69.28822346 -19.22007792 6.233118408e-17)
(-69.35422796 -18.44519947 5.400567303e-17)
(-69.41083933 -17.67231027 8.795527092e-18)
(-69.45825164 -16.90157291 4.211683464e-17)
(-69.49666101 -16.13313878 8.477225282e-18)
(-69.52626852 -15.36715291 9.6490768e-17)
(-69.54727024 -14.60375662 7.344159425e-17)
(-69.55986407 -13.84308448 6.59570404e-17)
(-69.56424403 -13.08525693 7.026078826e-17)
(-69.56060363 -12.33039625 7.723653068e-17)
(-69.54914101 -11.57861234 3.449356369e-17)
(-69.53004827 -10.83001576 3.730643339e-17)
(-69.5035183 -10.08470001 5.678196674e-17)
(-69.46974402 -9.342762808 8.39337171e-17)
(-69.42891836 -8.604304363 7.520867019e-17)
(-69.38193576 -7.869542611 8.677062677e-17)
(-69.56731677 -7.207619206 8.110428442e-17)
)
;
    }
    outlet
    {
        type            calculated;
        value           uniform (0 0 0);
    }
    front
    {
        type            wedge;
    }
    back
    {
        type            wedge;
    }
    procBoundary3to1
    {
        type            processor;
        value           uniform (0 0 0);
    }
    procBoundary3to2
    {
        type            processor;
        value           uniform (0 0 0);
    }
}


// ************************************************************************* //
