/*--------------------------------*- C++ -*----------------------------------*\
| =========                 |                                                 |
| \\      /  F ield         | OpenFOAM: The Open Source CFD Toolbox           |
|  \\    /   O peration     | Version:  v1706                                 |
|   \\  /    A nd           | Web:      www.OpenFOAM.com                      |
|    \\/     M anipulation  |                                                 |
\*---------------------------------------------------------------------------*/
FoamFile
{
    version     2.0;
    format      ascii;
    class       volVectorField;
    location    "0.00014";
    object      wallShearStress;
}
// * * * * * * * * * * * * * * * * * * * * * * * * * * * * * * * * * * * * * //

dimensions      [1 -1 -2 0 0 0 0];


internalField   uniform (0 0 0);

boundaryField
{
    inlet
    {
        type            calculated;
        value           uniform (0 0 0);
    }
    object
    {
        type            calculated;
        value           nonuniform List<vector> 
150
(
(-93.07563475 -0.02770789465 3.343488671e-12)
(-91.99190664 0.2649705753 -9.937118978e-13)
(-91.97599009 0.5753556421 2.042069964e-12)
(-91.89609277 0.8860459361 -3.86865572e-13)
(-91.79550884 1.195891221 4.090702012e-13)
(-91.67725438 1.501824099 -2.682036503e-13)
(-91.54121168 1.801762919 -4.899246208e-13)
(-91.38720804 2.094235968 -3.086547482e-15)
(-91.21521341 2.378088241 1.785584093e-13)
(-91.02532157 2.652325426 -5.21666062e-13)
(-90.81772374 2.916035424 -2.107689447e-14)
(-90.59269047 3.168349858 -2.042663308e-14)
(-90.35056007 3.408426091 -2.301116487e-14)
(-90.09173199 3.635439899 -7.250960877e-13)
(-89.81666221 3.848584193 8.356624274e-13)
(-89.52586214 4.047071102 -1.02912256e-12)
(-89.21989875 4.230136601 3.382636065e-13)
(-88.89939783 4.397047656 -6.493798672e-13)
(-88.5650504 4.547112709 -2.924952241e-13)
(-88.21762444 4.679697029 -4.579395269e-14)
(-87.85798475 4.794246173 -6.288274294e-13)
(-87.48712654 4.890323939 2.275137629e-13)
(-87.10623247 4.967675231 -2.980093857e-13)
(-86.71677212 5.026336735 7.120559969e-13)
(-86.32068166 5.066840843 2.180407138e-13)
(-85.9207014 5.090617526 -2.369314755e-13)
(-85.52104517 5.100854854 3.536181892e-13)
(-85.12881977 5.104567679 4.033018122e-13)
(-84.75742177 5.118358189 8.321111663e-15)
(-84.44349125 5.181222715 1.83178843e-13)
(-84.16337455 5.425258535 -1.611334517e-13)
(-83.76057633 5.675053658 5.25278847e-14)
(-83.21906613 5.769100832 8.947531865e-15)
(-82.69807019 5.828716051 -2.829596776e-14)
(-82.39815075 6.06982485 -2.847112653e-13)
(-81.93940868 6.052213914 -2.749465507e-13)
(-81.21585099 5.785184318 1.514340375e-13)
(-80.69034464 5.663934094 1.508227086e-13)
(-80.21101577 5.549122639 3.472430921e-13)
(-79.74830559 5.414201362 -3.270283211e-13)
(-79.29828457 5.256743116 -1.542861208e-15)
(-78.86000987 5.07698764 1.510418278e-13)
(-78.43324052 4.875636629 2.418351115e-13)
(-78.01803837 4.653474645 1.893894515e-13)
(-77.6167852 4.413638986 9.933906259e-14)
(-77.23178917 4.158776957 3.139417357e-13)
(-76.86207502 3.888459025 1.99095926e-14)
(-76.50613623 3.602644245 1.671234879e-13)
(-76.16439747 3.298449408 5.966700342e-14)
(-76.18894377 1.369942767 4.544952326e-14)
(-77.40960699 -19.41159513 -8.502244292e-14)
(-74.76021842 -28.61802735 1.98470993e-16)
(-75.63281826 -33.56315451 -2.866226937e-14)
(-77.7150642 -36.85607883 -1.01043605e-14)
(-80.19095512 -39.40864668 -4.733620823e-15)
(-82.83452208 -41.5900602 -3.888501289e-15)
(-85.64834611 -43.57861704 -1.18826316e-15)
(-88.69768769 -45.46445106 1.492633332e-17)
(-92.033569 -47.26321987 -1.317892861e-17)
(-95.66114165 -48.91191162 -1.26126839e-15)
(-99.48178412 -50.29089827 4.590245688e-15)
(-103.0727956 -51.32329579 4.486837647e-15)
(-105.0843326 -52.07938926 1.970643054e-15)
(-102.1438204 -52.22159254 -2.284369863e-15)
(-87.98767581 -48.9448491 1.038252107e-15)
(-57.21245297 -36.10863998 -1.92479493e-15)
(-20.57899909 -14.9004777 9.787454503e-16)
(-2.227703612 -2.190727077 3.526996863e-15)
(-0.01895122466 -0.13803862 2.792345567e-15)
(0.01505810439 -0.02632918036 1.124155049e-15)
(0.01502239089 -0.02363995743 1.838875846e-15)
(0.01496510488 -0.0236490897 1.408561481e-15)
(0.01491486064 -0.02369648196 2.108805451e-15)
(0.01487042544 -0.02373944917 2.20911756e-15)
(0.01483093321 -0.02377802804 1.29639246e-15)
(0.01479567771 -0.02381280865 7.653291134e-16)
(0.01476407568 -0.02384429027 1.29710193e-15)
(0.01473564175 -0.0238728911 -2.174320606e-16)
(0.01470996899 -0.02389896385 -2.272374362e-16)
(0.01468671408 -0.0239228078 -1.041402398e-15)
(0.01466558556 -0.02394467842 1.824214794e-16)
(0.01464633462 -0.02396479476 6.621995031e-16)
(0.01462874809 -0.02398334623 9.687235992e-16)
(0.01461264175 -0.02400049653 5.442120242e-16)
(0.0145978558 -0.02401638687 9.715999094e-16)
(0.01458425295 -0.02403114293 1.300158241e-15)
(0.01457171284 -0.02404487547 1.308046231e-15)
(0.01456012877 -0.02405767953 1.829824284e-15)
(0.01454940797 -0.02406963999 2.331601485e-15)
(0.01453946926 -0.02408083406 2.708255314e-15)
(0.01453023861 -0.02409132697 2.010017697e-15)
(0.01452165086 -0.02410117633 1.78073364e-15)
(0.0145136501 -0.02411043713 1.821617515e-15)
(0.0145061852 -0.0241191573 1.918853689e-15)
(0.01449921045 -0.02412737986 1.712554582e-15)
(0.01449268492 -0.02413514349 8.919201292e-16)
(0.01448657183 -0.02414248314 8.179678341e-16)
(0.01448083805 -0.02414943041 -4.197554551e-17)
(0.01447545371 -0.02415601396 -6.889181591e-16)
(0.01447039175 -0.02416225985 -1.268985493e-16)
(0.01446562767 -0.02416819177 -1.379611908e-16)
(0.01446113907 -0.02417383134 -1.937753177e-16)
(0.01445690481 -0.02417919647 -5.408554073e-16)
(0.01445290824 -0.02418430673 -5.108175781e-16)
(0.01444913305 -0.0241891809 -4.011924196e-16)
(0.01444556268 -0.02419383256 -4.26236639e-16)
(0.01444218329 -0.02419827557 -2.649445874e-16)
(0.01443898286 -0.02420252472 -2.316439954e-16)
(0.01443594804 -0.02420659022 -6.884934498e-16)
(0.0144330672 -0.02421048098 -6.955612094e-16)
(0.01443033166 -0.0242142088 -1.305709165e-16)
(0.01442773212 -0.02421778321 -1.714043765e-16)
(0.01442526005 -0.02422121298 4.189482245e-16)
(0.01442290759 -0.02422450621 3.772749069e-16)
(0.01442066744 -0.0242276704 9.05021469e-16)
(0.01441853289 -0.02423071256 3.924482717e-16)
(0.0144164977 -0.02423363921 -8.103060378e-20)
(0.01441455605 -0.02423645642 -3.416953634e-16)
(0.01441270256 -0.02423916987 -1.268206005e-15)
(0.01441093219 -0.02424178488 -1.107454134e-15)
(0.0144092401 -0.02424430638 -1.225696688e-15)
(0.01440762103 -0.02424673717 -3.02294484e-16)
(0.01440607267 -0.0242490831 2.183220294e-16)
(0.01440459174 -0.02425135047 9.117599362e-17)
(0.01440317348 -0.02425354146 1.38953967e-16)
(0.01440181481 -0.02425565953 1.563598672e-16)
(0.01440051347 -0.02425770998 1.898811861e-16)
(0.01439926506 -0.02425969431 -4.827954324e-17)
(0.01439806608 -0.02426161346 2.526861652e-18)
(0.01439691531 -0.02426347189 -3.242056968e-16)
(0.01439581028 -0.02426527241 -2.494044987e-16)
(0.01439474872 -0.02426701758 -3.228367084e-16)
(0.01439372847 -0.0242687098 -6.402037688e-17)
(0.01439274747 -0.02427035134 -1.34866848e-17)
(0.01439180357 -0.02427194447 -4.733263701e-17)
(0.01439089427 -0.02427349155 -6.310329125e-16)
(0.01439001606 -0.02427499538 -6.604172705e-16)
(0.01438916318 -0.02427645986 -1.041603231e-15)
(0.01438832531 -0.02427789107 -7.527605188e-16)
(0.01438748357 -0.02427929729 -5.840620089e-16)
(0.01438660942 -0.02428069666 -5.26623962e-16)
(0.01438565607 -0.0242821173 -4.54136949e-16)
(0.01438455489 -0.02428359478 -3.944505369e-16)
(0.01438321973 -0.02428517736 -3.735115658e-16)
(0.01438155316 -0.02428692295 -2.308354419e-16)
(0.01437945471 -0.02428888665 -3.634438804e-16)
(0.01437683252 -0.02429111772 -2.815827662e-16)
(0.01437360721 -0.02429367156 -2.123821263e-16)
(0.01436976035 -0.02429664284 1.077269696e-16)
(0.01436496394 -0.02430140123 5.08245547e-16)
)
;
    }
    outlet
    {
        type            calculated;
        value           uniform (0 0 0);
    }
    front
    {
        type            wedge;
    }
    back
    {
        type            wedge;
    }
}


// ************************************************************************* //
