/*--------------------------------*- C++ -*----------------------------------*\
| =========                 |                                                 |
| \\      /  F ield         | OpenFOAM: The Open Source CFD Toolbox           |
|  \\    /   O peration     | Version:  v1706                                 |
|   \\  /    A nd           | Web:      www.OpenFOAM.com                      |
|    \\/     M anipulation  |                                                 |
\*---------------------------------------------------------------------------*/
FoamFile
{
    version     2.0;
    format      ascii;
    class       volVectorField;
    location    "0.00255";
    object      wallShearStress;
}
// * * * * * * * * * * * * * * * * * * * * * * * * * * * * * * * * * * * * * //

dimensions      [1 -1 -2 0 0 0 0];


internalField   uniform (0 0 0);

boundaryField
{
    inlet
    {
        type            calculated;
        value           uniform (0 0 0);
    }
    object
    {
        type            calculated;
        value           nonuniform List<vector> 
300
(
(-1.248207585 -0.795000345 5.192993372e-15)
(-1.186186452 -1.297561158 -1.71609885e-15)
(-1.203421105 -2.008120258 -1.561074957e-14)
(-1.223411883 -2.750234701 -3.495049347e-15)
(-1.249641071 -3.499849226 -6.452412537e-15)
(-1.282427391 -4.249573271 -2.259973904e-14)
(-1.321922996 -4.995979378 -3.242905074e-14)
(-1.368290798 -5.737155734 -3.224327516e-14)
(-1.421703994 -6.472011201 -1.84366207e-14)
(-1.482331084 -7.200008132 -1.734212274e-14)
(-1.550323416 -7.921022226 -1.54741324e-14)
(-1.625806592 -8.635244346 -8.770433799e-15)
(-1.708874956 -9.343096964 -6.387401935e-15)
(-1.799588442 -10.04515749 -9.915775505e-15)
(-1.897971289 -10.74208629 -1.201671413e-14)
(-2.004012584 -11.43456116 -1.125561332e-14)
(-2.117668705 -12.12322 -1.164083656e-14)
(-2.238867959 -12.80861494 -1.099812516e-14)
(-2.367517389 -13.49118061 -1.106287018e-14)
(-2.503511369 -14.17121806 -1.176285216e-14)
(-2.646741177 -14.84889576 -1.160110773e-14)
(-2.7971043 -15.52426518 -8.849887084e-15)
(-2.954512377 -16.19728837 -5.133613924e-15)
(-3.11889684 -16.86787226 -6.468529272e-15)
(-3.2902118 -17.53590427 -7.569619628e-15)
(-3.468434317 -18.20128526 -1.050036708e-14)
(-3.653562151 -18.86395485 -1.307636681e-14)
(-3.845609654 -19.52390763 -1.17083947e-14)
(-4.044602314 -20.18119903 -1.0345367e-14)
(-4.250570547 -20.83594088 -1.205874603e-14)
(-4.463543522 -21.48828854 -1.756047623e-14)
(-4.683543644 -22.13842171 -1.679538996e-14)
(-4.91058257 -22.78652243 -1.879367629e-14)
(-5.144659194 -23.4327533 -1.597404069e-14)
(-5.385760095 -24.07724035 -1.455004543e-14)
(-5.633862021 -24.72006223 -1.531079109e-14)
(-5.88893597 -25.36124811 -1.37998736e-14)
(-6.150951675 -26.0007832 -1.433446946e-14)
(-6.419881509 -26.63861978 -1.64788836e-14)
(-6.695703199 -27.27469154 -1.600321511e-14)
(-6.978400633 -27.90892663 -1.564000111e-14)
(-7.267963056 -28.54125827 -1.437366689e-14)
(-7.564382504 -29.17162965 -1.37255455e-14)
(-7.867650319 -29.79999345 -1.16499156e-14)
(-8.17775341 -30.42630644 -1.087775755e-14)
(-8.494671058 -31.05052024 -1.041266978e-14)
(-8.818373402 -31.67257184 -1.107775413e-14)
(-9.148822167 -32.29237683 -1.044500859e-14)
(-9.485973034 -32.90982534 -1.098462168e-14)
(-9.829780712 -33.52478865 -1.355302488e-14)
(-10.18020299 -34.13712627 -1.578460138e-14)
(-10.53720556 -34.74670258 -1.257834012e-14)
(-10.90076312 -35.35339713 -1.202747582e-14)
(-11.27085886 -35.95711475 -9.652987446e-15)
(-11.64748105 -36.55778832 -8.954849566e-15)
(-12.03061813 -37.15537451 -8.975576258e-15)
(-12.42025224 -37.74984011 -8.158367525e-15)
(-12.81635517 -38.34114979 -7.673506752e-15)
(-13.21888533 -38.92924899 -6.114446247e-15)
(-13.62778984 -39.51405659 -6.743305707e-15)
(-14.04300808 -40.09545956 -5.682269617e-15)
(-14.46447971 -40.67332464 -5.5200986e-15)
(-14.89215134 -41.24751373 -4.241047913e-15)
(-15.32598149 -41.81790205 -3.718637861e-15)
(-15.76594171 -42.38439403 -3.23810872e-15)
(-16.21201132 -42.94692562 -3.514023423e-15)
(-16.66417111 -43.50546272 -4.633417295e-15)
(-17.12239268 -44.05998125 -5.246812765e-15)
(-17.58662962 -44.61044258 -3.949725752e-15)
(-18.05681835 -45.15678296 -2.999604655e-15)
(-18.53287774 -45.69889078 -2.064092767e-15)
(-19.01472187 -46.23661828 -2.391192644e-15)
(-19.50227501 -46.76980563 -1.346172242e-15)
(-19.99548374 -47.29831133 -7.080359999e-16)
(-20.49432571 -47.82204792 -3.813314186e-16)
(-20.99880403 -48.34099253 -9.246425692e-16)
(-21.50893587 -48.85518871 -2.604709709e-15)
(-22.02473114 -49.36471757 -2.548632329e-15)
(-22.54617015 -49.86964987 -3.063552807e-15)
(-23.07318676 -50.36999168 -3.566269693e-15)
(-23.60566567 -50.86564708 -2.730798544e-15)
(-24.14346464 -51.35642871 -2.329818768e-15)
(-24.68643842 -51.84207988 -2.573244752e-15)
(-25.23447253 -52.32234528 -2.488173127e-15)
(-25.7875071 -52.79704227 -2.283765904e-15)
(-26.34553705 -53.26610068 -1.535060803e-15)
(-26.90859692 -53.72957691 -1.105361975e-15)
(-27.47671983 -54.18759964 -1.679797508e-16)
(-28.04989404 -54.64028628 5.543271949e-16)
(-28.62803592 -55.08766156 3.79926619e-16)
(-29.21098614 -55.52960072 1.392688287e-15)
(-29.79853729 -55.9658372 1.94151931e-15)
(-30.39048038 -56.3960267 1.474775481e-15)
(-30.98665135 -56.81984477 8.398649568e-16)
(-31.58696109 -57.23707821 1.370765242e-15)
(-32.19139256 -57.6476645 8.152034046e-16)
(-32.79997838 -58.05168366 5.169771068e-16)
(-33.41275386 -58.44928393 2.950942661e-16)
(-34.02972022 -58.8406023 -1.013980472e-16)
(-34.65082862 -59.22570455 -6.28759619e-16)
(-35.27597513 -59.60455046 -1.736732142e-15)
(-35.90501749 -59.97701385 -9.792611048e-16)
(-36.53778617 -60.34290171 -1.905060973e-15)
(-37.17410721 -60.70199194 -1.242395524e-15)
(-37.81382219 -61.05406644 -1.792128776e-15)
(-38.45682071 -61.39897184 -1.516110965e-15)
(-39.10305644 -61.7366552 -1.115669294e-15)
(-39.75254458 -62.06717716 -4.10365086e-16)
(-40.40534584 -62.39070443 -2.027091296e-16)
(-41.06152026 -62.70744216 -9.723733335e-18)
(-41.7210691 -63.01754297 8.661714542e-16)
(-42.38390479 -63.32103615 1.119732089e-15)
(-43.04982426 -63.61775899 -9.593415324e-17)
(-43.71856253 -63.90740656 -3.496270934e-16)
(-44.3898468 -64.18961313 -5.243706735e-16)
(-45.06350471 -64.46411576 -7.423263968e-16)
(-45.739522 -64.73088732 -5.737200084e-17)
(-46.41803277 -64.99016512 -3.405981107e-16)
(-47.09921208 -65.24231232 -1.786561793e-15)
(-47.78318814 -65.48766346 -2.014555141e-15)
(-48.46995459 -65.72636185 -1.758322185e-15)
(-49.15939843 -65.95835585 -1.725395425e-15)
(-49.85138127 -66.18349119 -1.770797888e-15)
(-50.54585563 -66.40178283 -2.849367626e-15)
(-51.24272569 -66.61304901 -1.344755186e-15)
(-51.94246972 -66.81780939 -1.121105266e-15)
(-52.64677158 -67.01675263 -2.614716473e-16)
(-53.36402979 -67.22162102 -1.206097637e-15)
(-54.07796389 -67.41291971 -1.322883848e-15)
(-54.78040967 -67.58168528 -1.788615366e-15)
(-55.48247136 -67.73991783 -1.577222025e-15)
(-56.18555706 -67.89060716 -1.441465501e-15)
(-56.89014638 -68.03434025 -1.580369004e-15)
(-57.59632114 -68.17114423 -2.388564736e-15)
(-58.30398345 -68.30088393 -3.444184241e-15)
(-59.01302362 -68.42345414 -2.929168767e-15)
(-59.72329538 -68.53873883 -2.36209981e-15)
(-60.43467436 -68.64665868 -2.016306466e-15)
(-61.14702419 -68.74713033 -1.286589363e-15)
(-61.86021121 -68.84007951 -1.203309352e-15)
(-62.5741228 -68.92545809 -1.203442584e-15)
(-63.28864016 -69.0032138 -1.325820638e-15)
(-64.00364302 -69.07329851 -9.056656829e-16)
(-64.71902974 -69.1356849 -2.254944238e-16)
(-65.43469439 -69.1903421 -5.480405683e-17)
(-66.15052896 -69.2372409 -4.382622582e-16)
(-66.86642998 -69.27636041 -9.539815716e-17)
(-67.58230718 -69.30769428 1.347458604e-16)
(-68.29806235 -69.33122805 -2.298252491e-16)
(-69.01359844 -69.34695193 -3.391596823e-16)
(-69.72883848 -69.35487713 -6.31652447e-16)
(-70.44368394 -69.3549955 -8.260835954e-16)
(-71.15806219 -69.34732534 -8.308758726e-16)
(-71.87188385 -69.3318686 -8.234143677e-16)
(-72.58507657 -69.30864712 -8.551766623e-16)
(-73.29756653 -69.27768012 -8.599541719e-16)
(-74.00927156 -69.23897821 -1.197179107e-15)
(-74.72011912 -69.1925626 -1.017337088e-15)
(-75.43003023 -69.13844809 -1.128755804e-15)
(-76.13892125 -69.07664593 -1.281158207e-15)
(-76.84671639 -69.00717428 -1.274501446e-15)
(-77.55333425 -68.93004427 -1.521219295e-15)
(-78.25867307 -68.84525092 -1.512307957e-15)
(-78.96266638 -68.75282408 -1.410640468e-15)
(-79.66522016 -68.65276535 -1.056698587e-15)
(-80.36624707 -68.54508838 -7.166945101e-16)
(-81.06567132 -68.42981582 -4.897052306e-16)
(-81.76340591 -68.3069612 -6.49212757e-16)
(-82.4593708 -68.17654752 -1.216429578e-15)
(-83.15349203 -68.03860044 -1.024912207e-15)
(-83.8456964 -67.89315131 -1.206755162e-15)
(-84.53591078 -67.74022972 -1.559628781e-15)
(-85.22406248 -67.57986641 -1.76289629e-15)
(-85.91008958 -67.41209879 -1.000235783e-15)
(-86.59390867 -67.23694644 -1.099342266e-15)
(-87.27545284 -67.05444468 -1.332903552e-15)
(-87.95465648 -66.86463093 -1.140266422e-15)
(-88.63144127 -66.66753087 -1.134033109e-15)
(-89.30573229 -66.46316972 -1.367821073e-15)
(-89.97746042 -66.25158212 -1.5229796e-15)
(-90.64654295 -66.03279083 -1.581010299e-15)
(-91.31290612 -65.80682425 -1.563959053e-15)
(-91.97648386 -65.57372143 -1.714064213e-15)
(-92.63719297 -65.33350494 -1.936918148e-15)
(-93.29495608 -65.08620544 -1.900579103e-15)
(-93.94970426 -64.83186076 -1.917167047e-15)
(-94.60136187 -64.5705045 -1.638898772e-15)
(-95.24986691 -64.30218088 -9.783755795e-16)
(-95.89514741 -64.02692934 -8.403073286e-16)
(-96.53713133 -63.74479237 -8.969282911e-16)
(-97.17575725 -63.45581227 -4.551549433e-16)
(-97.81096806 -63.16003516 -9.174956508e-16)
(-98.44269057 -62.85749825 -1.131978186e-15)
(-99.07087275 -62.54825315 -1.025644632e-15)
(-99.69546247 -62.23235309 -1.011032023e-15)
(-100.3163927 -61.90983796 -1.336791425e-15)
(-100.9336109 -61.58076126 -1.549410423e-15)
(-101.5470597 -61.24516964 -1.874862525e-15)
(-102.1566869 -60.90314265 -2.016006688e-15)
(-102.7657299 -60.56926807 -1.991671482e-15)
(-103.5518835 -60.11481393 -2.341195873e-15)
(-103.9778836 -59.87688238 -1.959470164e-15)
(-104.210204 -59.8236412 -2.157676273e-15)
(-104.364915 -59.85952873 -2.430405656e-15)
(-104.4886488 -59.9255022 -2.904982532e-15)
(-104.5997947 -59.9970465 -3.185937271e-15)
(-104.7051524 -60.06643215 -3.458136404e-15)
(-104.8071799 -60.13233379 -2.956819564e-15)
(-104.9068583 -60.1952815 -2.591096637e-15)
(-105.0046751 -60.25603722 -2.894643503e-15)
(-105.1009338 -60.31517664 -2.880477714e-15)
(-105.1958631 -60.37307882 -2.62734982e-15)
(-105.289635 -60.4299827 -3.068542124e-15)
(-105.382387 -60.48604598 -2.82861599e-15)
(-105.4742001 -60.54136093 -3.000772034e-15)
(-105.5651352 -60.59599419 -3.34159842e-15)
(-105.6552396 -60.6499956 -2.855164385e-15)
(-105.744552 -60.70340704 -2.962492096e-15)
(-105.8330947 -60.75625683 -2.655592333e-15)
(-105.9208729 -60.80855867 -2.884503347e-15)
(-106.0078997 -60.86033047 -2.756380555e-15)
(-106.0941769 -60.9115818 -3.043558015e-15)
(-106.1797155 -60.96232884 -2.746837523e-15)
(-106.2645208 -61.01258363 -2.682563499e-15)
(-106.3485901 -61.06235153 -2.579105452e-15)
(-106.4319368 -61.11164873 -2.712138638e-15)
(-106.5145697 -61.16048792 -2.528983085e-15)
(-106.5965113 -61.20889112 -2.446561912e-15)
(-106.6777801 -61.25687627 -2.296351521e-15)
(-106.7583847 -61.30445148 -2.425389231e-15)
(-106.8383408 -61.351627 -2.110667361e-15)
(-106.9176584 -61.39840831 -1.979226488e-15)
(-106.9963474 -61.44479623 -2.125293287e-15)
(-107.0743809 -61.49076403 -2.018488591e-15)
(-107.15172 -61.53627544 -2.35344033e-15)
(-107.2283111 -61.58128148 -2.036444698e-15)
(-107.3040845 -61.62572342 -2.247144009e-15)
(-107.3789424 -61.66952467 -2.170441516e-15)
(-107.4527571 -61.7125897 -2.181802811e-15)
(-107.5253977 -61.75482468 -2.054851585e-15)
(-107.5967133 -61.7961275 -2.232414965e-15)
(-107.6665586 -61.83640628 -2.437882775e-15)
(-107.7347831 -61.87557224 -2.385621148e-15)
(-107.8012353 -61.91354092 -2.247480361e-15)
(-107.8657935 -61.95025348 -2.35279494e-15)
(-107.9283497 -61.98566558 -2.092649616e-15)
(-107.9888346 -62.01976314 -2.100720058e-15)
(-108.0472043 -62.0525511 -2.057093476e-15)
(-108.1034385 -62.08404931 -1.928813092e-15)
(-108.1575615 -62.11430565 -1.688180627e-15)
(-108.2096315 -62.14338942 -1.438949882e-15)
(-108.2597469 -62.17139093 -1.949704071e-15)
(-108.3080096 -62.19839708 -1.91312288e-15)
(-108.3545489 -62.22450726 -2.224467475e-15)
(-108.3995146 -62.24982705 -2.162725272e-15)
(-108.4430727 -62.27446706 -2.246414847e-15)
(-108.4853856 -62.29852992 -2.228296763e-15)
(-108.5266046 -62.32210355 -2.44166886e-15)
(-108.5668876 -62.34527613 -2.125050548e-15)
(-108.6063738 -62.36811977 -1.985450136e-15)
(-108.6451995 -62.39070321 -1.844742643e-15)
(-108.6834787 -62.41307915 -1.939831279e-15)
(-108.7212982 -62.43528059 -1.696635187e-15)
(-108.7587411 -62.45733865 -1.676901213e-15)
(-108.7958644 -62.47926879 -1.962370012e-15)
(-108.8327201 -62.50108557 -1.982022462e-15)
(-108.8693378 -62.52279155 -2.109832751e-15)
(-108.9057238 -62.54437464 -2.036196695e-15)
(-108.9418825 -62.56582412 -2.610649052e-15)
(-108.9778092 -62.58712768 -2.350699232e-15)
(-109.0135009 -62.60827549 -2.456492011e-15)
(-109.0489257 -62.62924041 -2.412417091e-15)
(-109.0840528 -62.64999912 -2.65617988e-15)
(-109.1188538 -62.67053058 -2.32153525e-15)
(-109.1533048 -62.69081947 -2.644576144e-15)
(-109.187374 -62.71084699 -2.645810391e-15)
(-109.2210201 -62.73058742 -2.46908344e-15)
(-109.2542164 -62.75002566 -2.53016238e-15)
(-109.286929 -62.76914261 -2.261490769e-15)
(-109.3191369 -62.78792897 -2.646894685e-15)
(-109.3508147 -62.80637278 -2.424519953e-15)
(-109.3819292 -62.82445563 -2.538513113e-15)
(-109.4124632 -62.84216985 -2.686118392e-15)
(-109.4423935 -62.85950366 -1.944580892e-15)
(-109.4717103 -62.8764548 -2.074231696e-15)
(-109.5003989 -62.89301795 -2.093091234e-15)
(-109.528437 -62.90918072 -1.903843483e-15)
(-109.555814 -62.92493836 -1.79885081e-15)
(-109.5825223 -62.94028941 -1.744976516e-15)
(-109.6085657 -62.95523868 -1.511934119e-15)
(-109.6339266 -62.96977626 -1.621046672e-15)
(-109.6585951 -62.98389783 -1.928442459e-15)
(-109.682568 -62.99760239 -1.699414084e-15)
(-109.7058499 -63.01089502 -1.822217107e-15)
(-109.7284396 -63.02377724 -1.844838391e-15)
(-109.7503271 -63.03624311 -1.753899771e-15)
(-109.7715174 -63.0482966 -1.976736354e-15)
(-109.7920078 -63.05993674 -1.924370121e-15)
(-109.8118031 -63.07117615 -1.995937218e-15)
(-109.8303308 -63.08275441 -2.025447481e-15)
)
;
    }
    outlet
    {
        type            calculated;
        value           uniform (0 0 0);
    }
    front
    {
        type            wedge;
    }
    back
    {
        type            wedge;
    }
}


// ************************************************************************* //
