/*--------------------------------*- C++ -*----------------------------------*\
| =========                 |                                                 |
| \\      /  F ield         | OpenFOAM: The Open Source CFD Toolbox           |
|  \\    /   O peration     | Version:  v1706                                 |
|   \\  /    A nd           | Web:      www.OpenFOAM.com                      |
|    \\/     M anipulation  |                                                 |
\*---------------------------------------------------------------------------*/
FoamFile
{
    version     2.0;
    format      ascii;
    class       volVectorField;
    location    "0.00383";
    object      wallShearStress;
}
// * * * * * * * * * * * * * * * * * * * * * * * * * * * * * * * * * * * * * //

dimensions      [1 -1 -2 0 0 0 0];


internalField   uniform (0 0 0);

boundaryField
{
    inlet
    {
        type            calculated;
        value           uniform (0 0 0);
    }
    object
    {
        type            calculated;
        value           nonuniform List<vector> 
300
(
(-0.8856426398 -0.8403808043 -6.014108289e-14)
(-0.8414187257 -1.365359443 -4.482110906e-14)
(-0.855698725 -2.102791226 -3.191066405e-14)
(-0.8745810607 -2.866130571 -1.787303707e-14)
(-0.9004692444 -3.630217818 -2.548768888e-14)
(-0.9334892109 -4.387696485 -3.832213667e-14)
(-0.973620314 -5.135414784 -3.269570297e-14)
(-1.020833217 -5.871795226 -3.714123913e-14)
(-1.075096586 -6.596070162 -3.466032106e-14)
(-1.136373072 -7.307980051 -2.557689587e-14)
(-1.204616684 -8.007616834 -2.099624809e-14)
(-1.279772382 -8.695322448 -1.487456276e-14)
(-1.36177721 -9.371612999 -1.080127018e-14)
(-1.450562321 -10.03711884 -4.369743601e-15)
(-1.546055278 -10.69253636 -1.274144536e-14)
(-1.648182287 -11.33859008 -8.52994045e-15)
(-1.756870148 -11.97600331 1.21714831e-16)
(-1.872047777 -12.60547656 4.357565713e-15)
(-1.993647325 -13.22767249 3.557264714e-15)
(-2.121604914 -13.84320606 3.510246203e-15)
(-2.25586103 -14.45263914 9.077406475e-15)
(-2.396360677 -15.05647828 5.967421669e-15)
(-2.543053347 -15.65517518 4.899872509e-16)
(-2.695892869 -16.24912867 1.859375132e-15)
(-2.854837218 -16.83868831 7.493182458e-16)
(-3.019848283 -17.42415861 2.806764534e-15)
(-3.190891669 -18.00580354 -2.005187649e-15)
(-3.367936512 -18.58385166 -4.082987039e-15)
(-3.550955388 -19.15850104 -2.96729861e-15)
(-3.739924225 -19.72992405 -2.413092304e-15)
(-3.934822277 -20.29827197 -9.384698861e-16)
(-4.135632148 -20.86367946 -1.845303238e-15)
(-4.342339722 -21.42626789 -3.000652302e-15)
(-4.554934312 -21.98615002 -3.214128038e-15)
(-4.773408381 -22.54343147 -1.925110991e-15)
(-4.997757267 -23.09821252 -4.507724715e-15)
(-5.227978802 -23.65059013 -4.718084669e-15)
(-5.464072599 -24.20065788 -2.869037193e-15)
(-5.706039036 -24.74850501 -3.149915197e-15)
(-5.953877986 -25.29421259 -3.033022659e-15)
(-6.207586751 -25.83784967 -3.253651994e-15)
(-6.467158812 -26.37947044 -5.256167058e-15)
(-6.732581923 -26.91910698 -3.513761055e-15)
(-7.003836736 -27.45676499 -2.94148873e-15)
(-7.280896111 -27.99241964 -2.155312344e-15)
(-7.563724582 -28.52601104 -1.421597853e-15)
(-7.852279976 -29.05744909 -7.717176106e-16)
(-8.146515572 -29.58661628 -7.644539594e-16)
(-8.446381539 -30.11337332 -1.721291522e-16)
(-8.751828728 -30.63757181 -1.490351201e-15)
(-9.062811518 -31.15906507 -1.449227961e-15)
(-9.379289343 -31.67771566 -1.612493143e-15)
(-9.701228916 -32.19340755 -7.330323903e-16)
(-10.02860579 -32.70605405 -7.106905843e-16)
(-10.36140321 -33.21559731 -1.29162039e-15)
(-10.69961102 -33.72200995 1.236567898e-16)
(-11.04322403 -34.22529174 1.097419869e-15)
(-11.39223753 -34.72545794 5.389355618e-16)
(-11.74664425 -35.22253195 1.76510237e-15)
(-12.10643037 -35.71653098 2.721036055e-15)
(-12.47157212 -36.20745299 1.29198267e-15)
(-12.84203558 -36.69527022 1.111601434e-15)
(-13.21777799 -37.17992527 2.690788372e-16)
(-13.59875109 -37.66133336 6.522006493e-16)
(-13.98490665 -38.13939588 4.882897152e-16)
(-14.37620439 -38.61401834 9.944636993e-16)
(-14.77261262 -39.08511732 -2.366812405e-17)
(-15.17411339 -39.55264249 -1.160792868e-15)
(-15.58070025 -40.01657768 -1.883504994e-15)
(-15.99237257 -40.47693614 -2.428378925e-15)
(-16.40912959 -40.93374865 -2.154203733e-15)
(-16.83096112 -41.38704203 -2.065778749e-15)
(-17.25784305 -41.83682293 -1.686996238e-15)
(-17.68973458 -42.28305895 -1.284428646e-15)
(-18.12658293 -42.72567755 -1.986542061e-15)
(-18.56833417 -43.1645834 -2.575348189e-15)
(-19.0149446 -43.59967871 -1.954445205e-15)
(-19.46639053 -44.03089294 -1.405436807e-15)
(-19.92267473 -44.45821128 -6.732549231e-16)
(-20.38382007 -44.8816749 -6.88575752e-16)
(-20.84985413 -45.30136217 1.178665526e-16)
(-21.32079392 -45.7173619 -1.968619323e-16)
(-21.79662796 -46.12972652 1.598753215e-16)
(-22.27730741 -46.53843522 -3.570033668e-16)
(-22.76275352 -46.94338662 2.602361264e-16)
(-23.25287661 -47.34442213 5.898632328e-16)
(-23.74760102 -47.74137607 1.266405622e-15)
(-24.24688449 -48.13413039 5.987995039e-16)
(-24.75072236 -48.52264659 -7.375050116e-18)
(-25.25913066 -48.90695737 -3.473639185e-16)
(-25.77211782 -49.28712132 4.094943404e-17)
(-26.28966414 -49.66317043 6.838915474e-16)
(-26.81170928 -50.03506036 1.092104278e-15)
(-27.33816334 -50.4026695 1.897432805e-15)
(-27.86893833 -50.76584751 1.341876918e-15)
(-28.40397311 -51.12446704 4.708476278e-16)
(-28.9432418 -51.478464 4.585323118e-16)
(-29.48675273 -51.82785533 4.935267006e-16)
(-30.03452213 -52.172698 3.701165972e-16)
(-30.5865495 -52.51304172 -4.048337254e-16)
(-31.14280784 -52.84889362 1.88224858e-16)
(-31.70323975 -53.18020192 6.181146929e-16)
(-32.26777407 -53.50687416 1.028362851e-15)
(-32.83634603 -53.82881436 5.944300954e-16)
(-33.40891505 -54.14595234 4.830504665e-16)
(-33.98546883 -54.45826748 8.163936878e-16)
(-34.56603287 -54.76581021 3.399008905e-16)
(-35.15064065 -55.06866441 4.159364336e-16)
(-35.73930265 -55.36689487 1.616817484e-16)
(-36.33198373 -55.66049887 -1.154174828e-16)
(-36.92861491 -55.94940101 -1.892544641e-16)
(-37.52911349 -56.2334799 4.303105346e-16)
(-38.13343376 -56.51265743 4.503005752e-16)
(-38.74158776 -56.78694597 2.399296213e-16)
(-39.35361081 -57.05641372 1.078525603e-15)
(-39.96954119 -57.32115035 2.902582556e-18)
(-40.58938641 -57.58120123 2.816316335e-16)
(-41.21311055 -57.8365368 7.360124791e-17)
(-41.84065798 -58.08709473 -6.0404044e-16)
(-42.47198812 -58.33283156 -5.460213668e-16)
(-43.10702001 -58.57364689 -1.391473546e-15)
(-43.74568782 -58.80944614 -2.40433148e-16)
(-44.38798272 -59.04021843 -6.243020363e-16)
(-45.03392156 -59.2660052 -1.122637558e-15)
(-45.68351147 -59.48680613 -7.477176412e-16)
(-46.33692608 -59.70281217 -1.564406316e-15)
(-46.99458118 -59.91451718 -1.349317051e-15)
(-47.65755111 -60.12260218 -1.647523892e-15)
(-48.33130731 -60.33406111 -1.342274374e-15)
(-49.01104281 -60.54231487 -1.083233286e-15)
(-49.67918503 -60.72892943 -9.524531616e-16)
(-50.3487533 -60.90744725 -1.171770581e-15)
(-51.02161611 -61.08106685 -5.979653172e-16)
(-51.69828234 -61.25033601 -9.263922615e-16)
(-52.37879438 -61.41519877 -1.776760649e-15)
(-53.06306072 -61.57547993 -1.675263106e-15)
(-53.75095601 -61.73099987 -1.826158329e-15)
(-54.44236393 -61.88160725 -1.525325817e-15)
(-55.13717502 -62.02716765 -1.371091839e-15)
(-55.83528332 -62.16755823 -1.301682532e-15)
(-56.53659648 -62.30267721 -1.165967523e-15)
(-57.24102803 -62.43243307 -8.018839598e-16)
(-57.94850041 -62.55674537 -7.908530783e-16)
(-58.65893995 -62.67554102 -6.351682563e-16)
(-59.37228494 -62.78876149 -7.870918351e-16)
(-60.08847691 -62.89635945 -9.782037006e-16)
(-60.80748266 -62.99831045 -1.010276806e-15)
(-61.52926887 -63.09459446 -1.2064043e-15)
(-62.25381694 -63.18520888 -1.020267877e-15)
(-62.98111954 -63.27016272 -5.109839555e-16)
(-63.71117751 -63.34947051 -5.272842696e-16)
(-64.44398762 -63.42314039 -6.601631906e-16)
(-65.17954438 -63.49118036 -6.500741201e-16)
(-65.91784724 -63.55359881 -5.88495743e-16)
(-66.65888048 -63.61038868 -8.461006557e-16)
(-67.40262282 -63.66153594 -1.138636341e-15)
(-68.14905296 -63.7070226 -1.200162817e-15)
(-68.89813097 -63.7468137 -1.219266722e-15)
(-69.64980929 -63.78086928 -1.43798889e-15)
(-70.40405095 -63.80915966 -1.451643491e-15)
(-71.16080686 -63.83164164 -1.195097412e-15)
(-71.92001447 -63.84826389 -1.166556322e-15)
(-72.68162938 -63.85899261 -1.403760734e-15)
(-73.44559854 -63.86378712 -1.233924391e-15)
(-74.21187325 -63.86261328 -9.817956441e-16)
(-74.98041054 -63.85544229 -1.292805643e-15)
(-75.75116037 -63.84224218 -1.026851449e-15)
(-76.52409427 -63.8229992 -1.014949484e-15)
(-77.29918285 -63.79769872 -1.420215515e-15)
(-78.07639235 -63.7663208 -1.264894316e-15)
(-78.85568463 -63.72884671 -1.506978939e-15)
(-79.63705228 -63.6852822 -1.597449882e-15)
(-80.42047232 -63.63561695 -1.772063963e-15)
(-81.20592423 -63.57984529 -1.494007538e-15)
(-81.9933992 -63.51797053 -1.553340012e-15)
(-82.78288452 -63.44999031 -1.662100529e-15)
(-83.5743715 -63.37590508 -1.496832892e-15)
(-84.36784535 -63.29570986 -1.333963542e-15)
(-85.1632913 -63.20939826 -1.345743185e-15)
(-85.9606985 -63.11696475 -1.159339666e-15)
(-86.76004023 -63.01839206 -1.158450241e-15)
(-87.5612987 -62.91366954 -1.050159672e-15)
(-88.36445278 -62.80278238 -1.19148122e-15)
(-89.16946718 -62.68570502 -1.099704543e-15)
(-89.97630621 -62.56241251 -8.983764383e-16)
(-90.78493966 -62.43288329 -8.948693125e-16)
(-91.59531984 -62.29708748 -9.423739169e-16)
(-92.40741151 -62.15499986 -1.138930816e-15)
(-93.22117744 -62.00659559 -8.477336203e-16)
(-94.03657358 -61.85184522 -3.973940631e-16)
(-94.85355081 -61.69071747 -1.113133227e-15)
(-95.67207666 -61.52319422 -4.455070435e-16)
(-96.49210589 -61.34924876 -5.668665961e-16)
(-97.3136061 -61.16886503 -7.302588019e-16)
(-98.1365273 -60.98201356 -6.053305116e-16)
(-98.96084056 -60.78868107 -5.059638124e-16)
(-99.78651506 -60.58885229 -1.651138305e-16)
(-100.6135059 -60.38250484 -5.621232818e-16)
(-101.4417878 -60.16964502 -2.286867135e-16)
(-102.2770852 -59.96175319 -3.153376094e-16)
(-102.8328749 -59.79965984 -3.345717349e-16)
(-103.1223038 -59.58411684 -5.326590434e-16)
(-103.2959166 -59.47770925 -5.068973342e-16)
(-103.4048132 -59.444616 -4.053798456e-16)
(-103.4804808 -59.45186109 -5.734033293e-16)
(-103.539804 -59.4774018 -6.570452851e-16)
(-103.5912399 -59.50924098 -2.879239402e-16)
(-103.6387806 -59.54186364 -5.222717348e-16)
(-103.6842049 -59.57323217 -8.449953158e-16)
(-103.7282736 -59.60290466 -1.063795646e-15)
(-103.7713402 -59.63106157 -1.296678098e-15)
(-103.8135862 -59.65802653 -1.208285249e-15)
(-103.8551451 -59.68410429 -1.092657005e-15)
(-103.8961271 -59.70952862 -1.213035485e-15)
(-103.9366158 -59.7344582 -1.457745372e-15)
(-103.9766825 -59.75899768 -1.607267678e-15)
(-104.0163916 -59.78322467 -1.533845969e-15)
(-104.0558038 -59.80719684 -1.757069414e-15)
(-104.0949703 -59.83095764 -1.549473711e-15)
(-104.1339207 -59.85453346 -1.663547057e-15)
(-104.1726771 -59.87794069 -1.927837354e-15)
(-104.2112657 -59.90120119 -2.020775596e-15)
(-104.2496982 -59.9243259 -1.954903782e-15)
(-104.2879965 -59.94733072 -1.818816461e-15)
(-104.3261719 -59.97022518 -1.884870002e-15)
(-104.3642199 -59.99300613 -1.873429989e-15)
(-104.4021483 -60.01568186 -2.040425045e-15)
(-104.4399534 -60.03825223 -2.034780891e-15)
(-104.4776444 -60.06072412 -1.983540636e-15)
(-104.5152221 -60.0830997 -2.059041073e-15)
(-104.5526732 -60.10536989 -2.03642263e-15)
(-104.5899985 -60.12753825 -2.045723279e-15)
(-104.6271887 -60.14960101 -2.092618666e-15)
(-104.6642489 -60.17156233 -2.133643807e-15)
(-104.7011765 -60.19342246 -2.085783564e-15)
(-104.7379562 -60.21517101 -2.087320036e-15)
(-104.7745875 -60.2368109 -2.10709836e-15)
(-104.8110607 -60.25833817 -2.067372291e-15)
(-104.8473811 -60.2797572 -2.079700099e-15)
(-104.8835468 -60.3010688 -2.335175715e-15)
(-104.919544 -60.3222634 -2.594376008e-15)
(-104.9553738 -60.34334496 -2.813399477e-15)
(-104.9910284 -60.36431051 -2.798339167e-15)
(-105.0265123 -60.38516388 -2.694210584e-15)
(-105.0618312 -60.40590975 -2.616708546e-15)
(-105.0969778 -60.42654573 -2.748225545e-15)
(-105.1319459 -60.44706649 -3.091615837e-15)
(-105.1667344 -60.46747458 -2.779308518e-15)
(-105.2013503 -60.48777527 -2.719130719e-15)
(-105.2358016 -60.50797439 -2.758808823e-15)
(-105.2700837 -60.5280705 -3.126342684e-15)
(-105.304192 -60.54805905 -3.280583631e-15)
(-105.3381328 -60.56794614 -3.53797429e-15)
(-105.3719028 -60.58773074 -3.440096298e-15)
(-105.4055134 -60.60741991 -3.311561349e-15)
(-105.4389686 -60.62701661 -3.288845089e-15)
(-105.4722593 -60.6465128 -3.367304411e-15)
(-105.5053908 -60.66591327 -3.318300076e-15)
(-105.5383585 -60.68521519 -3.250897574e-15)
(-105.5711716 -60.70442333 -3.178680947e-15)
(-105.603831 -60.72353779 -3.220205298e-15)
(-105.6363238 -60.74254707 -3.157887154e-15)
(-105.6686505 -60.76145199 -3.10431544e-15)
(-105.7008008 -60.7802452 -3.294594432e-15)
(-105.7327775 -60.79892644 -3.276909308e-15)
(-105.7645739 -60.81749029 -3.142302338e-15)
(-105.7961693 -60.83591939 -3.035438515e-15)
(-105.8275553 -60.8542084 -2.973610761e-15)
(-105.8587122 -60.87234362 -3.235459753e-15)
(-105.8896332 -60.89031841 -3.079592423e-15)
(-105.9203019 -60.90812113 -3.317868915e-15)
(-105.9506875 -60.92572841 -3.266336321e-15)
(-105.980772 -60.94312944 -3.521251827e-15)
(-106.0105269 -60.96030548 -3.315408954e-15)
(-106.0399338 -60.97724404 -3.196900953e-15)
(-106.0689743 -60.99393308 -3.160452088e-15)
(-106.0976161 -61.01035337 -3.298822618e-15)
(-106.1258272 -61.02648302 -3.66680562e-15)
(-106.1535811 -61.04230873 -3.225902832e-15)
(-106.1808594 -61.05782105 -3.204791092e-15)
(-106.2076466 -61.07301255 -3.211196117e-15)
(-106.2339153 -61.08787031 -3.557383344e-15)
(-106.2596414 -61.10238051 -3.669301949e-15)
(-106.2848141 -61.11654271 -3.628045388e-15)
(-106.3094168 -61.13035218 -3.521120537e-15)
(-106.3334519 -61.14381562 -3.347471577e-15)
(-106.3569187 -61.15693907 -3.304118962e-15)
(-106.3798086 -61.1697211 -3.346068605e-15)
(-106.402133 -61.18217706 -3.397084994e-15)
(-106.423899 -61.19431847 -3.385525604e-15)
(-106.4451337 -61.20616835 -3.29541019e-15)
(-106.4658617 -61.2177488 -3.424641881e-15)
(-106.4860999 -61.22907387 -3.360789023e-15)
(-106.5058848 -61.24017346 -3.291657567e-15)
(-106.5252475 -61.25107233 -3.29009296e-15)
(-106.544238 -61.26180526 -3.261645983e-15)
(-106.5629014 -61.27240424 -3.224066346e-15)
(-106.5812732 -61.28289127 -3.162841363e-15)
(-106.5993974 -61.29331079 -3.222388637e-15)
(-106.6164998 -61.30475525 -3.204761599e-15)
)
;
    }
    outlet
    {
        type            calculated;
        value           uniform (0 0 0);
    }
    front
    {
        type            wedge;
    }
    back
    {
        type            wedge;
    }
}


// ************************************************************************* //
