/*--------------------------------*- C++ -*----------------------------------*\
| =========                 |                                                 |
| \\      /  F ield         | OpenFOAM: The Open Source CFD Toolbox           |
|  \\    /   O peration     | Version:  v1706                                 |
|   \\  /    A nd           | Web:      www.OpenFOAM.com                      |
|    \\/     M anipulation  |                                                 |
\*---------------------------------------------------------------------------*/
FoamFile
{
    version     2.0;
    format      ascii;
    class       volScalarField;
    location    "0.00132";
    object      wallHeatFlux;
}
// * * * * * * * * * * * * * * * * * * * * * * * * * * * * * * * * * * * * * //

dimensions      [1 0 -3 0 0 0 0];


internalField   uniform 0;

boundaryField
{
    inlet
    {
        type            calculated;
        value           uniform 0;
    }
    object
    {
        type            calculated;
        value           nonuniform List<scalar> 
300
(
635108.7768
636376.0664
636840.422
637090.4782
637229.169
637294.8328
637306.8062
637276.6838
637212.2116
637118.9289
637000.9641
636861.4602
636702.838
636526.965
636335.2813
636128.887
635908.6136
635675.0819
635428.7524
635169.9516
634898.9091
634615.7798
634320.658
634013.5925
633694.6019
633363.6773
633020.7851
632665.8831
632298.9081
631919.7835
631528.421
631124.7207
630708.5606
630279.8035
629838.2893
629383.8396
628916.2484
628435.2951
627940.7265
627432.2833
626909.7
626372.72
625821.1195
625254.7274
624673.4404
624077.2507
623466.2552
622840.6529
622200.751
621546.9473
620879.7191
620199.5944
619507.1404
618802.9449
618087.5734
617361.571
616625.4319
615879.5787
615124.3479
614359.9857
613586.6207
612804.2665
612012.8115
611212.0126
610401.5111
609580.8542
608749.5137
607906.9402
607052.6214
606186.1477
605307.2815
604415.96
603512.3248
602596.71
601669.5883
600731.5324
599783.1631
598825.1085
597857.9345
596882.1196
595898.0145
594905.7912
593905.4116
592896.6143
591878.8897
590851.4916
589813.5011
588763.9375
587701.9246
586626.8298
585538.375
584436.6894
583322.2987
582196.0795
581059.1504
579912.7364
578758.01
577595.9249
576427.164
575252.088
574070.7835
572883.1516
571689.1007
570488.4245
569280.9107
568066.482
566845.0172
565616.5465
564381.1057
563138.7033
561889.1619
560632.0246
559366.2941
558090.7663
556804.192
555505.8861
554195.397
552873.851
551540.7368
550199.353
548851.2131
547496.0363
546131.8795
544742.9129
543338.5743
541993.7431
540655.5603
539314.344
537965.4233
536606.5351
535237.0793
533857.4173
532468.565
531071.9287
529668.8077
528260.3929
526847.3751
525430.2212
524008.9313
522583.2427
521152.8337
519717.4751
518276.9595
516831.2502
515380.3931
513924.665
512464.2595
510999.374
509530.239
508056.9834
506579.806
505098.6267
503613.5747
502124.7443
500632.1331
499135.8326
497635.9363
496132.5451
494625.6649
493115.4577
491601.9346
490085.198
488565.3334
487042.334
485516.2891
483987.2903
482455.3528
480920.577
479383.0301
477842.7123
476299.784
474754.3178
473206.3187
471655.9242
470103.119
468548.0819
466990.8627
465431.4674
463870.0124
462306.6131
460741.2837
459174.078
457605.1306
456034.4907
454462.1852
452888.3383
451312.9625
449736.0779
448157.8416
446578.2965
444997.453
443415.3987
441832.1873
440247.906
438662.5863
437076.2576
435489.0015
433900.8905
432311.9743
430723.9629
429297.2849
428812.8392
428258.4251
427530.7509
426705.0376
425838.2982
424957.9198
424075.1758
423194.8527
422319.9481
421453.4208
420599.1754
419762.1855
418948.2551
418163.6124
417413.9671
416703.8325
416035.9439
415410.9064
414827.2679
414281.7064
413769.5851
413285.6914
412824.6187
412381.4221
411951.87
411532.6122
411121.3685
410716.675
410317.8328
409924.7637
409537.813
409157.6632
408785.0927
408420.9383
408066.0263
407721.0643
407386.6334
407063.0128
406750.1814
406447.9367
406155.7352
405872.8375
405598.4122
405331.6013
405071.6653
404817.926
404569.8501
404327.0499
404089.2032
403856.0467
403627.1904
403402.0981
403180.1779
402960.5699
402742.3308
402524.39
402305.5964
402084.9253
401861.3479
401633.9489
401401.953
401164.6759
400921.5402
400671.9001
400415.0421
400150.1497
399876.2493
399592.2788
399297.0213
398989.2225
398667.8138
398331.8294
397980.5716
397613.6801
397231.1121
396833.1651
396420.2877
395993.0398
395551.9981
395097.6256
394630.2599
394149.9674
393656.5917
393149.9263
392629.5905
392095.2785
391546.7578
390983.9225
390406.9677
389816.2081
389212.1232
388595.3081
387966.3628
387325.8656
386674.1885
386011.4858
385337.7963
384652.8639
383956.3946
)
;
    }
    outlet
    {
        type            calculated;
        value           uniform 0;
    }
    front
    {
        type            wedge;
    }
    back
    {
        type            wedge;
    }
}


// ************************************************************************* //
