/*--------------------------------*- C++ -*----------------------------------*\
| =========                 |                                                 |
| \\      /  F ield         | OpenFOAM: The Open Source CFD Toolbox           |
|  \\    /   O peration     | Version:  v1706                                 |
|   \\  /    A nd           | Web:      www.OpenFOAM.com                      |
|    \\/     M anipulation  |                                                 |
\*---------------------------------------------------------------------------*/
FoamFile
{
    version     2.0;
    format      ascii;
    class       volVectorField;
    location    "0.00132";
    object      wallShearStress;
}
// * * * * * * * * * * * * * * * * * * * * * * * * * * * * * * * * * * * * * //

dimensions      [1 -1 -2 0 0 0 0];


internalField   uniform (0 0 0);

boundaryField
{
    inlet
    {
        type            calculated;
        value           uniform (0 0 0);
    }
    object
    {
        type            calculated;
        value           nonuniform List<vector> 
300
(
(-2.657016609 -0.8510318145 2.588262469e-14)
(-2.510762396 -1.386494876 4.709926599e-14)
(-2.522803605 -2.138891656 5.01728809e-14)
(-2.531076842 -2.919373718 1.464291882e-14)
(-2.543722766 -3.702354666 2.751512914e-14)
(-2.561844199 -4.480087759 2.558556829e-14)
(-2.586057561 -5.249213451 5.13551511e-14)
(-2.616889255 -6.008070892 6.445573635e-14)
(-2.654800005 -6.755893473 6.957022665e-14)
(-2.700170774 -7.492475162 7.846826273e-14)
(-2.753293396 -8.217987771 6.012918397e-14)
(-2.814370657 -8.932859132 5.15030672e-14)
(-2.883523866 -9.637683347 4.000101705e-14)
(-2.960804815 -10.33315223 3.454408799e-14)
(-3.046209558 -11.02000334 2.712668853e-14)
(-3.13969206 -11.69898128 1.727201216e-14)
(-3.241176649 -12.37081025 4.49062109e-17)
(-3.350568625 -13.03617555 -2.034512411e-15)
(-3.467762917 -13.69571234 -4.705395148e-15)
(-3.592650717 -14.34999956 -4.132594948e-15)
(-3.725124521 -14.99955823 -4.711740329e-15)
(-3.865081722 -15.64485256 -8.620230984e-15)
(-4.012427035 -16.28629294 -1.123425942e-14)
(-4.167074121 -16.92424034 -4.925588299e-15)
(-4.328946636 -17.55901167 -7.541976009e-16)
(-4.497978764 -18.19088523 3.360437498e-16)
(-4.674115532 -18.82010646 1.062387101e-15)
(-4.85731303 -19.44689402 2.4016804e-15)
(-5.04753834 -20.07144505 6.286845583e-15)
(-5.244769599 -20.69394075 9.37121256e-15)
(-5.448995821 -21.31455161 7.642234667e-15)
(-5.660216715 -21.93344213 6.866893916e-15)
(-5.878442007 -22.55077476 5.990793809e-15)
(-6.103690666 -23.16671365 5.193995697e-15)
(-6.335989279 -23.78142698 4.340165106e-15)
(-6.575369818 -24.39508828 3.726235705e-15)
(-6.821866106 -25.00787553 1.893680776e-15)
(-7.075509436 -25.61996847 -2.382685569e-15)
(-7.336322348 -26.23154183 -1.185932944e-15)
(-7.604312115 -26.84275654 4.695672286e-16)
(-7.879463348 -27.45374652 4.082077563e-15)
(-8.161731571 -28.06460271 5.343802541e-15)
(-8.451039029 -28.67535595 4.617975387e-15)
(-8.74727396 -29.28596075 4.050485347e-15)
(-9.0502938 -29.89628316 1.518071655e-15)
(-9.359932274 -30.50609614 1.406038313e-15)
(-9.676007898 -31.11508302 2.035070387e-15)
(-9.998332835 -31.72284749 2.340586747e-15)
(-10.32672121 -32.32893019 3.015527852e-15)
(-10.66099587 -32.93282773 8.228241072e-15)
(-11.00099411 -33.53401391 7.575577685e-15)
(-11.3465716 -34.13196024 9.678880691e-15)
(-11.69760562 -34.72615599 7.855003824e-15)
(-12.0539972 -35.3161261 6.240352571e-15)
(-12.41567187 -35.90144511 9.435100222e-15)
(-12.78258104 -36.48175017 7.621526159e-15)
(-13.15470239 -37.05675015 6.235932967e-15)
(-13.53203995 -37.62623262 4.703145485e-15)
(-13.91462455 -38.19006804 4.008161329e-15)
(-14.30251396 -38.74821375 2.527714906e-15)
(-14.69579189 -39.30071399 2.991692323e-15)
(-15.09456645 -39.84769958 3.082096911e-15)
(-15.4989666 -40.38938426 2.01959883e-15)
(-15.90913488 -40.92605793 1.023591142e-16)
(-16.32521777 -41.45807357 -2.511042489e-16)
(-16.74735082 -41.98582982 -1.123519955e-15)
(-17.17564041 -42.50974077 -1.291537365e-15)
(-17.61014496 -43.03019988 -1.205435312e-15)
(-18.05085957 -43.54753655 -2.018405321e-15)
(-18.49770873 -44.06197477 -3.526039532e-15)
(-18.9505515 -44.57360167 -3.713524092e-15)
(-19.40919437 -45.08235418 -4.864905365e-16)
(-19.87341124 -45.58802693 -3.132455146e-16)
(-20.34296322 -46.09029811 -1.947161373e-15)
(-20.81761518 -46.58876174 -1.523181693e-15)
(-21.29715027 -47.08296603 -1.681410009e-15)
(-21.78138099 -47.57245102 -3.199317077e-15)
(-22.27015846 -48.05678358 -5.622629462e-15)
(-22.76337757 -48.53558836 -6.79513526e-15)
(-23.2609829 -49.00856974 -5.396552269e-15)
(-23.76297368 -49.47553457 -3.946627163e-15)
(-24.26940708 -49.93640579 -1.753333323e-15)
(-24.78040108 -50.39123428 -4.582843936e-16)
(-25.29613371 -50.84020908 -5.777742911e-16)
(-25.81683285 -51.28365745 5.473484612e-16)
(-26.34275217 -51.72203217 6.056021915e-16)
(-26.87413219 -52.1558705 1.937137835e-16)
(-27.4111531 -52.58572744 -2.035288595e-16)
(-27.95389544 -53.01208567 4.633848717e-16)
(-28.50232095 -53.43527304 1.903068322e-15)
(-29.05627397 -53.85540987 9.630420379e-16)
(-29.615497 -54.27238967 1.347589565e-15)
(-30.17965591 -54.68588778 3.04532714e-15)
(-30.7483755 -55.09539609 2.831755074e-15)
(-31.32128205 -55.50028655 3.794483195e-15)
(-31.89804542 -55.89989201 2.482523843e-15)
(-32.47841262 -56.2935908 8.334892821e-16)
(-33.06222359 -56.68088057 -4.965507336e-17)
(-33.64941016 -57.06142614 -2.42942706e-16)
(-34.2399709 -57.43507218 -4.457411281e-16)
(-34.83393626 -57.80179531 -1.707971053e-15)
(-35.43134704 -58.16167203 -1.224310558e-15)
(-36.03223926 -58.51482449 -2.569835668e-15)
(-36.63663413 -58.8613896 -1.073778685e-15)
(-37.24452964 -59.20148784 -5.624579608e-16)
(-37.85591355 -59.53521462 -4.403792072e-16)
(-38.47075194 -59.86265315 -6.57060761e-16)
(-39.08898875 -60.18381353 -1.030881625e-15)
(-39.71058382 -60.498722 -1.496311219e-15)
(-40.33550811 -60.80735389 2.625264207e-16)
(-40.96383098 -61.10978476 -1.921970389e-15)
(-41.5957182 -61.40619758 -2.269715551e-15)
(-42.23144551 -61.69699176 -1.083972551e-15)
(-42.87129289 -61.98267401 -1.204992597e-15)
(-43.51546243 -62.26374384 -6.879085365e-16)
(-44.16402473 -62.54051096 -5.930200288e-16)
(-44.8168771 -62.8131662 -1.757751383e-15)
(-45.47373705 -63.08122903 -8.865842123e-16)
(-46.13448056 -63.34491083 -2.495646002e-16)
(-46.79817662 -63.60294095 5.695105101e-17)
(-47.4646758 -63.85458141 1.670480568e-15)
(-48.13424915 -64.099787 2.62110212e-15)
(-48.80830916 -64.33855521 3.394761099e-16)
(-49.49135856 -64.57657641 9.768384523e-16)
(-50.18063863 -64.81430597 2.308848781e-15)
(-50.85385847 -65.02523312 3.023321404e-15)
(-51.52831542 -65.2232551 1.667299758e-15)
(-52.20441862 -65.41383575 6.040461286e-16)
(-52.88312982 -65.59892965 2.66291818e-16)
(-53.56491373 -65.77934011 -1.041449745e-15)
(-54.24988386 -65.95522888 -1.166655735e-15)
(-54.9379335 -66.12640196 -1.902110797e-15)
(-55.62879788 -66.29242775 -5.763222408e-16)
(-56.32214592 -66.4527629 -8.487554813e-16)
(-57.01766483 -66.60689732 -9.873468929e-16)
(-57.71508553 -66.75439194 -1.252388998e-15)
(-58.41423589 -66.89498364 -1.539330092e-15)
(-59.11501531 -67.02854225 -1.661117736e-15)
(-59.81741148 -67.15510752 -1.436362876e-15)
(-60.52143528 -67.27478506 -7.62013934e-16)
(-61.22711436 -67.38772448 -8.915150347e-16)
(-61.93446193 -67.49405654 -1.159453025e-15)
(-62.643466 -67.59387142 -8.950303011e-16)
(-63.35408685 -67.68720146 -5.54236542e-16)
(-64.0662519 -67.77402055 -2.502460636e-16)
(-64.77987293 -67.85426031 -3.908625484e-16)
(-65.49486589 -67.92786089 -1.594721773e-16)
(-66.21114009 -67.99475141 1.668689562e-16)
(-66.92861615 -68.0548791 -1.507481113e-17)
(-67.64722982 -68.10822716 5.628373042e-16)
(-68.36692247 -68.15478212 4.339180594e-16)
(-69.08763039 -68.1945462 -4.680829343e-16)
(-69.80929883 -68.22752047 3.678616943e-16)
(-70.53187344 -68.25371068 2.656929993e-16)
(-71.25529697 -68.27312328 -1.661628531e-16)
(-71.97950839 -68.28574837 -2.169432308e-16)
(-72.704452 -68.29158631 -3.569508652e-16)
(-73.43007212 -68.29063446 -9.203192017e-16)
(-74.15630176 -68.2828823 -1.003509466e-15)
(-74.88308864 -68.26832756 -7.232158926e-16)
(-75.61038008 -68.24698279 3.085172657e-16)
(-76.33811402 -68.21883437 7.61367583e-16)
(-77.06624312 -68.18389819 2.767464525e-16)
(-77.79470639 -68.14217326 4.351192707e-17)
(-78.52344773 -68.09365812 -2.098925983e-17)
(-79.25241918 -68.03836547 1.262350275e-16)
(-79.98155869 -67.97629291 5.213215486e-16)
(-80.71081431 -67.907445 -5.089361069e-17)
(-81.4401339 -67.83182919 -2.457657726e-16)
(-82.1694525 -67.74944122 -1.014016825e-15)
(-82.89871811 -67.66028059 -9.792726849e-16)
(-83.62788113 -67.56436341 -1.187182677e-15)
(-84.3568779 -67.46168519 -1.060637209e-15)
(-85.08565204 -67.35224177 -2.66324484e-16)
(-85.81414284 -67.23604909 -6.1302635e-17)
(-86.54230062 -67.11310676 4.231469792e-16)
(-87.27006775 -66.9834263 3.780936983e-16)
(-87.99737558 -66.84700149 1.305391984e-16)
(-88.72417442 -66.70384341 2.94688309e-16)
(-89.45040899 -66.55395578 2.934543741e-16)
(-90.17601613 -66.3973459 1.657740086e-16)
(-90.90094072 -66.23402305 2.446082791e-16)
(-91.62513114 -66.06399259 2.84474264e-17)
(-92.34853103 -65.88726936 -1.257444259e-16)
(-93.07108174 -65.70386219 -2.022119379e-16)
(-93.79273464 -65.51378087 -1.387859844e-15)
(-94.51343112 -65.31703972 -1.22526063e-15)
(-95.23310972 -65.1136439 -1.170445118e-15)
(-95.95172415 -64.90360393 -1.488509551e-15)
(-96.6692272 -64.68694912 -1.457730589e-15)
(-97.38555521 -64.46368025 -1.491581263e-15)
(-98.1006536 -64.23380596 -2.474577707e-15)
(-98.81447519 -63.997359 -1.987308921e-15)
(-99.52695147 -63.75435674 -1.847463031e-15)
(-100.2380314 -63.50481382 -1.70922228e-15)
(-100.9476629 -63.24874155 -1.796714198e-15)
(-101.6558006 -62.98615478 -2.241023177e-15)
(-102.3623921 -62.71706839 -1.812481442e-15)
(-103.0673886 -62.44159259 -1.594408489e-15)
(-103.7760155 -62.18978181 -1.344002737e-15)
(-105.5186994 -61.21679821 3.966888245e-16)
(-106.3435948 -60.93067822 -1.260359912e-16)
(-106.8057866 -60.98287844 -1.695432427e-15)
(-107.1531 -61.15473473 -1.396913422e-15)
(-107.4600614 -61.34816956 -1.552388866e-15)
(-107.7499149 -61.53588588 -1.470981826e-15)
(-108.0296693 -61.71389905 -9.103453992e-16)
(-108.3016554 -61.88368934 -1.367068087e-15)
(-108.5668689 -62.04705482 -9.26633568e-16)
(-108.8258291 -62.20512776 -2.177303813e-15)
(-109.0786518 -62.35834357 -2.718137577e-15)
(-109.3250542 -62.50660705 -3.166626065e-15)
(-109.5643735 -62.64944034 -4.500304619e-15)
(-109.7956096 -62.78612238 -3.840239763e-15)
(-110.0176223 -62.91589403 -5.148856159e-15)
(-110.2292715 -63.0381001 -5.41507202e-15)
(-110.4296044 -63.15233789 -4.895020928e-15)
(-110.6180509 -63.25856336 -3.314676658e-15)
(-110.7944844 -63.35709422 -3.451177201e-15)
(-110.9592783 -63.44858747 -3.700482274e-15)
(-111.1132333 -63.53392974 -3.803241565e-15)
(-111.2574626 -63.61412211 -3.677368678e-15)
(-111.3933098 -63.69019571 -4.18315248e-15)
(-111.5221607 -63.76308272 -2.976113112e-15)
(-111.6453401 -63.83356889 -3.60549067e-15)
(-111.7640273 -63.90226103 -2.938045183e-15)
(-111.8791666 -63.9695662 -3.676438565e-15)
(-111.9915007 -64.03574212 -5.328520594e-15)
(-112.1015317 -64.10089568 -5.117509734e-15)
(-112.2095433 -64.16502215 -5.335715796e-15)
(-112.3156738 -64.22805569 -6.192942534e-15)
(-112.4199186 -64.28987878 -5.305506009e-15)
(-112.5222006 -64.3503648 -5.176462007e-15)
(-112.6223785 -64.40937465 -4.000933605e-15)
(-112.7202671 -64.46677113 -3.893686818e-15)
(-112.8156986 -64.5224467 -3.367774748e-15)
(-112.9085058 -64.57631409 -3.401866099e-15)
(-112.9985749 -64.62833587 -2.979167811e-15)
(-113.0858352 -64.6785117 -3.854743192e-15)
(-113.1702587 -64.72688025 -3.599197269e-15)
(-113.2519169 -64.77354647 -3.992947701e-15)
(-113.3309311 -64.81864068 -3.306652867e-15)
(-113.4074581 -64.86230858 -3.016913357e-15)
(-113.4817094 -64.90471114 -4.194205777e-15)
(-113.5538918 -64.94598848 -3.680891232e-15)
(-113.6242212 -64.98626812 -2.851665694e-15)
(-113.6928819 -65.02563928 -3.721289359e-15)
(-113.760011 -65.06415672 -3.025125141e-15)
(-113.8257374 -65.10186673 -3.072223922e-15)
(-113.8901527 -65.13880051 -2.694992081e-15)
(-113.9533586 -65.1750087 -2.963791872e-15)
(-114.0154576 -65.21055355 -3.103782349e-15)
(-114.0765555 -65.24551577 -3.2797688e-15)
(-114.136824 -65.28002753 -3.456002057e-15)
(-114.1964533 -65.31423444 -2.952244889e-15)
(-114.2556698 -65.34830559 -2.461692987e-15)
(-114.314735 -65.38242304 -3.234481438e-15)
(-114.3738995 -65.41675254 -2.615726363e-15)
(-114.4334463 -65.45146702 -2.351353571e-15)
(-114.4936312 -65.48670713 -2.522735714e-15)
(-114.5546716 -65.52258295 -2.148193296e-15)
(-114.6167791 -65.5591939 -1.862554129e-15)
(-114.6801247 -65.59661649 -1.791539868e-15)
(-114.74488 -65.634936 -1.674091066e-15)
(-114.8112049 -65.67423858 -1.386837577e-15)
(-114.8792537 -65.71462405 -1.393149061e-15)
(-114.9492253 -65.75623043 -1.763229602e-15)
(-115.0213331 -65.79921496 -1.124825366e-15)
(-115.0958386 -65.84376852 -6.505530823e-16)
(-115.1730179 -65.89008261 -1.338178101e-15)
(-115.2531347 -65.93833071 -1.049717228e-15)
(-115.3364717 -65.98868028 -1.303469394e-15)
(-115.4232621 -66.04124399 -1.470324399e-15)
(-115.5136674 -66.09607316 -1.063980263e-15)
(-115.6078002 -66.15317189 -1.136477972e-15)
(-115.7056819 -66.21248221 -8.183847943e-16)
(-115.8072811 -66.27391778 -4.15923301e-16)
(-115.9125026 -66.33736202 -3.586606109e-16)
(-116.0212013 -66.40269063 -2.913018609e-17)
(-116.1332438 -66.46980905 -9.140279681e-17)
(-116.2484953 -66.53864733 1.363542931e-16)
(-116.3668711 -66.60918858 2.0271745e-16)
(-116.4883217 -66.68144777 3.983278533e-16)
(-116.6128222 -66.75546191 -1.225765619e-16)
(-116.7404185 -66.83130691 -1.675181645e-17)
(-116.8711594 -66.90904464 1.545386399e-16)
(-117.0051002 -66.98872415 -9.929436601e-17)
(-117.1422893 -67.07036872 -3.004680828e-16)
(-117.2827194 -67.15395016 -4.094766758e-16)
(-117.4263757 -67.23942327 -3.271239402e-16)
(-117.573186 -67.32669923 -6.13349871e-16)
(-117.7230241 -67.415662 -3.517268054e-16)
(-117.8757592 -67.50620184 -2.816607141e-16)
(-118.0312349 -67.59821128 -2.932730651e-16)
(-118.1893219 -67.69162086 -2.908807211e-16)
(-118.349908 -67.78638849 -3.009033706e-16)
(-118.5129001 -67.88250222 -3.843062855e-16)
(-118.6782842 -67.98001002 -8.846275748e-16)
(-118.8460651 -68.07897792 -7.225826192e-16)
(-119.0127136 -68.18520591 -7.464572383e-16)
)
;
    }
    outlet
    {
        type            calculated;
        value           uniform (0 0 0);
    }
    front
    {
        type            wedge;
    }
    back
    {
        type            wedge;
    }
}


// ************************************************************************* //
