/*--------------------------------*- C++ -*----------------------------------*\
| =========                 |                                                 |
| \\      /  F ield         | OpenFOAM: The Open Source CFD Toolbox           |
|  \\    /   O peration     | Version:  v1706                                 |
|   \\  /    A nd           | Web:      www.OpenFOAM.com                      |
|    \\/     M anipulation  |                                                 |
\*---------------------------------------------------------------------------*/
FoamFile
{
    version     2.0;
    format      ascii;
    class       volVectorField;
    location    "0.0024";
    object      wallShearStress;
}
// * * * * * * * * * * * * * * * * * * * * * * * * * * * * * * * * * * * * * //

dimensions      [1 -1 -2 0 0 0 0];


internalField   uniform (0 0 0);

boundaryField
{
    inlet
    {
        type            calculated;
        value           nonuniform 0();
    }
    object
    {
        type            calculated;
        value           nonuniform List<vector> 
196
(
(-0.3871674564 -0.1908900073 -7.155227712e-15)
(-0.3671470569 -0.3124867764 -2.134160132e-14)
(-0.3695920733 -0.4839197292 -3.705839542e-14)
(-0.3714894252 -0.6632652075 -2.371573938e-14)
(-0.3739174652 -0.8451063018 -2.074577862e-14)
(-0.3769560682 -1.027985594 2.46277679e-15)
(-0.3806103109 -1.211334108 1.226163529e-14)
(-0.3848762778 -1.394871008 1.404955221e-14)
(-0.3897494384 -1.578431859 1.816848023e-14)
(-0.3952259444 -1.761906711 1.116268908e-14)
(-0.4013027326 -1.945214196 1.170246909e-14)
(-0.407977405 -2.128289473 3.70230666e-15)
(-0.4152480891 -2.311078228 -7.009760501e-16)
(-0.4231133144 -2.493533472 -2.996030867e-17)
(-0.431571913 -2.67561379 -8.294762005e-16)
(-0.4406229396 -2.857282323 -2.846477704e-15)
(-0.4502656116 -3.038506196 -7.52889469e-15)
(-0.4604992572 -3.21925609 -1.060650655e-14)
(-0.4713232785 -3.399506063 -1.831808895e-14)
(-0.4827371177 -3.57923331 -2.121235095e-14)
(-0.4947402351 -3.758418062 -2.594913411e-14)
(-0.5073320883 -3.937043434 -2.324766488e-14)
(-0.5205121184 -4.115095306 -1.771623559e-14)
(-0.5342797394 -4.292562214 -1.183525134e-14)
(-0.5486343292 -4.469435201 -4.48275676e-15)
(-0.5635752249 -4.645707687 -1.210113728e-15)
(-0.5791017195 -4.821375341 -1.393095118e-15)
(-0.5952130623 -4.996435949 -6.301108223e-17)
(-0.611908452 -5.1708892 1.039134223e-16)
(-0.6291870487 -5.344736632 -1.125243826e-15)
(-0.6470479661 -5.517981411 1.027414045e-16)
(-0.6654902776 -5.690628192 1.322866127e-15)
(-0.6845130215 -5.862682993 9.702392332e-16)
(-0.7041151987 -6.034153016 -3.220394261e-16)
(-0.7242957817 -6.20504653 -1.188896393e-15)
(-0.7450537132 -6.375372707 -3.435779122e-16)
(-0.7663879121 -6.545141509 -6.269514883e-17)
(-0.7882972724 -6.71436352 1.6678402e-16)
(-0.8107806731 -6.8830499 6.474671242e-16)
(-0.8338369702 -7.051212153 2.878484025e-15)
(-0.8574650036 -7.218862103 2.150955466e-15)
(-0.8816636011 -7.386011785 1.977269943e-16)
(-0.906431572 -7.552673299 -3.147767473e-16)
(-0.9317677095 -7.718858719 1.617302761e-16)
(-0.9576707968 -7.884580085 1.053727387e-15)
(-0.9841395908 -8.049849192 6.386515694e-16)
(-1.01117284 -8.214677658 -1.237811413e-15)
(-1.038769263 -8.379076725 -8.809312943e-16)
(-1.066927566 -8.543057309 -2.079818507e-15)
(-1.095646422 -8.706629855 -1.413169225e-15)
(-1.12492448 -8.869804301 8.373018343e-17)
(-1.154760361 -9.032590146 8.059182017e-16)
(-1.185152653 -9.194996195 1.284386609e-15)
(-1.21609988 -9.357030522 9.402526232e-16)
(-1.247600605 -9.518701117 3.07737668e-15)
(-1.279653239 -9.680014419 8.032479273e-16)
(-1.312256251 -9.840976971 -7.835355802e-16)
(-1.345407984 -10.00159407 -2.21033422e-15)
(-1.379106809 -10.16187081 -1.777338363e-15)
(-1.413350935 -10.32181075 -4.804672658e-16)
(-1.448138686 -10.48141786 9.461425989e-17)
(-1.483468167 -10.64069419 1.856729792e-16)
(-1.519337532 -10.79964182 4.987151605e-16)
(-1.55574485 -10.95826186 -9.670471589e-17)
(-1.592688123 -11.11655478 -6.785766732e-16)
(-1.630165345 -11.27452053 -5.734719678e-16)
(-1.668174407 -11.43215809 -1.40964802e-15)
(-1.706713238 -11.58946633 -8.100177327e-16)
(-1.745779619 -11.7464428 -4.086375947e-16)
(-1.785371298 -11.90308477 -3.975256802e-16)
(-1.82548611 -12.05938981 -1.421993832e-15)
(-1.86612168 -12.21535375 -7.136315225e-16)
(-1.90727569 -12.37097278 -1.917856104e-17)
(-1.948945808 -12.52624261 -4.129990895e-17)
(-1.991129604 -12.68115829 1.129199124e-16)
(-2.033824662 -12.83571476 -1.55725915e-16)
(-2.077028572 -12.98990687 7.135443816e-16)
(-2.120738779 -13.1437286 1.545396876e-16)
(-2.164952891 -13.29717481 4.184320112e-16)
(-2.20966838 -13.45023943 2.166004717e-16)
(-2.254882689 -13.60291627 3.039532604e-16)
(-2.300593386 -13.75519968 6.457064561e-16)
(-2.34679783 -13.90708311 5.465715629e-16)
(-2.393493554 -14.05856087 2.604315543e-17)
(-2.44067797 -14.20962663 2.193361038e-16)
(-2.488348543 -14.36027447 7.859379798e-16)
(-2.536502674 -14.51049828 2.360536339e-16)
(-2.585137863 -14.66029244 1.460272156e-17)
(-2.63425151 -14.8096512 4.386200607e-17)
(-2.683840993 -14.95856848 -1.252173718e-17)
(-2.733903847 -15.10703942 3.019047848e-16)
(-2.784437349 -15.25505786 -2.222490708e-16)
(-2.835439075 -15.4026194 -6.088351958e-16)
(-2.886906275 -15.54971806 -6.629028061e-16)
(-2.93883639 -15.69634919 -9.947919848e-16)
(-2.991226865 -15.84250817 -7.162510126e-17)
(-3.044075053 -15.98819021 -3.232412041e-16)
(-3.097378225 -16.13339022 1.087838802e-16)
(-3.151133874 -16.27810445 -3.63506033e-17)
(-3.205339122 -16.42232753 3.04052187e-16)
(-3.259991468 -16.56605607 3.808881753e-17)
(-3.315088137 -16.70928561 6.629075375e-17)
(-3.370626354 -16.85201179 4.71395307e-17)
(-3.426603297 -16.99423022 6.415680631e-17)
(-3.483016276 -17.13593756 -3.260275816e-16)
(-3.539862456 -17.27712958 -1.415133526e-16)
(-3.597138825 -17.41780174 -1.097354213e-17)
(-3.654842646 -17.55795066 -1.684265133e-16)
(-3.712970798 -17.69757181 5.553774366e-16)
(-3.771520498 -17.83666179 5.7815979e-16)
(-3.830488528 -17.97521591 1.051654416e-15)
(-3.889871784 -18.11322984 1.318419175e-15)
(-3.949667378 -18.25070048 4.659922677e-16)
(-4.009871813 -18.3876223 -3.595896639e-16)
(-4.070481835 -18.52399089 -1.044576817e-15)
(-4.131494294 -18.65980257 -1.193555591e-15)
(-4.192905758 -18.79505256 -1.997038676e-15)
(-4.254712729 -18.92973582 -7.350758282e-16)
(-4.316911759 -19.0638477 8.436568968e-16)
(-4.379499122 -19.19738282 4.866343676e-16)
(-4.4424713 -19.33033642 1.503466325e-16)
(-4.50582449 -19.46270313 1.364575946e-16)
(-4.569554863 -19.59447731 1.315664444e-16)
(-4.633658412 -19.72565289 -7.429599885e-17)
(-4.698131367 -19.85622494 2.688779442e-16)
(-4.762969565 -19.9861871 -1.02657609e-17)
(-4.828168875 -20.11553329 -2.491858312e-16)
(-4.893724946 -20.24425659 -1.167654229e-15)
(-4.95963365 -20.3723514 -7.894691112e-16)
(-5.025890283 -20.49980985 -4.286086911e-17)
(-5.092490588 -20.62662613 -7.945971186e-17)
(-5.159429796 -20.75279249 7.443884787e-17)
(-5.226703212 -20.87830175 1.263389387e-16)
(-5.294306029 -21.00314635 8.41065382e-17)
(-5.36223327 -21.12731865 9.469978934e-18)
(-5.430479957 -21.2508108 1.609882552e-16)
(-5.499041013 -21.37361497 6.564425369e-17)
(-5.567911038 -21.49572229 -8.623152172e-17)
(-5.637084595 -21.61712411 -7.950954939e-17)
(-5.706556503 -21.73781273 5.782752126e-17)
(-5.77632076 -21.85777799 3.503840202e-16)
(-5.846371752 -21.97701112 1.94604134e-16)
(-5.916703661 -22.09550296 -5.963283079e-17)
(-5.98731038 -22.21324374 3.633961749e-17)
(-6.058186011 -22.33022409 -3.500234317e-16)
(-6.129323666 -22.44643235 -8.758379613e-17)
(-6.200717415 -22.5618596 3.561852583e-17)
(-6.272360519 -22.67649507 2.723351236e-16)
(-6.344246071 -22.79032737 1.615784496e-16)
(-6.416367227 -22.90334558 6.503685893e-17)
(-6.488716774 -23.01553798 9.815977621e-17)
(-6.561287543 -23.12689319 -6.147871554e-18)
(-6.63407191 -23.23739895 -2.687698302e-16)
(-6.707062078 -23.34704238 -8.629928933e-17)
(-6.780250442 -23.45581173 -2.23920852e-16)
(-6.853628624 -23.56369328 1.085300205e-16)
(-6.927188341 -23.67067347 1.315577842e-17)
(-7.000920746 -23.77673799 -3.46545912e-16)
(-7.074817376 -23.88187363 -6.576538114e-17)
(-7.148868866 -23.98606503 6.378163302e-19)
(-7.223065872 -24.08929707 5.510846167e-18)
(-7.297398295 -24.19155298 3.219265039e-16)
(-7.371856405 -24.29281751 1.025229224e-16)
(-7.4464298 -24.39307378 1.771768718e-17)
(-7.521107419 -24.4923035 4.572584594e-16)
(-7.595878412 -24.59048921 1.017816926e-16)
(-7.670730849 -24.68761142 1.638231635e-16)
(-7.745652541 -24.78364975 6.902145198e-16)
(-7.820631343 -24.87858518 1.280411779e-15)
(-7.895653761 -24.97239495 1.216667517e-15)
(-7.970706031 -25.06505627 1.019830458e-15)
(-8.045773407 -25.15654468 5.939349909e-16)
(-8.120841554 -25.24683733 6.351297076e-16)
(-8.19589418 -25.33590676 3.856216374e-16)
(-8.270914357 -25.42372474 2.473354321e-16)
(-8.345884652 -25.51026214 3.335950187e-17)
(-8.420785972 -25.59548714 -1.815665424e-16)
(-8.495598288 -25.67936599 -2.080978686e-16)
(-8.570300452 -25.76186358 -1.042843684e-16)
(-8.644869338 -25.84294078 1.420151417e-17)
(-8.719280092 -25.92255558 8.296165171e-17)
(-8.793505703 -26.00066226 7.084484828e-17)
(-8.867517796 -26.07721368 -3.982202418e-17)
(-8.941283939 -26.15215478 1.781643841e-16)
(-9.014769033 -26.22542651 9.173398597e-17)
(-9.087933912 -26.29696297 3.592979749e-16)
(-9.160734886 -26.36669145 3.030727912e-16)
(-9.233122367 -26.4345295 1.640920792e-16)
(-9.305039249 -26.50038301 5.254017999e-17)
(-9.376420279 -26.5641463 -1.505221495e-16)
(-9.447187597 -26.62569448 -3.328546003e-16)
(-9.517248568 -26.68488233 -1.891272846e-16)
(-9.586489681 -26.74153618 -3.653837013e-17)
(-9.654769287 -26.79544733 -2.600894425e-16)
(-9.72190257 -26.84635582 6.105124723e-18)
(-9.787636922 -26.89393635 -2.288189915e-17)
)
;
    }
    outlet
    {
        type            calculated;
        value           nonuniform 0();
    }
    front
    {
        type            wedge;
    }
    back
    {
        type            wedge;
    }
    procBoundary1to0
    {
        type            processor;
        value           uniform (0 0 0);
    }
    procBoundary1to2
    {
        type            processor;
        value           uniform (0 0 0);
    }
    procBoundary1to3
    {
        type            processor;
        value           uniform (0 0 0);
    }
}


// ************************************************************************* //
