/*--------------------------------*- C++ -*----------------------------------*\
| =========                 |                                                 |
| \\      /  F ield         | OpenFOAM: The Open Source CFD Toolbox           |
|  \\    /   O peration     | Version:  v1706                                 |
|   \\  /    A nd           | Web:      www.OpenFOAM.com                      |
|    \\/     M anipulation  |                                                 |
\*---------------------------------------------------------------------------*/
FoamFile
{
    version     2.0;
    format      ascii;
    class       volVectorField;
    location    "0.00159";
    object      wallShearStress;
}
// * * * * * * * * * * * * * * * * * * * * * * * * * * * * * * * * * * * * * //

dimensions      [1 -1 -2 0 0 0 0];


internalField   uniform (0 0 0);

boundaryField
{
    inlet
    {
        type            calculated;
        value           nonuniform 0();
    }
    object
    {
        type            calculated;
        value           nonuniform List<vector> 
196
(
(-0.4031587315 -0.2075414722 -6.357442909e-15)
(-0.383466358 -0.3498205319 -1.590382904e-14)
(-0.38655458 -0.54804523 -4.004300336e-14)
(-0.3886205053 -0.7535147742 -3.063251798e-14)
(-0.3912672462 -0.9613326396 -2.075367049e-14)
(-0.3945276041 -1.170036352 6.30208382e-15)
(-0.3983991148 -1.378997742 1.918913994e-14)
(-0.4028757055 -1.587866627 2.319536206e-14)
(-0.4079534866 -1.796409432 2.425785427e-14)
(-0.413631469 -2.004451399 1.710262458e-14)
(-0.4199111754 -2.211852963 1.283778745e-14)
(-0.4267962876 -2.418499077 2.287551246e-15)
(-0.434292772 -2.624293731 -1.686028961e-15)
(-0.4424081694 -2.829163493 -7.240442961e-18)
(-0.4511317852 -3.033038882 -3.172646546e-16)
(-0.4604846495 -3.235857874 -9.578300119e-16)
(-0.4704748676 -3.437584724 -6.110494901e-15)
(-0.4811087706 -3.638195273 -1.240830712e-14)
(-0.4923916694 -3.837676557 -1.699134874e-14)
(-0.5043155 -4.036019488 -1.921144697e-14)
(-0.516883768 -4.233200444 -2.263677874e-14)
(-0.530126764 -4.429247009 -1.999586925e-14)
(-0.5439959464 -4.62415123 -1.572300462e-14)
(-0.5585643968 -4.817940335 -8.766962242e-15)
(-0.5737438049 -5.010626957 -2.709627651e-15)
(-0.5896365432 -5.202235514 -2.954905312e-16)
(-0.6061293379 -5.392792988 3.351062603e-18)
(-0.6233446818 -5.582321774 3.668044999e-17)
(-0.6411516109 -5.770861742 -4.915914896e-17)
(-0.6596819336 -5.958428967 -1.395953767e-15)
(-0.678802042 -6.145076961 -8.174557866e-19)
(-0.698639888 -6.330814228 1.64382473e-15)
(-0.7190797871 -6.515725502 8.470434503e-16)
(-0.7401731077 -6.699779119 -5.298151459e-16)
(-0.7619154943 -6.883040537 -1.433039474e-15)
(-0.7843022194 -7.065541371 -1.071754923e-16)
(-0.8073308507 -7.247319389 5.303640398e-17)
(-0.8309980448 -7.428409041 5.638969886e-17)
(-0.8553018116 -7.608844102 5.885566904e-16)
(-0.880239807 -7.788658655 2.185340749e-15)
(-0.9058098537 -7.967884776 7.80023219e-16)
(-0.9320101006 -8.146553908 5.989012087e-17)
(-0.9588382853 -8.324695781 6.490662932e-17)
(-0.9862934758 -8.502339604 8.749246324e-17)
(-1.01437402 -8.679514933 1.555432607e-15)
(-1.043078142 -8.856248885 1.538421328e-15)
(-1.072403682 -9.032565726 2.204668307e-16)
(-1.102350162 -9.208487827 5.470490476e-16)
(-1.132916549 -9.384037465 -2.08184401e-16)
(-1.164101509 -9.55923467 2.117029642e-17)
(-1.195902972 -9.734096811 9.724331226e-17)
(-1.228319756 -9.908638811 6.088830478e-16)
(-1.261350429 -10.08287408 1.682217667e-15)
(-1.294993866 -10.25681392 1.500160869e-15)
(-1.329248313 -10.43046848 3.687702298e-15)
(-1.364112133 -10.60384458 1.402301071e-15)
(-1.399583367 -10.7769483 1.925657641e-17)
(-1.43566027 -10.94978331 -1.289714302e-15)
(-1.472340841 -11.12235279 -1.212299999e-15)
(-1.509623123 -11.29465775 -2.352547151e-16)
(-1.547505071 -11.46670008 -9.885344865e-17)
(-1.585983706 -11.63847906 1.645217971e-16)
(-1.625056811 -11.80999368 2.656982568e-16)
(-1.664722747 -11.98124343 4.165880341e-17)
(-1.704979541 -12.15222868 4.521324904e-17)
(-1.745824932 -12.32295003 -8.18528171e-16)
(-1.787256796 -12.49340779 -1.640366354e-15)
(-1.829273479 -12.66360331 -1.309630772e-15)
(-1.871873422 -12.83353786 -5.414151341e-16)
(-1.915055135 -13.00321345 -1.674904453e-16)
(-1.958817397 -13.17263324 -4.595500625e-16)
(-2.003159031 -13.34179911 -7.319557064e-16)
(-2.048079143 -13.51071365 3.435604656e-17)
(-2.093577164 -13.67937913 -8.346868238e-17)
(-2.13965221 -13.84779692 2.404599882e-17)
(-2.186303441 -14.01596721 -3.158194334e-16)
(-2.233530578 -14.18388952 4.876705877e-16)
(-2.281333259 -14.35156236 -3.454165867e-17)
(-2.329710647 -14.51898433 2.549897473e-16)
(-2.378661913 -14.68615183 1.143728438e-16)
(-2.42818615 -14.85306072 6.629582273e-16)
(-2.478282912 -15.01970702 6.34943097e-16)
(-2.528952407 -15.18608653 7.309735153e-17)
(-2.58019492 -15.3521975 -1.42432306e-17)
(-2.632009342 -15.51803744 1.752463167e-16)
(-2.684395009 -15.68360395 5.869725824e-16)
(-2.737351067 -15.8488946 7.62015871e-18)
(-2.790879984 -16.01391089 -1.639308932e-17)
(-2.844976585 -16.17865519 -1.418205648e-17)
(-2.899638255 -16.34312076 -1.245085861e-16)
(-2.954869552 -16.5073092 7.398450017e-17)
(-3.010671669 -16.67122835 -2.813791775e-16)
(-3.067040331 -16.83488293 -3.108163349e-16)
(-3.123974626 -16.99827139 -4.423870036e-16)
(-3.181471988 -17.16139321 -9.40769726e-16)
(-3.239536126 -17.32425273 -1.178057503e-16)
(-3.298138866 -17.48683948 -3.587166214e-16)
(-3.357303741 -17.64912304 2.21943569e-16)
(-3.417034618 -17.8111232 1.725572401e-16)
(-3.477326469 -17.97283933 7.790175933e-18)
(-3.538144123 -18.13425636 -3.662650753e-17)
(-3.599496917 -18.29533364 -7.305023888e-17)
(-3.661372954 -18.45612144 8.253962582e-17)
(-3.723543063 -18.61643772 8.355278268e-17)
(-3.786613211 -18.77614198 -4.016599001e-16)
(-3.850258059 -18.9357098 -1.509366151e-16)
(-3.914266149 -19.09497424 -2.681552912e-16)
(-3.978649083 -19.25376642 -1.760415273e-16)
(-4.043529093 -19.41200268 6.937573918e-16)
(-4.108924631 -19.56972566 1.269473505e-15)
(-4.174822424 -19.72694221 1.646199989e-15)
(-4.241204769 -19.88365042 1.601367164e-15)
(-4.308056052 -20.03983559 5.557703311e-16)
(-4.375368389 -20.19547726 -3.700443494e-16)
(-4.443137515 -20.3505591 -1.182272783e-15)
(-4.511368353 -20.50507352 -2.068945691e-15)
(-4.580051591 -20.65901962 -2.846901781e-15)
(-4.649181286 -20.81238236 -1.540064505e-15)
(-4.718758559 -20.96515204 1.217464339e-16)
(-4.78879823 -21.11733296 2.711965279e-16)
(-4.859280016 -21.26893598 1.148370073e-16)
(-4.930204965 -21.4199374 6.402991118e-17)
(-5.001582357 -21.57034011 4.747423308e-17)
(-5.073426489 -21.7201603 1.18440422e-16)
(-5.145706553 -21.86944553 4.420785799e-16)
(-5.218283128 -22.01808676 2.483168156e-16)
(-5.291472436 -22.16597194 -3.084621069e-16)
(-5.365218268 -22.31341588 -1.144561151e-15)
(-5.439372771 -22.46039563 -7.442654987e-16)
(-5.513874946 -22.60679729 4.209629734e-17)
(-5.588813671 -22.75254551 -2.140306445e-16)
(-5.664221733 -22.89769511 -6.316648447e-17)
(-5.740050619 -23.04226555 1.432529862e-16)
(-5.816237669 -23.18618363 1.338854293e-16)
(-5.892921191 -23.32941042 7.801215701e-17)
(-5.970050417 -23.47208144 -6.319524748e-17)
(-6.047489153 -23.61408275 -3.101353277e-17)
(-6.125352465 -23.75530105 -3.626736784e-16)
(-6.203654323 -23.89588656 -2.824580628e-16)
(-6.282237094 -24.03580427 -5.99989944e-17)
(-6.361052171 -24.17483357 3.872385334e-16)
(-6.440336082 -24.31293709 3.02165102e-16)
(-6.520009383 -24.45032755 5.047899653e-17)
(-6.599962023 -24.5869634 7.014182369e-17)
(-6.680006002 -24.72278505 -3.934894374e-16)
(-6.759980816 -24.85737531 -1.44195391e-16)
(-6.840937391 -24.99059252 5.25086232e-17)
(-6.922315563 -25.12339972 1.531016987e-17)
(-7.003676319 -25.25545857 8.796516157e-17)
(-7.084873948 -25.38648137 -1.481443477e-16)
(-7.166075971 -25.51606562 9.570726379e-17)
(-7.247953303 -25.64421375 1.352772298e-17)
(-7.330205339 -25.77150718 -5.128386109e-16)
(-7.412385331 -25.89784819 -5.381081425e-16)
(-7.494711142 -26.02292121 -8.19861364e-16)
(-7.576961627 -26.14685791 -2.704647184e-16)
(-7.659081795 -26.2692054 -1.043216871e-16)
(-7.74190625 -26.3898798 -5.214226428e-16)
(-7.824834983 -26.50973207 -3.213886234e-16)
(-7.907313876 -26.62814526 -1.777764248e-16)
(-7.990228957 -26.74468795 6.905865282e-17)
(-8.072993739 -26.86008675 5.246719525e-16)
(-8.155551649 -26.97367208 2.582706054e-16)
(-8.238417397 -27.08548721 1.487589173e-16)
(-8.321153414 -27.19591329 7.147384894e-16)
(-8.403532741 -27.30462039 2.635934114e-16)
(-8.485726463 -27.41127285 1.427006476e-16)
(-8.56808649 -27.5159783 7.371982138e-16)
(-8.650183198 -27.61897377 1.101968082e-15)
(-8.732106241 -27.71989642 1.378423321e-15)
(-8.813725297 -27.81884853 1.454903515e-15)
(-8.894956779 -27.91568728 9.870306385e-16)
(-8.975705663 -28.01028649 9.664311391e-16)
(-9.056056518 -28.10250106 5.194533583e-16)
(-9.136084799 -28.19233955 1.801303411e-16)
(-9.215726317 -28.27981655 -4.316945864e-17)
(-9.29492362 -28.36489033 -4.856444108e-16)
(-9.373640043 -28.44751186 -6.281753418e-16)
(-9.451825588 -28.52762473 -3.994638921e-16)
(-9.529479101 -28.60517336 -9.113844111e-17)
(-9.606464202 -28.68016267 6.915586174e-17)
(-9.682518963 -28.75231238 1.948270078e-17)
(-9.758366872 -28.82144605 -6.526407866e-17)
(-9.83339392 -28.88807188 1.050605461e-16)
(-9.907630695 -28.95166427 8.502529638e-17)
(-9.981185577 -29.01237311 4.7950186e-16)
(-10.05379147 -29.0701555 4.107490526e-16)
(-10.12548909 -29.12473054 2.324618822e-16)
(-10.19644061 -29.17620387 1.228538475e-16)
(-10.26651413 -29.22462656 -1.534230211e-16)
(-10.33510828 -29.26992755 -3.313436655e-16)
(-10.40242264 -29.31158044 -1.084730071e-16)
(-10.46869268 -29.34958363 -1.082269012e-16)
(-10.53386733 -29.38401627 -3.467369202e-16)
(-10.59750028 -29.41474148 -1.653241969e-17)
(-10.65931524 -29.44138349 -3.182120361e-18)
)
;
    }
    outlet
    {
        type            calculated;
        value           nonuniform 0();
    }
    front
    {
        type            wedge;
    }
    back
    {
        type            wedge;
    }
    procBoundary1to0
    {
        type            processor;
        value           uniform (0 0 0);
    }
    procBoundary1to2
    {
        type            processor;
        value           uniform (0 0 0);
    }
    procBoundary1to3
    {
        type            processor;
        value           uniform (0 0 0);
    }
}


// ************************************************************************* //
