/*--------------------------------*- C++ -*----------------------------------*\
| =========                 |                                                 |
| \\      /  F ield         | OpenFOAM: The Open Source CFD Toolbox           |
|  \\    /   O peration     | Version:  v1706                                 |
|   \\  /    A nd           | Web:      www.OpenFOAM.com                      |
|    \\/     M anipulation  |                                                 |
\*---------------------------------------------------------------------------*/
FoamFile
{
    version     2.0;
    format      ascii;
    class       volVectorField;
    location    "0.00238";
    object      wallShearStress;
}
// * * * * * * * * * * * * * * * * * * * * * * * * * * * * * * * * * * * * * //

dimensions      [1 -1 -2 0 0 0 0];


internalField   uniform (0 0 0);

boundaryField
{
    inlet
    {
        type            calculated;
        value           nonuniform 0();
    }
    object
    {
        type            calculated;
        value           nonuniform List<vector> 
196
(
(-0.3871611822 -0.1908867683 -7.163952573e-15)
(-0.3671411829 -0.3124815151 -2.136678708e-14)
(-0.3695862357 -0.4839116526 -3.718043257e-14)
(-0.3714836438 -0.6632542415 -2.368563114e-14)
(-0.373911738 -0.8450924698 -2.072489256e-14)
(-0.37695039 -1.027968947 2.823088695e-15)
(-0.3806046757 -1.211314709 1.294743323e-14)
(-0.3848706792 -1.394848923 1.647888497e-14)
(-0.3897438701 -1.578407162 1.869796129e-14)
(-0.3952204001 -1.761879477 1.116481143e-14)
(-0.4012972066 -1.945184502 1.169737494e-14)
(-0.4079718917 -2.128257396 3.687820418e-15)
(-0.4152425835 -2.311043849 -6.828337676e-16)
(-0.4231078119 -2.493496871 1.458600858e-16)
(-0.4315664094 -2.67557505 -8.224529494e-16)
(-0.440617431 -2.857241528 -2.823625259e-15)
(-0.450260095 -3.038463432 -7.603120395e-15)
(-0.4604937296 -3.219211442 -1.590345018e-14)
(-0.4713177377 -3.39945962 -2.071984757e-14)
(-0.4827315618 -3.579185159 -2.132004667e-14)
(-0.4947346628 -3.758368295 -2.709302314e-14)
(-0.5073264986 -3.93699214 -2.56556731e-14)
(-0.5205065109 -4.115042578 -1.81341008e-14)
(-0.5342741142 -4.292508145 -8.727264785e-15)
(-0.548628687 -4.469379884 -4.493289665e-15)
(-0.5635695666 -4.645651218 -1.177819674e-15)
(-0.5790960467 -4.821317815 -1.456733272e-15)
(-0.595207377 -4.996377463 -4.923520612e-17)
(-0.6119027568 -5.170829852 1.043764556e-16)
(-0.6291813465 -5.344676519 -1.103180786e-15)
(-0.6470422605 -5.517920633 1.005669874e-16)
(-0.6654845726 -5.690566848 1.307748574e-15)
(-0.6845073215 -5.862621184 9.624481497e-16)
(-0.7041095087 -6.034090841 -3.302123273e-16)
(-0.7242901072 -6.204984092 -1.180371926e-15)
(-0.7450480599 -6.375310105 -3.462577335e-16)
(-0.7663822863 -6.545078846 -5.440955049e-17)
(-0.7882916808 -6.714300897 1.631059824e-16)
(-0.8107751228 -6.882987419 6.288871309e-16)
(-0.8338314685 -7.051149915 2.925955008e-15)
(-0.8574595583 -7.218800208 2.207575312e-15)
(-0.8816582201 -7.385950335 1.837624476e-16)
(-0.9064262636 -7.552612393 -3.11422217e-16)
(-0.9317624822 -7.718798456 1.683935144e-16)
(-0.9576656591 -7.884520562 1.059477886e-15)
(-0.9841345514 -8.049790506 6.563730222e-16)
(-1.011167908 -8.214619903 -1.262796925e-15)
(-1.038764447 -8.379019993 -8.910327615e-16)
(-1.066922873 -8.543001688 -2.110074957e-15)
(-1.095641862 -8.706575434 -1.447555428e-15)
(-1.124920061 -8.869751163 8.647797874e-17)
(-1.154756091 -9.032538371 1.550675685e-15)
(-1.185148538 -9.194945859 1.284612245e-15)
(-1.216095928 -9.356981697 9.262484734e-16)
(-1.247596824 -9.51865387 3.103652151e-15)
(-1.279649633 -9.679968812 7.939432195e-16)
(-1.312252825 -9.840933061 -8.072162784e-16)
(-1.345404744 -10.00155191 -1.989357114e-15)
(-1.379103758 -10.16183044 -1.857480549e-15)
(-1.413348077 -10.32177221 -8.535629394e-16)
(-1.448136021 -10.48138118 -1.008578309e-15)
(-1.483465697 -10.64065939 1.887219822e-16)
(-1.519335257 -10.79960891 4.886961283e-16)
(-1.55574277 -10.95823086 -6.073363658e-18)
(-1.592686236 -11.11652569 -5.707198334e-17)
(-1.630163648 -11.27449334 -5.611129689e-16)
(-1.668172896 -11.43213279 -1.320221299e-15)
(-1.706711909 -11.58944289 -7.918928795e-16)
(-1.745778466 -11.74642119 -3.985705268e-16)
(-1.785370314 -11.90306496 -3.831480942e-16)
(-1.825485287 -12.05937175 -1.71897669e-15)
(-1.86612101 -12.21533739 -6.994960296e-16)
(-1.907275163 -12.37095806 -4.159664651e-19)
(-1.948945414 -12.52622946 -1.732863553e-17)
(-1.991129333 -12.68114664 1.125769727e-16)
(-2.033824501 -12.83570453 -1.774188129e-16)
(-2.07702851 -12.98989798 6.872632603e-16)
(-2.120738803 -13.14372097 1.60274493e-16)
(-2.164952989 -13.29716835 3.949418219e-16)
(-2.209668537 -13.45023404 2.17716137e-16)
(-2.254882891 -13.60291185 6.63250894e-16)
(-2.300593619 -13.75519614 6.407109817e-16)
(-2.34679808 -13.90708034 5.516943301e-16)
(-2.393493807 -14.05855878 1.889945707e-17)
(-2.440678211 -14.2096251 2.092404562e-16)
(-2.488348757 -14.36027341 8.528036294e-16)
(-2.536502848 -14.51049759 5.464915189e-16)
(-2.585137981 -14.66029201 1.226139966e-17)
(-2.634251559 -14.80965093 4.3867094e-17)
(-2.68384096 -14.95856829 -1.136404135e-17)
(-2.733903716 -15.1070392 1.854840404e-16)
(-2.784437109 -15.25505752 -2.175368845e-16)
(-2.835438712 -15.40261884 -6.094046621e-16)
(-2.886905776 -15.54971722 -6.770191535e-16)
(-2.938835745 -15.69634796 -1.008429088e-15)
(-2.991226061 -15.84250648 -5.496920528e-17)
(-3.044074079 -15.988188 -2.196007338e-16)
(-3.097377072 -16.1333874 1.071964778e-16)
(-3.15113253 -16.27810096 -4.892584034e-17)
(-3.205337579 -16.42232332 3.174790447e-16)
(-3.259989716 -16.56605107 3.24746679e-17)
(-3.315086168 -16.70927977 3.340765955e-16)
(-3.370624161 -16.85200506 4.18732364e-17)
(-3.426600872 -16.99422257 6.429720674e-17)
(-3.483013612 -17.13592894 -4.583284096e-16)
(-3.539859548 -17.27711995 -1.361577498e-16)
(-3.597135667 -17.41779107 2.589037021e-18)
(-3.654839233 -17.55793893 -1.698763506e-16)
(-3.712967125 -17.69755899 5.542575085e-16)
(-3.771516562 -17.83664787 5.000520605e-16)
(-3.830484324 -17.97520087 1.056965351e-15)
(-3.889867309 -18.11321366 1.275530118e-15)
(-3.949662629 -18.25068316 4.58733209e-16)
(-4.009866789 -18.38760382 -4.610595945e-16)
(-4.070476533 -18.52397126 -1.116000683e-15)
(-4.131488712 -18.65978179 -1.191292651e-15)
(-4.192899897 -18.79503064 -2.015648208e-15)
(-4.254706586 -18.92971275 -7.373640521e-16)
(-4.316905334 -19.0638235 8.251263477e-16)
(-4.379492415 -19.19735749 4.896443396e-16)
(-4.44246431 -19.33030997 1.513545994e-16)
(-4.505817218 -19.46267557 1.321736901e-16)
(-4.56954731 -19.59444866 1.352647474e-16)
(-4.633650578 -19.72562316 -7.862693589e-17)
(-4.698123254 -19.85619415 2.66252096e-16)
(-4.762961172 -19.98615527 2.096188358e-17)
(-4.828160204 -20.11550043 -2.5214558e-16)
(-4.893716 -20.24422272 -1.11934586e-15)
(-4.95962443 -20.37231654 -6.807020768e-16)
(-5.025880789 -20.49977402 -8.650418311e-18)
(-5.092480823 -20.62658936 -6.187782028e-17)
(-5.159419763 -20.75275479 7.836982296e-17)
(-5.226692911 -20.87826314 1.290196719e-16)
(-5.294295464 -21.00310686 8.27708034e-17)
(-5.362222443 -21.1272783 5.811427806e-18)
(-5.430468869 -21.25076961 1.209295404e-16)
(-5.499029668 -21.37357296 6.258082077e-17)
(-5.567899438 -21.49567949 -6.403292258e-17)
(-5.637072742 -21.61708053 -5.149517889e-17)
(-5.7065444 -21.73776839 6.567070437e-17)
(-5.776308409 -21.85773292 3.198011373e-16)
(-5.846359157 -21.97696534 1.920103654e-16)
(-5.916690823 -22.0954565 1.752065837e-17)
(-5.987297303 -22.21319661 3.683233304e-17)
(-6.058172697 -22.33017631 -3.199493389e-16)
(-6.129310118 -22.44638394 -8.457390972e-17)
(-6.200703636 -22.56181058 3.677148178e-17)
(-6.272346512 -22.67644547 2.785522394e-16)
(-6.344231838 -22.7902772 1.591463232e-16)
(-6.416352771 -22.90329486 -9.119658343e-18)
(-6.488702097 -23.01548674 1.136438933e-16)
(-6.561272649 -23.12684144 -7.465112836e-18)
(-6.634056801 -23.2373467 -2.517856236e-16)
(-6.707046757 -23.34698966 -8.403867847e-17)
(-6.780234911 -23.45575856 -2.369124223e-16)
(-6.853612886 -23.56363966 1.153602295e-16)
(-6.927172399 -23.67061943 -4.274309743e-19)
(-7.000904601 -23.77668354 -4.087389258e-16)
(-7.074801031 -23.88181879 -5.925573869e-17)
(-7.148852323 -23.9860098 4.930111351e-18)
(-7.223049134 -24.08924148 2.940533554e-17)
(-7.297381363 -24.19149704 3.189461049e-16)
(-7.371839282 -24.29276123 9.524920276e-17)
(-7.446412486 -24.39301717 1.97701142e-17)
(-7.521089917 -24.49224658 4.244608955e-16)
(-7.595860724 -24.59043198 9.871012381e-17)
(-7.670712976 -24.6875539 2.067477786e-16)
(-7.745634484 -24.78359195 6.527100874e-16)
(-7.820613104 -24.8785271 8.983970237e-16)
(-7.89563534 -24.97233661 1.075319842e-15)
(-7.970687429 -25.06499768 1.029504499e-15)
(-8.045754626 -25.15648584 8.949513505e-16)
(-8.120822594 -25.24677825 7.51113415e-16)
(-8.195875041 -25.33584744 3.865533758e-16)
(-8.270895041 -25.42366519 1.903212451e-16)
(-8.345865159 -25.51020237 3.042297588e-17)
(-8.420766301 -25.59542715 -2.31795891e-16)
(-8.495578442 -25.67930579 -2.692628309e-16)
(-8.57028043 -25.76180317 -1.001524143e-16)
(-8.644849141 -25.84288017 1.485007709e-17)
(-8.71925972 -25.92249478 8.410515961e-17)
(-8.793485157 -26.00060127 7.872312343e-17)
(-8.867497078 -26.0771525 -6.239066577e-17)
(-8.94126305 -26.15209343 1.933644205e-16)
(-9.014747974 -26.22536498 9.171189e-17)
(-9.087912685 -26.29690128 3.813464697e-16)
(-9.160713493 -26.3666296 3.014314802e-16)
(-9.23310081 -26.4344675 1.626747773e-16)
(-9.305017532 -26.50032087 1.378247052e-16)
(-9.376398405 -26.56408403 -1.47173213e-16)
(-9.447165569 -26.62563209 -2.73665164e-16)
(-9.51722639 -26.68481984 -1.887331464e-16)
(-9.586467359 -26.74147359 -3.385923363e-17)
(-9.654746826 -26.79538466 -1.830377926e-16)
(-9.721879975 -26.84629309 1.118223838e-17)
(-9.787614201 -26.89387357 -2.476721745e-17)
)
;
    }
    outlet
    {
        type            calculated;
        value           nonuniform 0();
    }
    front
    {
        type            wedge;
    }
    back
    {
        type            wedge;
    }
    procBoundary1to0
    {
        type            processor;
        value           uniform (0 0 0);
    }
    procBoundary1to2
    {
        type            processor;
        value           uniform (0 0 0);
    }
    procBoundary1to3
    {
        type            processor;
        value           uniform (0 0 0);
    }
}


// ************************************************************************* //
