/*--------------------------------*- C++ -*----------------------------------*\
| =========                 |                                                 |
| \\      /  F ield         | OpenFOAM: The Open Source CFD Toolbox           |
|  \\    /   O peration     | Version:  v1706                                 |
|   \\  /    A nd           | Web:      www.OpenFOAM.com                      |
|    \\/     M anipulation  |                                                 |
\*---------------------------------------------------------------------------*/
FoamFile
{
    version     2.0;
    format      ascii;
    class       volScalarField;
    location    "0.00247";
    object      wallHeatFlux;
}
// * * * * * * * * * * * * * * * * * * * * * * * * * * * * * * * * * * * * * //

dimensions      [1 0 -3 0 0 0 0];


internalField   uniform 0;

boundaryField
{
    inlet
    {
        type            calculated;
        value           uniform 0;
    }
    object
    {
        type            calculated;
        value           nonuniform List<scalar> 
400
(
531642.3061
531924.4933
532035.4061
532102.252
532147.4824
532179.14
532201.0644
532215.3995
532223.4704
532226.1526
532224.0617
532217.6442
532207.2403
532193.1136
532175.4755
532154.4975
532130.3266
532103.0812
532072.8698
532039.7821
532003.9008
531965.298
531924.0384
531880.182
531833.7827
531784.8891
531733.5469
531679.7999
531623.6839
531565.2371
531504.4927
531441.4808
531376.2313
531308.77
531239.1226
531167.3115
531093.3588
531017.283
530939.105
530858.8395
530776.5024
530692.1099
530605.6749
530517.2086
530426.7248
530334.2314
530239.7405
530143.259
530044.7971
529944.362
529841.959
529737.5993
529631.2864
529523.017
529412.8196
529300.6716
529186.5978
529070.5912
528952.6724
528832.8195
528711.0714
528587.4029
528461.8303
528334.3563
528204.9845
528073.727
527940.5787
527805.5604
527668.659
527529.8752
527389.2451
527246.746
527102.3944
526956.2032
526808.1687
526658.2985
526506.607
526353.0833
526197.7595
526040.632
525881.7013
525720.9925
525558.4939
525394.2308
525228.1989
525060.4114
524890.8727
524719.5997
524546.5991
524371.8675
524195.435
524017.284
523837.4537
523655.9227
523472.7121
523287.8386
523101.3072
522913.1121
522723.2864
522531.8061
522338.7094
522143.996
521947.6694
521749.7281
521550.2021
521349.0939
521146.3944
520942.1338
520736.3026
520528.9312
520320.0056
520109.5345
519897.5566
519684.0427
519469.006
519252.4764
519034.4548
518814.943
518593.9572
518371.4959
518147.5804
517922.214
517695.406
517467.1543
517237.4911
517006.4153
516773.9418
516540.0658
516304.821
516068.1906
515830.2145
515590.8853
515350.2189
515108.2273
514864.9229
514620.3217
514374.4388
514127.2762
513878.8472
513629.1889
513378.2829
513126.1591
512872.8353
512618.3224
512362.6494
512105.7925
511847.8119
511588.7089
511328.4945
511067.1927
510804.8138
510541.3855
510276.9218
510011.4355
509744.9633
509477.5113
509209.1056
508939.7533
508669.5048
508398.3637
508126.3618
507853.5009
507579.8306
507305.372
507030.1373
506754.1737
506477.4929
506200.1197
505922.1084
505643.4694
505364.2334
505084.4183
504804.1054
504523.2998
504242.0387
503960.3734
503678.3284
503395.9542
503113.3068
502830.424
502547.3514
502264.1329
501980.8654
501697.5809
501414.3588
501131.262
500848.3765
500565.7902
500283.585
500001.8961
499720.8185
499440.5031
499161.0993
498882.8122
498605.8363
498330.4155
498056.841
497785.3529
497516.0661
497249.1625
497135.2528
497117.7535
497088.1766
497052.1753
497013.9749
496976.1869
496940.3153
496907.302
496877.7072
496851.9452
496830.2625
496812.8597
496799.8594
496791.3954
496787.5311
496788.3306
496793.8548
496804.1317
496819.1748
496839.0062
496863.6548
496893.1014
496927.3669
496966.4129
497010.2715
497058.9107
497112.3123
497170.4504
497233.333
497300.9041
497373.1428
497450.0398
497531.5375
497617.6185
497708.2194
497803.3304
497902.8901
498006.8602
498115.1642
498227.7848
498344.6633
498465.7105
498590.8904
498720.1236
498853.3528
498990.4863
499131.4295
499276.1442
499424.511
499576.4411
499731.8531
499890.5977
500052.5705
500217.6487
500385.7317
500556.6441
500730.2738
500906.4413
501084.9875
501265.7458
501448.4673
501633.0269
501819.1135
502006.5464
502195.0552
502384.3857
502574.2142
502764.1782
502953.9934
503143.2531
503331.5542
503518.3907
503703.36
503885.8401
504065.2912
504241.0486
504412.3579
504578.4915
504738.4601
504891.3699
505036.0434
505171.3028
505295.6372
505407.5509
505505.1606
505586.2892
505648.5213
505688.972
505704.2877
505690.3776
505642.2972
505554.0825
505418.1636
505224.9558
504961.9795
504612.4211
504152.7745
503548.7732
502747.1621
501653.4445
497690.2869
493032.8107
488474.9204
484025.1327
479664.7645
475370.9818
471122.9492
466903.3996
462698.9918
458499.7824
454298.555
450090.2687
445871.5749
441640.3083
437395.3485
433136.2222
428863.0452
424576.0409
420274.6229
415932.2905
411498.2157
407133.1696
402766.1833
398396.2289
394024.8195
389653.8875
385285.2323
380920.4289
376561.0939
372208.7152
367864.7506
363530.6537
359207.8607
354897.7103
350601.6685
346321.0906
342057.2668
337811.497
333585.0413
329379.136
325194.9665
321033.7221
316896.442
312784.1594
308697.8954
304638.6221
300607.228
296604.5644
292631.4656
288688.7106
284776.9729
280896.9559
277049.2876
273234.4758
269453.1182
265705.6435
261992.5037
258314.0947
254670.7536
251062.7849
247490.4606
243954.0192
240453.6427
236989.4864
233561.6627
230170.2675
226815.3672
223496.9769
220215.127
216969.7731
213760.8686
210588.3599
207452.1351
204352.1012
201288.1171
198260.0621
195267.7727
192311.0766
189389.7816
186503.7245
183652.6897
180836.4738
178054.877
175307.6797
172594.674
169915.6531
167270.3815
164658.6397
162080.2291
159534.9347
157022.5453
154542.8607
152095.6736
149680.8045
147298.0523
144947.2436
142628.2004
140340.7554
138084.8271
135867.5105
)
;
    }
    outlet
    {
        type            calculated;
        value           uniform 0;
    }
    front
    {
        type            wedge;
    }
    back
    {
        type            wedge;
    }
}


// ************************************************************************* //
