/*--------------------------------*- C++ -*----------------------------------*\
| =========                 |                                                 |
| \\      /  F ield         | OpenFOAM: The Open Source CFD Toolbox           |
|  \\    /   O peration     | Version:  v1706                                 |
|   \\  /    A nd           | Web:      www.OpenFOAM.com                      |
|    \\/     M anipulation  |                                                 |
\*---------------------------------------------------------------------------*/
FoamFile
{
    version     2.0;
    format      ascii;
    class       volVectorField;
    location    "0.00247";
    object      wallShearStress;
}
// * * * * * * * * * * * * * * * * * * * * * * * * * * * * * * * * * * * * * //

dimensions      [1 -1 -2 0 0 0 0];


internalField   uniform (0 0 0);

boundaryField
{
    inlet
    {
        type            calculated;
        value           uniform (0 0 0);
    }
    object
    {
        type            calculated;
        value           nonuniform List<vector> 
400
(
(-0.3871864443 -0.1908997768 -7.147987197e-15)
(-0.367164838 -0.3125026465 -2.127130114e-14)
(-0.3696097458 -0.4839440921 -3.721478941e-14)
(-0.3715069287 -0.663298287 -2.380996569e-14)
(-0.3739348056 -0.8451480283 -2.065580379e-14)
(-0.3769732609 -1.028035814 2.391954881e-15)
(-0.3806273742 -1.211392634 1.200879277e-14)
(-0.3848932309 -1.394937633 1.331480625e-14)
(-0.3897663003 -1.578506366 1.774480276e-14)
(-0.3952427336 -1.761988874 1.113951382e-14)
(-0.4013194667 -1.945303785 1.223296551e-14)
(-0.4079941005 -2.128386251 3.755697028e-15)
(-0.4152647613 -2.311181953 -6.846470676e-16)
(-0.4231299773 -2.4936439 7.561084778e-17)
(-0.4315885793 -2.675730672 -8.580467225e-16)
(-0.4406396204 -2.857405405 -2.913579945e-15)
(-0.450282317 -3.038635222 -7.23865181e-15)
(-0.4605159955 -3.219390799 -1.067230163e-14)
(-0.4713400569 -3.399646193 -1.865754013e-14)
(-0.4827539418 -3.579378591 -2.092996395e-14)
(-0.494757109 -3.758568225 -2.627800831e-14)
(-0.5073490148 -3.937198204 -2.431707633e-14)
(-0.5205290988 -4.115254407 -1.735537712e-14)
(-0.5342967735 -4.292725364 -9.038647297e-15)
(-0.5486514154 -4.469602118 -4.485849494e-15)
(-0.5635923601 -4.645878084 -1.294920794e-15)
(-0.5791188991 -4.82154893 -2.898072279e-17)
(-0.5952302801 -4.996612438 -7.884997474e-17)
(-0.6119257006 -5.171068296 7.242001462e-17)
(-0.6292043189 -5.344918039 -1.56608002e-15)
(-0.6470652475 -5.518164831 1.001533704e-16)
(-0.6655075581 -5.690813324 1.37106142e-15)
(-0.6845302876 -5.862869538 9.967702812e-16)
(-0.7041324356 -6.034340669 -3.287629963e-16)
(-0.7243129731 -6.205234987 -1.635533545e-15)
(-0.7450708415 -6.375561662 -3.050027258e-17)
(-0.7664049584 -6.545330657 -7.202959582e-17)
(-0.7883142166 -6.714552555 1.822783243e-16)
(-0.810797494 -6.883238515 6.81137584e-16)
(-0.8338536453 -7.051400043 2.324103354e-15)
(-0.8574815096 -7.219048963 2.501495586e-16)
(-0.8816799139 -7.386197313 1.878542114e-16)
(-0.9064476666 -7.552857193 -3.265907855e-16)
(-0.9317835605 -7.719040681 1.420186001e-16)
(-0.9576863782 -7.884759821 1.352766217e-15)
(-0.9841548764 -8.050026412 6.501155233e-16)
(-1.011187804 -8.214852078 -3.998547004e-17)
(-1.038783879 -8.379248067 4.36659666e-16)
(-1.066941807 -8.543225301 -5.262643473e-16)
(-1.095660263 -8.706794236 -3.021830655e-16)
(-1.124937897 -8.869964818 8.912017155e-17)
(-1.15477333 -9.032746555 1.702209402e-15)
(-1.18516515 -9.195148267 1.286791525e-15)
(-1.216111885 -9.357178039 9.873313446e-16)
(-1.247612099 -9.518843877 3.206163867e-15)
(-1.279664203 -9.680152234 8.537345237e-16)
(-1.312266669 -9.84110967 -1.403088003e-17)
(-1.345417842 -10.0017215 -1.553891255e-15)
(-1.379116096 -10.16199284 -1.52614197e-15)
(-1.413359642 -10.32192726 -3.784345408e-16)
(-1.448146806 -10.48152876 1.134161072e-16)
(-1.483475697 -10.64079941 2.042652098e-16)
(-1.519344472 -10.79974131 5.294499995e-16)
(-1.555751202 -10.95835559 1.640548234e-16)
(-1.592693892 -11.11664275 -2.532546726e-17)
(-1.630170539 -11.27460276 -5.934114336e-16)
(-1.668179039 -11.43223463 -1.388863687e-15)
(-1.706717322 -11.58953724 -8.723621925e-16)
(-1.745783171 -11.74650818 -4.452730444e-16)
(-1.78537434 -11.90314473 -4.366222571e-16)
(-1.825488664 -12.05944449 -1.436905954e-15)
(-1.866123772 -12.21540331 -7.672781507e-16)
(-1.907277348 -12.37101739 -8.629356094e-16)
(-1.948947064 -12.52628246 -4.162976032e-17)
(-1.99113049 -12.68119361 1.105513118e-16)
(-2.033825213 -12.83574578 -1.667023539e-16)
(-2.077028825 -12.98993384 6.963156662e-16)
(-2.120738772 -13.14375178 1.392410126e-16)
(-2.164952665 -13.29719448 4.178951603e-16)
(-2.209667975 -13.45025586 2.159743919e-16)
(-2.254882148 -13.60292976 7.380372259e-16)
(-2.300592751 -13.75521053 6.637773213e-16)
(-2.346797145 -13.90709163 5.335682425e-16)
(-2.393492862 -14.05856737 5.833624493e-17)
(-2.440677315 -14.2096314 2.534353171e-16)
(-2.488347968 -14.36027784 8.412637655e-16)
(-2.536502224 -14.51050055 2.341641032e-16)
(-2.585137579 -14.66029392 2.264421853e-17)
(-2.634251437 -14.80965218 4.342603078e-17)
(-2.68384117 -14.95856927 -1.927878938e-17)
(-2.733904315 -15.10704029 1.831757527e-16)
(-2.784438148 -15.2550591 -1.973610224e-16)
(-2.835440242 -15.40262127 -5.962424182e-16)
(-2.886907847 -15.54972082 -6.210775721e-16)
(-2.938838403 -15.69635308 -1.022628553e-15)
(-2.991229352 -15.84251344 -6.952096175e-17)
(-3.044078046 -15.98819707 -3.194423532e-16)
(-3.097381755 -16.13339888 1.052089998e-16)
(-3.15113797 -16.27811511 2.574031921e-19)
(-3.20534381 -16.42234037 2.649211603e-16)
(-3.259996774 -16.56607125 5.098489897e-17)
(-3.315094084 -16.70930329 3.868973326e-16)
(-3.370632963 -16.85203211 5.668044278e-17)
(-3.426610589 -16.99425331 6.332080332e-17)
(-3.483024268 -17.13596352 -3.019526745e-16)
(-3.539871166 -17.27715851 -1.574026593e-16)
(-3.597148267 -17.41783372 -5.58833732e-17)
(-3.654852833 -17.55798578 -1.192014371e-16)
(-3.712981742 -17.69761012 1.362080235e-15)
(-3.771532209 -17.83670334 9.115279992e-16)
(-3.830501014 -17.97526074 1.03949107e-15)
(-3.889885053 -18.11327798 1.264565875e-15)
(-3.949681436 -18.25075195 4.781908253e-16)
(-4.009886665 -18.3876771 -2.385005153e-16)
(-4.070497485 -18.52404902 -3.834275017e-16)
(-4.131510744 -18.65986403 -1.190471093e-15)
(-4.192923012 -18.79511734 -2.024964481e-15)
(-4.254730786 -18.92980389 -7.475487783e-16)
(-4.316930619 -19.06391904 7.954921099e-16)
(-4.379518786 -19.19745739 4.794183049e-16)
(-4.442491765 -19.33041418 1.644124665e-16)
(-4.505845755 -19.46278405 1.451640518e-16)
(-4.569576926 -19.59456134 7.308723655e-17)
(-4.63368127 -19.72573998 -4.427941693e-17)
(-4.698155017 -19.85631504 2.841810077e-16)
(-4.762994003 -19.98628016 1.181373362e-17)
(-4.828194098 -20.11562925 -5.582475687e-16)
(-4.89375095 -20.24435539 -2.084428765e-15)
(-4.959660432 -20.37245299 -1.263063233e-15)
(-5.025917837 -20.49991417 -1.642691808e-16)
(-5.09251891 -20.62673313 -1.396962405e-16)
(-5.159458882 -20.75290209 5.81424986e-17)
(-5.226733057 -20.87841391 1.262307836e-16)
(-5.294336629 -21.00326101 8.956999903e-17)
(-5.362264621 -21.12743575 2.233683809e-17)
(-5.430512054 -21.25093028 2.494321567e-16)
(-5.499073851 -21.37373677 -9.235757008e-17)
(-5.567944614 -21.49584637 1.272230108e-17)
(-5.637118904 -21.6172504 -4.691643557e-17)
(-5.706591541 -21.73794118 3.755109488e-17)
(-5.776356522 -21.85790855 2.899864724e-16)
(-5.846408235 -21.97714374 1.163068303e-16)
(-5.91674086 -22.0956376 -2.117978512e-16)
(-5.987348292 -22.21338034 -1.320447238e-17)
(-6.05822463 -22.3303626 -2.914484419e-16)
(-6.12936299 -22.44657272 -9.637758678e-17)
(-6.20075744 -22.56200179 3.198634035e-17)
(-6.27240124 -22.67663904 2.537211423e-16)
(-6.344287485 -22.79047307 1.703518339e-16)
(-6.416409329 -22.90349297 3.63645593e-17)
(-6.488759559 -23.01568702 8.005766276e-19)
(-6.561331009 -23.12704384 -3.901511397e-18)
(-6.634116052 -23.23755116 -2.63295026e-16)
(-6.707106891 -23.34719612 -3.59567187e-17)
(-6.780295922 -23.45596696 -2.350851288e-16)
(-6.853674767 -23.56384995 8.736775905e-17)
(-6.927235142 -23.67083155 2.641285781e-18)
(-7.0009682 -23.77689744 -3.628804072e-16)
(-7.074865479 -23.88203442 -7.017171736e-17)
(-7.148917611 -23.98622711 -1.024912339e-17)
(-7.223115255 -24.08946041 3.276186592e-17)
(-7.297448311 -24.19171755 3.84990276e-16)
(-7.371907048 -24.29298326 1.252828488e-16)
(-7.446481063 -24.39324068 1.067305958e-17)
(-7.521159297 -24.49247152 4.344689139e-16)
(-7.5959309 -24.5906583 1.103528752e-16)
(-7.670783939 -24.68778155 1.566204948e-16)
(-7.745706227 -24.78382089 6.988683447e-16)
(-7.820685618 -24.87875728 9.571631429e-16)
(-7.895708617 -24.97256799 1.057133936e-15)
(-7.970761462 -25.06523021 9.850947561e-16)
(-8.045829405 -25.15671948 9.614526738e-16)
(-8.120898111 -25.24701295 7.719492053e-16)
(-8.195951288 -25.33608317 3.028214534e-16)
(-8.270972009 -25.42390189 1.246041265e-16)
(-8.345942839 -25.51044001 2.593293014e-17)
(-8.420844684 -25.59566568 -2.174912931e-16)
(-8.495657519 -25.67954518 -2.172473579e-16)
(-8.570360191 -25.76204337 -6.930514715e-17)
(-8.644929577 -25.84312114 4.284911479e-18)
(-8.719340821 -25.92273648 7.547356588e-17)
(-8.793566913 -26.00084365 4.885223965e-17)
(-8.867579478 -26.07739553 6.879572214e-17)
(-8.941346084 -26.15233707 2.10208088e-16)
(-9.014831631 -26.22560919 9.237618899e-17)
(-9.087996953 -26.29714601 4.069557997e-16)
(-9.160798361 -26.36687482 3.120831955e-16)
(-9.233186265 -26.43471316 1.650308193e-16)
(-9.30510356 -26.50056693 5.732752423e-17)
(-9.376484994 -26.56433044 -2.299703467e-16)
(-9.447252705 -26.62587881 -2.644726574e-16)
(-9.517314058 -26.68506683 -1.027999056e-16)
(-9.586555543 -26.74172081 -4.472805347e-17)
(-9.654835508 -26.79563205 -2.114931867e-16)
(-9.721969137 -26.84654061 -1.113430817e-16)
(-9.787703822 -26.89412116 -2.518008236e-17)
(-9.851657762 -26.93796776 -5.003473948e-17)
(-9.913125697 -26.97760027 5.362209039e-17)
(-9.970377106 -27.01260295 1.386934037e-16)
(-10.01879997 -27.04261628 2.953944957e-16)
(-10.05980794 -27.07588427 -1.981866676e-16)
(-10.09598561 -27.12218425 -1.709752867e-16)
(-10.12912982 -27.18272052 1.191251583e-16)
(-10.16066165 -27.25233296 7.261498197e-17)
(-10.1919262 -27.32771108 4.336395544e-17)
(-10.22354103 -27.4071858 1.032722314e-16)
(-10.25574879 -27.48988383 6.491954089e-16)
(-10.28862801 -27.57531435 1.397301339e-15)
(-10.32219157 -27.66317332 1.821808104e-15)
(-10.35643147 -27.75325947 1.562663106e-15)
(-10.39133374 -27.84542862 7.540407448e-16)
(-10.42688537 -27.93957499 4.13174745e-16)
(-10.46307522 -28.03561794 1.565566401e-16)
(-10.49989582 -28.13349878 9.799949777e-18)
(-10.53734145 -28.23317177 1.397778854e-16)
(-10.5754086 -28.33460349 1.065228626e-16)
(-10.61409597 -28.43777048 -3.940474133e-17)
(-10.65340376 -28.54265678 1.633824225e-16)
(-10.69333325 -28.64925202 3.671047452e-16)
(-10.73388729 -28.75755233 3.9961084e-16)
(-10.77507038 -28.86755944 9.731750683e-17)
(-10.81688733 -28.97927745 1.396322743e-16)
(-10.85934465 -29.09271591 7.57911668e-17)
(-10.90244864 -29.20788505 1.062799146e-16)
(-10.94620807 -29.3248019 3.724415148e-16)
(-10.99063166 -29.44348396 2.46480693e-16)
(-11.03572884 -29.56395118 -8.224721965e-17)
(-11.08150978 -29.68622605 -3.674430428e-16)
(-11.12798634 -29.81033557 -1.831521279e-16)
(-11.17517004 -29.93630593 -6.478915302e-17)
(-11.22307361 -30.06416722 4.949500326e-17)
(-11.27171092 -30.19395232 -6.96707127e-17)
(-11.32109598 -30.32569445 -2.781019338e-18)
(-11.37124422 -30.45943088 -3.021033254e-16)
(-11.42217081 -30.59519843 -1.282345176e-16)
(-11.47389318 -30.73303954 -6.742547152e-18)
(-11.52642872 -30.87299659 -3.584813685e-17)
(-11.57979595 -31.01511488 1.162914415e-17)
(-11.63401354 -31.15944045 2.305021984e-16)
(-11.68910249 -31.30602493 -1.133538511e-16)
(-11.74508444 -31.45492143 3.705718275e-17)
(-11.80198065 -31.60618269 -2.618131628e-20)
(-11.85981513 -31.7598677 -7.769887947e-17)
(-11.91861243 -31.91603704 2.267940832e-16)
(-11.97839844 -32.07475456 1.562638395e-16)
(-12.03919987 -32.23608597 -1.13496329e-16)
(-12.10104439 -32.40009997 -6.080973137e-17)
(-12.16396307 -32.56687256 -1.871022712e-16)
(-12.22798676 -32.73648021 -5.410678574e-17)
(-12.29314774 -32.90900221 7.178687247e-17)
(-12.359482 -33.08452627 -2.452399972e-17)
(-12.42702447 -33.26313878 9.300041712e-17)
(-12.49581336 -33.44493293 7.769756657e-17)
(-12.56588953 -33.63000916 3.145589521e-16)
(-12.63729607 -33.81847231 2.058381549e-16)
(-12.71007761 -34.01043138 1.241437551e-16)
(-12.78428192 -34.20600269 1.167681375e-17)
(-12.85995938 -34.4053089 6.864237436e-17)
(-12.9371633 -34.60847884 1.35762878e-16)
(-13.01595172 -34.81565224 -6.518150302e-17)
(-13.09638251 -35.02696973 4.015280418e-17)
(-13.1785216 -35.2425897 1.337617674e-16)
(-13.26243611 -35.4626729 4.45572947e-16)
(-13.34819949 -35.68739539 4.263642569e-16)
(-13.43589002 -35.91694445 4.110618643e-16)
(-13.52559071 -36.15151762 3.46186725e-16)
(-13.61739223 -36.39132844 1.426975456e-16)
(-13.71138854 -36.63660035 1.394975132e-16)
(-13.80768474 -36.88758049 1.436381539e-16)
(-13.90639342 -37.14453284 2.956869297e-16)
(-14.00763496 -37.40773851 1.632814937e-16)
(-14.11154017 -37.67750158 9.500295576e-17)
(-14.21825345 -37.95415701 3.779386116e-16)
(-14.32793012 -38.23806152 5.747623422e-16)
(-14.44074121 -38.5296077 4.568756713e-16)
(-14.55687549 -38.82922456 1.832306214e-16)
(-14.67653765 -39.13737647 1.3850048e-16)
(-14.79995888 -39.45458335 3.067732458e-16)
(-14.92739135 -39.78140802 8.989878795e-16)
(-15.05912049 -40.1184846 6.064921481e-16)
(-15.19546481 -40.46651239 4.480426107e-16)
(-15.33678447 -40.82627784 5.876743416e-16)
(-15.4834858 -41.19865722 2.697262513e-16)
(-15.63603672 -41.58465262 9.190180214e-17)
(-15.79497512 -41.98539814 -1.179932951e-16)
(-15.96092074 -42.40218689 -5.223826564e-16)
(-16.13460392 -42.83652144 -7.365914794e-16)
(-16.3168893 -43.29015244 -4.982704706e-16)
(-16.50881226 -43.76513997 -8.853548576e-16)
(-16.71162987 -44.26393375 -1.007419546e-15)
(-16.92689004 -44.78948135 -4.823607486e-16)
(-17.15654692 -45.345406 -2.884706144e-16)
(-17.40310665 -45.93620804 -1.009374319e-16)
(-17.66988245 -46.56761483 2.986764762e-16)
(-17.96140777 -47.24710735 3.860189505e-16)
(-18.28414837 -47.98473575 2.988876553e-16)
(-18.64789173 -48.79449001 5.312256579e-16)
(-19.06888833 -49.69636177 4.891774148e-16)
(-19.57961644 -50.71729665 4.98745356e-16)
(-20.28235833 -51.86924417 4.998128414e-16)
(-21.27573449 -52.98826513 5.437938236e-16)
(-22.1952575 -54.014036 3.387078686e-16)
(-23.10187018 -54.89371247 2.050795046e-16)
(-24.02012138 -55.62215096 1.886556775e-16)
(-24.94733388 -56.22714895 1.14538867e-16)
(-25.88044907 -56.73184526 3.669123059e-17)
(-26.81680593 -57.15394577 1.377215233e-16)
(-27.75431137 -57.50662448 2.262671397e-16)
(-28.69138003 -57.79961108 -1.899267399e-17)
(-29.62681571 -58.04011544 2.294993947e-16)
(-30.55968443 -58.23352777 1.55282077e-16)
(-31.48921529 -58.38393038 2.435488559e-16)
(-32.41474665 -58.49448184 2.939566124e-16)
(-33.33567952 -58.56767179 2.480816838e-16)
(-34.25145759 -58.60551957 2.390679619e-16)
(-35.1615559 -58.60970039 1.007157814e-16)
(-36.06547963 -58.58163286 1.657467889e-16)
(-36.96289086 -58.52255448 2.382480983e-16)
(-37.85482726 -58.43202253 2.436131318e-16)
(-38.75842281 -58.31553421 1.870648937e-16)
(-39.6913583 -58.2060267 1.305423281e-16)
(-40.57468331 -58.06144448 1.264923455e-16)
(-41.44470808 -57.88334957 1.421842508e-16)
(-42.30295807 -57.67680996 1.829736285e-16)
(-43.15006179 -57.44292141 1.684711978e-16)
(-43.98600579 -57.18256843 9.24119699e-17)
(-44.81059509 -56.89664419 1.087306737e-17)
(-45.62354047 -56.58602217 -5.628090894e-17)
(-46.42455201 -56.25158084 3.638620216e-17)
(-47.21333441 -55.89416185 7.71332595e-17)
(-47.98960869 -55.51458054 1.401055174e-16)
(-48.75311162 -55.11362354 3.204037342e-16)
(-49.50359845 -54.69205062 2.745009998e-16)
(-50.24083235 -54.25058772 4.11999117e-16)
(-50.96459704 -53.78994167 1.963129938e-16)
(-51.67470025 -53.31080644 1.998908761e-16)
(-52.37096317 -52.81385877 6.160726535e-17)
(-53.05322308 -52.29976016 1.292958895e-16)
(-53.72133671 -51.76916207 1.829150599e-16)
(-54.37517112 -51.22269734 2.155663858e-16)
(-55.01461956 -50.66099887 3.606298049e-16)
(-55.63954009 -50.08470284 4.404616998e-16)
(-56.24985543 -49.4943983 3.949475435e-16)
(-56.84550726 -48.8906723 2.432034316e-16)
(-57.42644732 -48.27410161 2.065595291e-16)
(-57.99264322 -47.6452567 2.547795224e-16)
(-58.54406687 -47.00469078 3.491549172e-16)
(-59.08070595 -46.35295061 3.148874322e-16)
(-59.60256339 -45.69057517 2.99974048e-16)
(-60.10965651 -45.0180948 2.544590621e-16)
(-60.60200563 -44.33602387 1.477658106e-16)
(-61.07965471 -43.64487361 1.923235954e-16)
(-61.54265513 -42.94514231 3.69949641e-16)
(-61.99105994 -42.23731444 3.897424879e-16)
(-62.42494947 -41.52186827 3.637540127e-16)
(-62.84439913 -40.79927096 3.483721401e-16)
(-63.24950354 -40.06997777 3.774492141e-16)
(-63.64036546 -39.33443575 3.590737982e-16)
(-64.01709155 -38.59307744 2.806497132e-16)
(-64.37980068 -37.84632755 3.751582464e-16)
(-64.7286205 -37.09459972 3.708338374e-16)
(-65.06368248 -36.33829321 3.275846853e-16)
(-65.38512762 -35.57780301 2.457624788e-16)
(-65.69310257 -34.81350736 2.123530661e-16)
(-65.98775658 -34.04577408 2.002917325e-16)
(-66.26924841 -33.27496194 2.575199371e-16)
(-66.53774247 -32.501419 3.004611428e-16)
(-66.79340476 -31.72548365 2.849961026e-16)
(-67.03641007 -30.94747889 2.444237095e-16)
(-67.26693254 -30.16772521 2.654487108e-16)
(-67.48514966 -29.38652329 2.434015134e-16)
(-67.69124793 -28.60417047 2.242885579e-16)
(-67.88540772 -27.82095131 2.742854224e-16)
(-68.06781971 -27.0371389 2.532466102e-16)
(-68.23867102 -26.2530001 2.017563308e-16)
(-68.39815639 -25.46878736 1.685464783e-16)
(-68.54646987 -24.68475118 1.672321522e-16)
(-68.68380646 -23.90112632 2.204337789e-16)
(-68.81035583 -23.11813679 1.999618147e-16)
(-68.92632175 -22.33600242 1.785075753e-16)
(-69.03189845 -21.55493549 1.766761659e-16)
(-69.12728318 -20.77513404 1.718102889e-16)
(-69.21267637 -19.99679138 1.263344958e-16)
(-69.28827577 -19.22009357 4.996064403e-17)
(-69.35428046 -18.44521461 9.688569368e-18)
(-69.41089201 -17.6723249 9.547191226e-18)
(-69.45830449 -16.90158703 3.262909701e-17)
(-69.49671403 -16.13315238 3.101856195e-17)
(-69.52632171 -15.367166 8.996689856e-17)
(-69.54732358 -14.6037692 7.714924405e-17)
(-69.55991757 -13.84309654 7.671477573e-17)
(-69.56429767 -13.08526846 6.847316315e-17)
(-69.56065741 -12.33040727 5.436531463e-17)
(-69.54919493 -11.57862283 3.26763682e-17)
(-69.53010231 -10.83002573 3.798113296e-17)
(-69.50357246 -10.08470945 5.651018467e-17)
(-69.46979831 -9.342771729 8.841219877e-17)
(-69.42897276 -8.604312758 8.203786427e-17)
(-69.38199026 -7.869550478 9.320386201e-17)
(-69.56737155 -7.207626629 7.462636431e-17)
)
;
    }
    outlet
    {
        type            calculated;
        value           uniform (0 0 0);
    }
    front
    {
        type            wedge;
    }
    back
    {
        type            wedge;
    }
}


// ************************************************************************* //
