/*--------------------------------*- C++ -*----------------------------------*\
| =========                 |                                                 |
| \\      /  F ield         | OpenFOAM: The Open Source CFD Toolbox           |
|  \\    /   O peration     | Version:  v1706                                 |
|   \\  /    A nd           | Web:      www.OpenFOAM.com                      |
|    \\/     M anipulation  |                                                 |
\*---------------------------------------------------------------------------*/
FoamFile
{
    version     2.0;
    format      ascii;
    class       volVectorField;
    location    "0.00377";
    object      wallShearStress;
}
// * * * * * * * * * * * * * * * * * * * * * * * * * * * * * * * * * * * * * //

dimensions      [1 -1 -2 0 0 0 0];


internalField   uniform (0 0 0);

boundaryField
{
    inlet
    {
        type            calculated;
        value           uniform (0 0 0);
    }
    object
    {
        type            calculated;
        value           nonuniform List<vector> 
300
(
(-0.8856426399 -0.8403808043 -4.007452102e-14)
(-0.8414187257 -1.365359443 -4.42241338e-14)
(-0.855698725 -2.102791226 -3.190594604e-14)
(-0.8745810607 -2.866130571 -1.851558429e-14)
(-0.9004692444 -3.630217818 -2.549133587e-14)
(-0.9334892109 -4.387696485 -3.810710565e-14)
(-0.973620314 -5.135414785 -3.27853093e-14)
(-1.020833217 -5.871795226 -3.714410905e-14)
(-1.075096586 -6.596070162 -3.475064635e-14)
(-1.136373072 -7.307980051 -2.57277396e-14)
(-1.204616684 -8.007616834 -2.102679431e-14)
(-1.279772382 -8.695322448 -1.484621979e-14)
(-1.36177721 -9.371613 -1.07846423e-14)
(-1.450562321 -10.03711884 -4.244156233e-15)
(-1.546055278 -10.69253636 -1.292468703e-14)
(-1.648182287 -11.33859008 -8.621541275e-15)
(-1.756870148 -11.97600331 2.315864047e-16)
(-1.872047777 -12.60547656 4.331885321e-15)
(-1.993647325 -13.22767249 3.553395451e-15)
(-2.121604914 -13.84320606 3.507936789e-15)
(-2.25586103 -14.45263914 8.992419514e-15)
(-2.396360677 -15.05647828 5.992828839e-15)
(-2.543053347 -15.65517517 6.34248574e-16)
(-2.695892869 -16.24912866 2.028240098e-15)
(-2.854837218 -16.83868831 7.305252901e-16)
(-3.019848283 -17.4241586 2.733441074e-15)
(-3.190891669 -18.00580354 -2.007924065e-15)
(-3.367936512 -18.58385166 -4.101618686e-15)
(-3.550955388 -19.15850104 -2.892313541e-15)
(-3.739924224 -19.72992405 -2.440096489e-15)
(-3.934822277 -20.29827197 -9.554521515e-16)
(-4.135632148 -20.86367946 -1.816420276e-15)
(-4.342339722 -21.42626789 -3.033837873e-15)
(-4.554934312 -21.98615001 -3.241969707e-15)
(-4.773408381 -22.54343147 -2.042918016e-15)
(-4.997757267 -23.09821252 -4.562627251e-15)
(-5.227978802 -23.65059013 -4.692351195e-15)
(-5.464072598 -24.20065788 -2.796473085e-15)
(-5.706039036 -24.74850501 -3.12567485e-15)
(-5.953877986 -25.29421259 -2.998640819e-15)
(-6.207586751 -25.83784967 -3.233589356e-15)
(-6.467158812 -26.37947044 -5.416152072e-15)
(-6.732581923 -26.91910698 -3.512776222e-15)
(-7.003836735 -27.45676498 -2.883100425e-15)
(-7.280896111 -27.99241963 -2.134867531e-15)
(-7.563724582 -28.52601104 -1.418098488e-15)
(-7.852279976 -29.05744908 -7.73515987e-16)
(-8.146515572 -29.58661628 -7.798744214e-16)
(-8.446381539 -30.11337332 -1.814972332e-16)
(-8.751828727 -30.63757181 -1.431997853e-15)
(-9.062811518 -31.15906507 -1.446852718e-15)
(-9.379289343 -31.67771566 -1.570831694e-15)
(-9.701228916 -32.19340755 -7.317713042e-16)
(-10.02860579 -32.70605405 -7.144797024e-16)
(-10.36140321 -33.21559731 -1.249874803e-15)
(-10.69961102 -33.72200995 1.102159726e-16)
(-11.04322403 -34.22529174 1.166245474e-15)
(-11.39223753 -34.72545794 5.572977506e-16)
(-11.74664425 -35.22253195 1.708828919e-15)
(-12.10643037 -35.71653098 2.733282386e-15)
(-12.47157212 -36.20745299 1.285491224e-15)
(-12.84203558 -36.69527022 1.10889577e-15)
(-13.21777799 -37.17992527 2.885604021e-16)
(-13.59875109 -37.66133336 6.636524173e-16)
(-13.98490665 -38.13939588 4.556772807e-16)
(-14.37620439 -38.61401834 9.778078726e-16)
(-14.77261262 -39.08511732 -2.412582886e-17)
(-15.17411339 -39.55264249 -1.068445559e-15)
(-15.58070025 -40.01657768 -1.884618136e-15)
(-15.99237256 -40.47693614 -2.454995954e-15)
(-16.40912959 -40.93374865 -2.117815177e-15)
(-16.83096112 -41.38704203 -2.058622055e-15)
(-17.25784305 -41.83682293 -1.706624715e-15)
(-17.68973458 -42.28305894 -1.29221523e-15)
(-18.12658293 -42.72567755 -1.994100403e-15)
(-18.56833417 -43.1645834 -2.560370683e-15)
(-19.0149446 -43.59967871 -1.954919147e-15)
(-19.46639053 -44.03089294 -1.402198537e-15)
(-19.92267473 -44.45821128 -6.530110444e-16)
(-20.38382007 -44.88167489 -6.445015042e-16)
(-20.84985413 -45.30136217 1.673381346e-16)
(-21.32079392 -45.7173619 -2.23549158e-16)
(-21.79662796 -46.12972652 1.495048437e-16)
(-22.27730741 -46.53843522 -3.493555843e-16)
(-22.76275352 -46.94338662 2.746791587e-16)
(-23.25287661 -47.34442213 5.709865266e-16)
(-23.74760102 -47.74137607 1.260432431e-15)
(-24.24688449 -48.13413039 6.190453123e-16)
(-24.75072236 -48.52264659 6.298495105e-18)
(-25.25913066 -48.90695737 -2.244076377e-16)
(-25.77211782 -49.28712132 1.515802927e-16)
(-26.28966414 -49.66317043 3.4747578e-16)
(-26.81170928 -50.03506036 9.586628639e-16)
(-27.33816334 -50.40266949 1.93343018e-15)
(-27.86893833 -50.76584751 1.344166608e-15)
(-28.40397311 -51.12446704 3.243781435e-16)
(-28.9432418 -51.478464 4.474045042e-16)
(-29.48675272 -51.82785532 5.042869212e-16)
(-30.03452213 -52.172698 3.624420575e-16)
(-30.5865495 -52.51304172 -4.969984246e-16)
(-31.14280784 -52.84889362 9.120684613e-17)
(-31.70323975 -53.18020192 6.046065875e-16)
(-32.26777407 -53.50687416 1.086719755e-15)
(-32.83634603 -53.82881436 5.801101917e-16)
(-33.40891505 -54.14595234 4.944293873e-16)
(-33.98546883 -54.45826748 7.916305545e-16)
(-34.56603287 -54.76581021 3.049945687e-16)
(-35.15064065 -55.0686644 3.814089656e-16)
(-35.73930265 -55.36689487 1.456347234e-16)
(-36.33198372 -55.66049886 -1.880570281e-16)
(-36.92861491 -55.949401 -4.062044011e-16)
(-37.52911349 -56.2334799 4.241681365e-16)
(-38.13343376 -56.51265742 4.16837034e-16)
(-38.74158776 -56.78694597 3.498911773e-16)
(-39.3536108 -57.05641372 9.523776077e-16)
(-39.96954119 -57.32115035 -7.871791848e-17)
(-40.5893864 -57.58120123 2.434292754e-16)
(-41.21311055 -57.8365368 6.966977271e-17)
(-41.84065798 -58.08709473 -6.827963365e-16)
(-42.47198811 -58.33283155 -5.464954277e-16)
(-43.10702001 -58.57364689 -1.281587398e-15)
(-43.74568782 -58.80944614 -1.742748336e-16)
(-44.38798271 -59.04021843 -6.342287722e-16)
(-45.03392156 -59.2660052 -1.069274951e-15)
(-45.68351147 -59.48680613 -7.550445114e-16)
(-46.33692607 -59.70281216 -1.494125902e-15)
(-46.99458118 -59.91451718 -1.356630795e-15)
(-47.65755111 -60.12260218 -1.656668142e-15)
(-48.33130731 -60.33406111 -1.348727297e-15)
(-49.01104281 -60.54231487 -1.088889199e-15)
(-49.67918503 -60.72892943 -1.066771785e-15)
(-50.3487533 -60.90744725 -1.177809069e-15)
(-51.02161611 -61.08106685 -5.722241613e-16)
(-51.69828234 -61.250336 -9.261869011e-16)
(-52.37879438 -61.41519877 -1.774111695e-15)
(-53.06306072 -61.57547993 -1.670324778e-15)
(-53.75095601 -61.73099987 -1.815414446e-15)
(-54.44236392 -61.88160725 -1.531866577e-15)
(-55.13717502 -62.02716764 -1.365414453e-15)
(-55.83528332 -62.16755823 -1.301676815e-15)
(-56.53659648 -62.30267721 -1.169567944e-15)
(-57.24102802 -62.43243306 -8.918319076e-16)
(-57.94850041 -62.55674536 -9.202815579e-16)
(-58.65893994 -62.67554102 -6.536330344e-16)
(-59.37228494 -62.78876148 -8.058908147e-16)
(-60.08847691 -62.89635945 -1.002811153e-15)
(-60.80748266 -62.99831045 -1.021271787e-15)
(-61.52926887 -63.09459446 -1.130207337e-15)
(-62.25381693 -63.18520888 -1.034481962e-15)
(-62.98111953 -63.27016272 -5.193375195e-16)
(-63.71117751 -63.34947051 -5.524367566e-16)
(-64.44398762 -63.42314039 -6.868245427e-16)
(-65.17954438 -63.49118035 -6.368576065e-16)
(-65.91784724 -63.55359881 -6.775975443e-16)
(-66.65888048 -63.61038867 -8.61310437e-16)
(-67.40262282 -63.66153594 -1.140402104e-15)
(-68.14905296 -63.7070226 -1.197969024e-15)
(-68.89813096 -63.7468137 -1.216605997e-15)
(-69.64980928 -63.78086928 -1.433585805e-15)
(-70.40405095 -63.80915966 -1.449387782e-15)
(-71.16080686 -63.83164164 -1.196645008e-15)
(-71.92001447 -63.84826389 -1.172147623e-15)
(-72.68162938 -63.85899261 -1.413851229e-15)
(-73.44559853 -63.86378712 -1.161973109e-15)
(-74.21187325 -63.86261328 -9.816167296e-16)
(-74.98041054 -63.85544229 -1.307380041e-15)
(-75.75116036 -63.84224218 -1.031928252e-15)
(-76.52409426 -63.8229992 -1.01556464e-15)
(-77.29918285 -63.79769872 -1.458712194e-15)
(-78.07639235 -63.76632079 -1.26838449e-15)
(-78.85568462 -63.72884671 -1.513881796e-15)
(-79.63705228 -63.6852822 -1.586174157e-15)
(-80.42047232 -63.63561694 -1.797979939e-15)
(-81.20592422 -63.57984529 -1.474271796e-15)
(-81.9933992 -63.51797053 -1.547502645e-15)
(-82.78288451 -63.44999031 -1.643591407e-15)
(-83.5743715 -63.37590508 -1.475456083e-15)
(-84.36784535 -63.29570985 -1.310834632e-15)
(-85.16329129 -63.20939825 -1.329964919e-15)
(-85.96069849 -63.11696475 -1.143478415e-15)
(-86.76004023 -63.01839205 -1.14490709e-15)
(-87.56129869 -62.91366954 -1.036012436e-15)
(-88.36445277 -62.80278238 -1.18112458e-15)
(-89.16946718 -62.68570502 -1.086524317e-15)
(-89.9763062 -62.56241251 -8.880584432e-16)
(-90.78493965 -62.43288329 -8.844210548e-16)
(-91.59531984 -62.29708748 -8.938046415e-16)
(-92.40741151 -62.15499986 -1.099361763e-15)
(-93.22117743 -62.00659559 -8.099197842e-16)
(-94.03657358 -61.85184522 -2.64712841e-16)
(-94.8535508 -61.69071747 -1.021779765e-15)
(-95.67207666 -61.52319422 -5.35195551e-16)
(-96.49210589 -61.34924876 -5.560012635e-16)
(-97.31360609 -61.16886502 -7.190900747e-16)
(-98.1365273 -60.98201356 -5.798795386e-16)
(-98.96084055 -60.78868107 -5.06409389e-16)
(-99.78651505 -60.58885229 -1.246229656e-16)
(-100.6135059 -60.38250483 -5.613948575e-16)
(-101.4417878 -60.16964502 -2.292456682e-16)
(-102.2770852 -59.96175319 -3.640037641e-16)
(-102.8328749 -59.79965984 -3.235810659e-16)
(-103.1223038 -59.58411684 -4.665290809e-16)
(-103.2959166 -59.47770925 -5.166092857e-16)
(-103.4048132 -59.444616 -4.137040062e-16)
(-103.4804808 -59.45186108 -5.866919754e-16)
(-103.539804 -59.47740179 -6.669194404e-16)
(-103.5912399 -59.50924097 -3.905766885e-16)
(-103.6387806 -59.54186364 -5.341095242e-16)
(-103.6842049 -59.57323217 -7.830967589e-16)
(-103.7282736 -59.60290466 -1.223333552e-15)
(-103.7713402 -59.63106157 -1.379953481e-15)
(-103.8135862 -59.65802653 -1.054929984e-15)
(-103.8551451 -59.68410429 -1.090246602e-15)
(-103.8961271 -59.70952861 -1.217332772e-15)
(-103.9366158 -59.7344582 -1.544462588e-15)
(-103.9766825 -59.75899767 -1.605859757e-15)
(-104.0163916 -59.78322466 -1.541732448e-15)
(-104.0558038 -59.80719684 -1.689525516e-15)
(-104.0949703 -59.83095764 -1.558746795e-15)
(-104.1339207 -59.85453346 -1.757282439e-15)
(-104.1726771 -59.87794069 -1.923979083e-15)
(-104.2112657 -59.90120119 -2.113939338e-15)
(-104.2496982 -59.9243259 -1.969256756e-15)
(-104.2879965 -59.94733071 -1.825011381e-15)
(-104.3261719 -59.97022518 -1.883448174e-15)
(-104.3642199 -59.99300613 -1.874965749e-15)
(-104.4021483 -60.01568186 -2.042962984e-15)
(-104.4399534 -60.03825222 -2.034782003e-15)
(-104.4776444 -60.06072411 -1.98426655e-15)
(-104.5152221 -60.0830997 -2.061455569e-15)
(-104.5526732 -60.10536988 -2.034867208e-15)
(-104.5899984 -60.12753825 -2.043380746e-15)
(-104.6271887 -60.14960101 -2.092888876e-15)
(-104.6642489 -60.17156233 -2.139332857e-15)
(-104.7011765 -60.19342245 -2.096513084e-15)
(-104.7379562 -60.215171 -2.094950707e-15)
(-104.7745875 -60.2368109 -2.12114421e-15)
(-104.8110607 -60.25833816 -2.080568045e-15)
(-104.8473811 -60.27975719 -2.08691389e-15)
(-104.8835468 -60.30106879 -2.27026688e-15)
(-104.919544 -60.3222634 -2.517953759e-15)
(-104.9553738 -60.34334496 -2.803637189e-15)
(-104.9910284 -60.3643105 -2.802909525e-15)
(-105.0265123 -60.38516388 -2.699772197e-15)
(-105.0618312 -60.40590975 -2.607149854e-15)
(-105.0969778 -60.42654572 -2.813816781e-15)
(-105.1319459 -60.44706649 -3.044006666e-15)
(-105.1667344 -60.46747458 -2.692724772e-15)
(-105.2013502 -60.48777526 -2.73287851e-15)
(-105.2358016 -60.50797438 -2.774664068e-15)
(-105.2700837 -60.5280705 -3.156320823e-15)
(-105.304192 -60.54805905 -3.290213745e-15)
(-105.3381328 -60.56794613 -3.696336036e-15)
(-105.3719028 -60.58773073 -3.453722936e-15)
(-105.4055134 -60.6074199 -3.321067396e-15)
(-105.4389685 -60.62701661 -3.293247552e-15)
(-105.4722592 -60.64651279 -3.382654201e-15)
(-105.5053908 -60.66591326 -3.327097057e-15)
(-105.5383585 -60.68521519 -3.258069748e-15)
(-105.5711716 -60.70442333 -3.181572109e-15)
(-105.603831 -60.72353779 -3.206764751e-15)
(-105.6363238 -60.74254706 -3.162776456e-15)
(-105.6686505 -60.76145199 -3.112619553e-15)
(-105.7008008 -60.7802452 -3.304885029e-15)
(-105.7327775 -60.79892643 -3.285076466e-15)
(-105.7645739 -60.81749029 -3.147713413e-15)
(-105.7961693 -60.83591939 -3.040242486e-15)
(-105.8275553 -60.8542084 -2.982582592e-15)
(-105.8587122 -60.87234361 -3.183758301e-15)
(-105.8896332 -60.8903184 -3.094705946e-15)
(-105.9203019 -60.90812112 -3.435737456e-15)
(-105.9506875 -60.92572841 -3.265021988e-15)
(-105.980772 -60.94312943 -3.484222476e-15)
(-106.0105269 -60.96030547 -3.219506987e-15)
(-106.0399338 -60.97724404 -3.171775286e-15)
(-106.0689743 -60.99393308 -3.141636484e-15)
(-106.0976161 -61.01035336 -3.343742641e-15)
(-106.1258272 -61.02648302 -3.527379404e-15)
(-106.1535811 -61.04230873 -3.348016364e-15)
(-106.1808594 -61.05782105 -3.19545531e-15)
(-106.2076466 -61.07301254 -3.196655713e-15)
(-106.2339153 -61.0878703 -3.547545614e-15)
(-106.2596414 -61.10238051 -3.673816513e-15)
(-106.2848141 -61.1165427 -3.60398248e-15)
(-106.3094168 -61.13035217 -3.499863888e-15)
(-106.3334519 -61.14381562 -3.275694155e-15)
(-106.3569187 -61.15693906 -3.291640271e-15)
(-106.3798086 -61.16972109 -3.340279421e-15)
(-106.402133 -61.18217706 -3.379693519e-15)
(-106.423899 -61.19431847 -3.37177523e-15)
(-106.4451337 -61.20616835 -3.226603079e-15)
(-106.4658617 -61.2177488 -3.405594245e-15)
(-106.4860999 -61.22907387 -3.346428441e-15)
(-106.5058848 -61.24017345 -3.272081485e-15)
(-106.5252475 -61.25107233 -3.275669136e-15)
(-106.544238 -61.26180525 -3.253384318e-15)
(-106.5629014 -61.27240423 -3.208181702e-15)
(-106.5812732 -61.28289127 -3.09549592e-15)
(-106.5993974 -61.29331078 -3.226785314e-15)
(-106.6164998 -61.30475525 -3.196106864e-15)
)
;
    }
    outlet
    {
        type            calculated;
        value           uniform (0 0 0);
    }
    front
    {
        type            wedge;
    }
    back
    {
        type            wedge;
    }
}


// ************************************************************************* //
