/*--------------------------------*- C++ -*----------------------------------*\
| =========                 |                                                 |
| \\      /  F ield         | OpenFOAM: The Open Source CFD Toolbox           |
|  \\    /   O peration     | Version:  v1706                                 |
|   \\  /    A nd           | Web:      www.OpenFOAM.com                      |
|    \\/     M anipulation  |                                                 |
\*---------------------------------------------------------------------------*/
FoamFile
{
    version     2.0;
    format      ascii;
    class       volVectorField;
    location    "0.00156";
    object      wallShearStress;
}
// * * * * * * * * * * * * * * * * * * * * * * * * * * * * * * * * * * * * * //

dimensions      [1 -1 -2 0 0 0 0];


internalField   uniform (0 0 0);

boundaryField
{
    inlet
    {
        type            calculated;
        value           nonuniform 0();
    }
    object
    {
        type            calculated;
        value           nonuniform List<vector> 
204
(
(-11.13419228 -31.50136763 -2.133286097e-16)
(-11.20829093 -31.53432647 4.49670861e-17)
(-11.27720404 -31.56015087 1.46933107e-16)
(-11.33606947 -31.57818975 6.919006166e-16)
(-11.38754801 -31.59977975 -2.746186523e-16)
(-11.4309687 -31.63279906 -9.131839986e-17)
(-11.47014152 -31.68230552 9.394816135e-17)
(-11.50700308 -31.74314984 1.010459416e-16)
(-11.54333027 -31.81104603 -3.044554401e-17)
(-11.58062069 -31.88325804 -1.625637506e-16)
(-11.61770264 -31.95852704 8.84397715e-16)
(-11.65558224 -32.03643091 1.729835042e-15)
(-11.69394243 -32.11642976 2.157844597e-15)
(-11.73282483 -32.19822372 1.641384784e-15)
(-11.77208975 -32.2816508 8.963952169e-16)
(-11.81173242 -32.3665797 5.818538149e-16)
(-11.85171811 -32.4528876 5.316057371e-17)
(-11.89201982 -32.54048177 8.353963087e-17)
(-11.93261529 -32.62928963 1.609709196e-16)
(-11.97348695 -32.71925778 2.154294259e-16)
(-12.01462158 -32.81034584 3.454554751e-17)
(-12.0560084 -32.90252201 1.525964076e-16)
(-12.09763726 -32.99575976 5.158874276e-16)
(-12.13949584 -33.0900383 6.466489014e-16)
(-12.18157531 -33.18534199 1.705599524e-16)
(-12.22387062 -33.28165969 1.171919178e-16)
(-12.26637932 -33.37898661 4.165108261e-17)
(-12.30910571 -33.47731854 1.483525607e-16)
(-12.3520478 -33.57666144 5.304117105e-16)
(-12.39518481 -33.67701695 2.769557072e-16)
(-12.438519 -33.77837641 -3.362142292e-17)
(-12.482057 -33.88074131 -5.773271694e-16)
(-12.5257934 -33.98412678 -3.201942105e-16)
(-12.56974321 -34.08854287 -2.221563242e-16)
(-12.6139059 -34.19401138 -1.021449053e-16)
(-12.65829001 -34.30055052 -1.249237813e-17)
(-12.70292001 -34.40818081 -7.66410816e-17)
(-12.74776967 -34.5169263 -5.386919016e-16)
(-12.7928292 -34.62678739 -1.852737189e-16)
(-12.83812648 -34.73776895 -3.471931645e-17)
(-12.88371005 -34.84989075 9.666928236e-17)
(-12.92954388 -34.96316887 -4.564959491e-17)
(-12.97567373 -35.07761656 3.983681459e-16)
(-13.02210952 -35.19330018 -2.439388861e-16)
(-13.06870981 -35.31019995 -6.166829172e-17)
(-13.11559745 -35.42822248 2.073449014e-19)
(-13.16289738 -35.54745116 3.257025705e-17)
(-13.21056543 -35.6679853 5.469264139e-16)
(-13.25853022 -35.78982752 2.087167364e-16)
(-13.30691048 -35.91293572 -2.496271321e-16)
(-13.35575185 -36.03743069 -4.812288563e-17)
(-13.40500199 -36.163301 -3.769368931e-16)
(-13.45453155 -36.29055963 -6.008978826e-17)
(-13.50455141 -36.41909388 1.934712257e-17)
(-13.55498604 -36.54923824 6.431517699e-17)
(-13.60591576 -36.68087374 1.264524711e-16)
(-13.65694364 -36.81404745 1.239545086e-16)
(-13.70862113 -36.94852867 4.969870179e-16)
(-13.76091285 -37.08482512 1.557789936e-16)
(-13.81368946 -37.22292925 1.13129124e-16)
(-13.8669284 -37.36271774 6.263149056e-17)
(-13.9211953 -37.50412927 7.294145339e-17)
(-13.97619045 -37.6476047 8.224622927e-17)
(-14.03197698 -37.7930355 -7.097560909e-17)
(-14.08840756 -37.94063973 2.206277207e-17)
(-14.14582687 -38.09026431 7.099247618e-17)
(-14.20383348 -38.24233503 4.1681713e-16)
(-14.26273361 -38.39665263 2.318637619e-16)
(-14.32258197 -38.55347825 1.22870246e-16)
(-14.38353544 -38.71302151 2.240354022e-16)
(-14.44573212 -38.87549377 1.425271905e-16)
(-14.50927505 -39.04127528 1.121309646e-16)
(-14.57390946 -39.21060932 8.977447167e-17)
(-14.63982024 -39.38342665 1.558809404e-16)
(-14.70724093 -39.5599169 1.102664964e-17)
(-14.77744561 -39.74042404 7.560475727e-17)
(-14.84997701 -39.92645463 4.713024959e-16)
(-14.92439599 -40.11810866 4.725878544e-16)
(-15.00104741 -40.3154549 2.160368313e-16)
(-15.08045869 -40.51904999 8.107050197e-17)
(-15.16288698 -40.72957632 1.266636227e-16)
(-15.24856289 -40.94767954 1.348912176e-16)
(-15.3377761 -41.17401858 7.080840689e-16)
(-15.43088702 -41.40934388 3.405304096e-16)
(-15.52833444 -41.65453424 1.688041377e-16)
(-15.63047048 -41.91065197 3.566585753e-16)
(-15.7375812 -42.17876889 1.570560551e-16)
(-15.84978898 -42.45968973 3.529317427e-17)
(-15.96902442 -42.75396244 -1.317478072e-17)
(-16.09530677 -43.06453229 -1.732336537e-16)
(-16.22876831 -43.39245636 -2.660065808e-16)
(-16.37061778 -43.73920065 -1.209890371e-16)
(-16.5219951 -44.10721594 -3.433916811e-16)
(-16.68533517 -44.4985807 -4.590195741e-16)
(-16.86121701 -44.9180161 -1.515067164e-16)
(-17.05063761 -45.36831701 -2.310960578e-17)
(-17.25752407 -45.85280989 4.78038832e-17)
(-17.48401969 -46.37872561 2.136769202e-16)
(-17.73611642 -46.95238125 1.913568051e-16)
(-18.01715395 -47.58555347 1.188247464e-16)
(-18.34041254 -48.28797413 1.792580541e-16)
(-18.71703943 -49.08450961 2.161117915e-16)
(-19.18571757 -49.99214236 2.665589423e-16)
(-19.84378027 -51.03799178 1.713509237e-16)
(-20.75979961 -52.04885616 1.964595911e-16)
(-21.64137445 -52.99971638 1.67894793e-16)
(-22.53607145 -53.83082914 1.408827339e-16)
(-23.4501816 -54.54090039 1.721116696e-16)
(-24.36881723 -55.13940381 1.534462896e-16)
(-25.29562586 -55.63829642 9.956330008e-17)
(-26.22710264 -56.06320622 6.648667586e-17)
(-27.16171662 -56.42196081 1.461430558e-16)
(-28.09465297 -56.72674138 -8.144815139e-17)
(-29.02092468 -56.98032663 5.855472392e-17)
(-29.9439379 -57.1806533 4.939100543e-17)
(-30.86712165 -57.33923913 1.816248658e-16)
(-31.78726832 -57.46279853 2.058670431e-16)
(-32.69922849 -57.55148688 1.721377521e-16)
(-33.601339 -57.59914181 1.772279875e-16)
(-34.50052833 -57.60535702 -1.057498025e-16)
(-35.40106619 -57.58690741 5.927464529e-17)
(-36.29429024 -57.54287914 1.226128065e-16)
(-37.1767756 -57.47159873 2.021415533e-16)
(-38.04683125 -57.36324994 1.065588207e-16)
(-38.91087271 -57.22754679 4.502295317e-17)
(-39.76612811 -57.05202951 6.638382152e-17)
(-40.65493652 -56.87218133 9.93808461e-17)
(-41.53222525 -56.6871634 1.735584076e-16)
(-42.3778655 -56.47342337 1.859076696e-16)
(-43.20591264 -56.22667915 7.802701117e-17)
(-44.02376758 -55.95258809 -3.055473313e-17)
(-44.83201531 -55.65502029 -6.808677193e-17)
(-45.62894446 -55.33735769 9.952990156e-19)
(-46.41159601 -54.99302558 4.686870894e-17)
(-47.18567099 -54.62913688 1.183806306e-16)
(-47.94644655 -54.24728122 2.059152219e-16)
(-48.69038552 -53.83887779 2.346421313e-16)
(-49.43089652 -53.4172008 2.817089759e-16)
(-50.1545522 -52.97641581 1.136742804e-16)
(-50.85956237 -52.51139312 1.622649594e-16)
(-51.55286226 -52.02751389 5.004657867e-17)
(-52.23424894 -51.52824504 9.379368284e-17)
(-52.90283963 -51.01724668 1.328824615e-16)
(-53.55345385 -50.48759383 1.488352177e-16)
(-54.18891775 -49.93800093 2.601319605e-16)
(-54.81139665 -49.37300058 2.689305664e-16)
(-55.4212063 -48.79590087 2.614670016e-16)
(-56.01634345 -48.20852806 1.574717105e-16)
(-56.59504673 -47.6063819 1.969628781e-17)
(-57.15820194 -46.99103519 1.92657246e-16)
(-57.70590182 -46.35917567 2.139281311e-16)
(-58.24216331 -45.71813629 7.853834295e-17)
(-58.76511978 -45.06916994 1.431674615e-16)
(-59.27259899 -44.41264221 1.432001312e-16)
(-59.76301352 -43.74257329 7.513959871e-18)
(-60.24013087 -43.06381291 4.295125125e-17)
(-60.70226635 -42.37699853 2.095621227e-16)
(-61.14928636 -41.67921661 2.227714674e-16)
(-61.58368179 -40.97542455 2.821466557e-16)
(-62.00333235 -40.26531494 2.062320969e-16)
(-62.40862026 -39.54734067 2.029237483e-16)
(-62.80066058 -38.82468035 2.452850338e-16)
(-63.17798632 -38.0937632 1.517511139e-16)
(-63.54285972 -37.359412 2.054035241e-16)
(-63.89359161 -36.61763686 2.125050038e-16)
(-64.2329969 -35.87372486 1.832295932e-16)
(-64.55843376 -35.12787605 1.183355489e-16)
(-64.86885831 -34.3735898 9.98816669e-17)
(-65.16895778 -33.61841397 1.028532744e-16)
(-65.45562962 -32.86242226 2.393540904e-16)
(-65.72792122 -32.09951703 1.583066864e-16)
(-65.99025632 -31.33663814 1.348356688e-16)
(-66.23994431 -30.57310725 1.205415377e-16)
(-66.4760619 -29.80584274 1.501072585e-16)
(-66.70103934 -29.03635899 1.369062583e-16)
(-66.91562515 -28.26749779 1.111509125e-16)
(-67.11876931 -27.49965974 2.004901752e-16)
(-67.30923813 -26.73005737 1.531075633e-16)
(-67.48861039 -25.95853703 1.40655918e-16)
(-67.65780252 -25.18877242 9.93037816e-17)
(-67.81526603 -24.41757175 9.644009488e-17)
(-67.96283848 -23.64791089 1.021606139e-16)
(-68.09948112 -22.87797516 1.044988421e-16)
(-68.22626552 -22.10998407 7.436792449e-17)
(-68.34225159 -21.34193217 9.045768118e-17)
(-68.4488523 -20.57548323 1.047737856e-16)
(-68.54561232 -19.81045846 8.055723473e-17)
(-68.63268772 -19.04743697 6.152973559e-17)
(-68.71014962 -18.28554785 -2.270568781e-17)
(-68.77875289 -17.52570698 -1.624941793e-17)
(-68.83828991 -16.76793376 -4.810756184e-18)
(-68.88884638 -16.0125434 -9.556773362e-18)
(-68.93044248 -15.25926746 -3.10123387e-18)
(-68.9634774 -14.50838038 3.650933354e-17)
(-68.98813399 -13.75984281 4.65197864e-17)
(-69.00468047 -13.0141112 5.335624089e-17)
(-69.01311286 -12.27108709 3.705970792e-17)
(-69.01371067 -11.5310774 1.449926699e-17)
(-69.00658117 -10.79393495 9.460516638e-18)
(-68.9920467 -10.060042 1.946081445e-17)
(-68.97013486 -9.329214551 4.350368446e-17)
(-68.94117506 -8.601860513 4.156399522e-17)
(-68.90568093 -7.877777019 5.998790945e-17)
(-69.1000166 -7.228992228 5.638460929e-17)
)
;
    }
    outlet
    {
        type            calculated;
        value           uniform (0 0 0);
    }
    front
    {
        type            wedge;
    }
    back
    {
        type            wedge;
    }
    procBoundary3to1
    {
        type            processor;
        value           uniform (0 0 0);
    }
    procBoundary3to2
    {
        type            processor;
        value           uniform (0 0 0);
    }
}


// ************************************************************************* //
