/*--------------------------------*- C++ -*----------------------------------*\
| =========                 |                                                 |
| \\      /  F ield         | OpenFOAM: The Open Source CFD Toolbox           |
|  \\    /   O peration     | Version:  v1706                                 |
|   \\  /    A nd           | Web:      www.OpenFOAM.com                      |
|    \\/     M anipulation  |                                                 |
\*---------------------------------------------------------------------------*/
FoamFile
{
    version     2.0;
    format      ascii;
    class       volVectorField;
    location    "0.00256";
    object      wallShearStress;
}
// * * * * * * * * * * * * * * * * * * * * * * * * * * * * * * * * * * * * * //

dimensions      [1 -1 -2 0 0 0 0];


internalField   uniform (0 0 0);

boundaryField
{
    inlet
    {
        type            calculated;
        value           uniform (0 0 0);
    }
    object
    {
        type            calculated;
        value           nonuniform List<vector> 
300
(
(-1.248207585 -0.7950003452 5.191084004e-15)
(-1.186186452 -1.297561158 -1.709487559e-15)
(-1.203421105 -2.008120258 -1.547356076e-14)
(-1.223411883 -2.750234702 -3.641118912e-15)
(-1.249641071 -3.499849227 -6.422090757e-15)
(-1.282427391 -4.249573272 -2.257090833e-14)
(-1.321922996 -4.995979379 -3.242023245e-14)
(-1.368290798 -5.737155734 -3.190682112e-14)
(-1.421703994 -6.472011202 -1.838553536e-14)
(-1.482331084 -7.200008133 -1.733003414e-14)
(-1.550323416 -7.921022226 -1.546528338e-14)
(-1.625806592 -8.635244347 -8.810906904e-15)
(-1.708874956 -9.343096965 -6.549450182e-15)
(-1.799588442 -10.0451575 -9.905055726e-15)
(-1.89797129 -10.74208629 -1.20162571e-14)
(-2.004012584 -11.43456116 -1.125456355e-14)
(-2.117668705 -12.12322 -1.156793348e-14)
(-2.238867959 -12.80861494 -1.101468847e-14)
(-2.367517389 -13.49118061 -1.138665464e-14)
(-2.503511369 -14.17121806 -1.199289592e-14)
(-2.646741177 -14.84889576 -1.167110903e-14)
(-2.7971043 -15.52426518 -8.859061948e-15)
(-2.954512377 -16.19728837 -5.128685466e-15)
(-3.11889684 -16.86787226 -6.467836783e-15)
(-3.2902118 -17.53590427 -7.572795445e-15)
(-3.468434317 -18.20128526 -1.050215125e-14)
(-3.653562151 -18.86395485 -1.307396363e-14)
(-3.845609654 -19.52390763 -1.174409365e-14)
(-4.044602314 -20.18119903 -1.055505781e-14)
(-4.250570547 -20.83594088 -1.203188147e-14)
(-4.463543522 -21.48828854 -1.770274304e-14)
(-4.683543644 -22.13842171 -1.675181568e-14)
(-4.91058257 -22.78652243 -1.875992713e-14)
(-5.144659194 -23.4327533 -1.593042282e-14)
(-5.385760095 -24.07724035 -1.455662247e-14)
(-5.633862021 -24.72006223 -1.529374129e-14)
(-5.88893597 -25.36124811 -1.381127322e-14)
(-6.150951675 -26.0007832 -1.434262795e-14)
(-6.419881509 -26.63861978 -1.649667253e-14)
(-6.695703199 -27.27469154 -1.595053376e-14)
(-6.978400634 -27.90892663 -1.565165408e-14)
(-7.267963056 -28.54125828 -1.441641331e-14)
(-7.564382504 -29.17162965 -1.381038588e-14)
(-7.867650319 -29.79999345 -1.173869093e-14)
(-8.17775341 -30.42630644 -1.086835927e-14)
(-8.494671058 -31.05052024 -1.037492843e-14)
(-8.818373402 -31.67257184 -1.121577779e-14)
(-9.148822167 -32.29237683 -1.054731306e-14)
(-9.485973034 -32.90982534 -1.103168013e-14)
(-9.829780712 -33.52478865 -1.36093399e-14)
(-10.18020299 -34.13712627 -1.572251863e-14)
(-10.53720556 -34.74670258 -1.248270996e-14)
(-10.90076312 -35.35339713 -1.198188857e-14)
(-11.27085886 -35.95711475 -9.640133865e-15)
(-11.64748105 -36.55778832 -8.941149359e-15)
(-12.03061813 -37.15537451 -9.154340163e-15)
(-12.42025224 -37.74984011 -8.131522131e-15)
(-12.81635517 -38.34114979 -7.660338211e-15)
(-13.21888533 -38.92924899 -6.00084802e-15)
(-13.62778984 -39.51405659 -6.722194464e-15)
(-14.04300808 -40.09545956 -5.56933132e-15)
(-14.46447971 -40.67332464 -5.41197254e-15)
(-14.89215134 -41.24751373 -4.146384634e-15)
(-15.32598149 -41.81790205 -3.716932899e-15)
(-15.76594171 -42.38439403 -3.132783041e-15)
(-16.21201132 -42.94692562 -3.558645955e-15)
(-16.66417111 -43.50546273 -4.537017066e-15)
(-17.12239268 -44.05998125 -5.273858991e-15)
(-17.58662962 -44.61044258 -3.942368225e-15)
(-18.05681835 -45.15678296 -2.983290692e-15)
(-18.53287774 -45.69889078 -2.048089095e-15)
(-19.01472187 -46.23661828 -2.269166362e-15)
(-19.50227501 -46.76980563 -1.321922857e-15)
(-19.99548374 -47.29831133 -7.069939412e-16)
(-20.49432571 -47.82204793 -3.824508476e-16)
(-20.99880403 -48.34099253 -9.283233619e-16)
(-21.50893587 -48.85518871 -2.562744485e-15)
(-22.02473114 -49.36471757 -2.575612944e-15)
(-22.54617015 -49.86964987 -2.967437358e-15)
(-23.07318676 -50.36999168 -3.579150414e-15)
(-23.60566567 -50.86564708 -2.727449302e-15)
(-24.14346464 -51.35642871 -2.321048846e-15)
(-24.68643842 -51.84207988 -2.56603048e-15)
(-25.23447253 -52.32234528 -2.480861025e-15)
(-25.7875071 -52.79704228 -2.022143544e-15)
(-26.34553705 -53.26610068 -1.557862569e-15)
(-26.90859692 -53.72957691 -1.121720906e-15)
(-27.47671983 -54.18759964 -1.674850439e-16)
(-28.04989404 -54.64028628 6.925702992e-16)
(-28.62803592 -55.08766156 3.830338285e-16)
(-29.21098614 -55.52960072 1.340817809e-15)
(-29.79853729 -55.9658372 2.017614622e-15)
(-30.39048038 -56.3960267 1.477871597e-15)
(-30.98665135 -56.81984477 8.260400453e-16)
(-31.5869611 -57.23707821 1.378297635e-15)
(-32.19139257 -57.64766451 9.416105918e-16)
(-32.79997838 -58.05168366 5.354114321e-16)
(-33.41275386 -58.44928393 3.133796205e-16)
(-34.02972022 -58.8406023 -9.908429054e-17)
(-34.65082862 -59.22570455 -6.298050669e-16)
(-35.27597513 -59.60455046 -1.63292803e-15)
(-35.90501749 -59.97701385 -1.001592288e-15)
(-36.53778617 -60.34290171 -1.905631973e-15)
(-37.17410721 -60.70199195 -1.249533686e-15)
(-37.81382219 -61.05406644 -1.74855757e-15)
(-38.45682071 -61.39897184 -1.512081575e-15)
(-39.10305644 -61.7366552 -9.706376169e-16)
(-39.75254458 -62.06717716 -4.050096435e-16)
(-40.40534584 -62.39070443 -2.942540365e-16)
(-41.06152026 -62.70744216 -1.017811231e-16)
(-41.7210691 -63.01754297 7.188683863e-16)
(-42.38390479 -63.32103615 1.000738416e-15)
(-43.04982427 -63.61775899 -9.621122919e-17)
(-43.71856253 -63.90740656 -3.332949134e-16)
(-44.3898468 -64.18961313 -5.052381815e-16)
(-45.06350471 -64.46411577 -7.438443568e-16)
(-45.739522 -64.73088732 -5.76915607e-17)
(-46.41803277 -64.99016512 -4.944793799e-16)
(-47.09921208 -65.24231232 -1.658621274e-15)
(-47.78318814 -65.48766347 -2.048965939e-15)
(-48.46995459 -65.72636185 -1.626619639e-15)
(-49.15939844 -65.95835585 -1.722325991e-15)
(-49.85138127 -66.18349119 -1.769079685e-15)
(-50.54585563 -66.40178283 -2.851011317e-15)
(-51.24272569 -66.61304901 -1.318957913e-15)
(-51.94246972 -66.81780939 -1.101929485e-15)
(-52.64677158 -67.01675263 -2.588214295e-16)
(-53.36402979 -67.22162102 -1.177479119e-15)
(-54.07796389 -67.41291972 -1.332652395e-15)
(-54.78040967 -67.58168529 -1.780467383e-15)
(-55.48247136 -67.73991784 -1.578287309e-15)
(-56.18555707 -67.89060716 -1.435481133e-15)
(-56.89014638 -68.03434025 -1.585363147e-15)
(-57.59632114 -68.17114424 -2.391193352e-15)
(-58.30398345 -68.30088394 -3.438371471e-15)
(-59.01302362 -68.42345414 -2.9333384e-15)
(-59.72329538 -68.53873883 -2.364354086e-15)
(-60.43467436 -68.64665868 -2.170848787e-15)
(-61.14702419 -68.74713034 -1.277162992e-15)
(-61.86021121 -68.84007952 -1.189670303e-15)
(-62.5741228 -68.92545809 -1.212354637e-15)
(-63.28864016 -69.0032138 -1.315805936e-15)
(-64.00364302 -69.07329851 -9.055323606e-16)
(-64.71902974 -69.1356849 -2.648985306e-16)
(-65.43469439 -69.19034211 -2.506198747e-16)
(-66.15052896 -69.2372409 -6.092148718e-16)
(-66.86642998 -69.27636041 -1.011115814e-16)
(-67.58230719 -69.30769428 1.403986514e-16)
(-68.29806235 -69.33122805 -2.344944456e-16)
(-69.01359844 -69.34695193 -3.364343554e-16)
(-69.72883848 -69.35487714 -6.121179524e-16)
(-70.44368394 -69.3549955 -8.23450028e-16)
(-71.15806219 -69.34732534 -8.292089652e-16)
(-71.87188386 -69.33186861 -8.222932944e-16)
(-72.58507657 -69.30864712 -8.618248238e-16)
(-73.29756653 -69.27768012 -8.533346982e-16)
(-74.00927156 -69.23897821 -1.268262935e-15)
(-74.72011912 -69.1925626 -1.010594003e-15)
(-75.43003023 -69.13844809 -1.113168067e-15)
(-76.13892125 -69.07664593 -1.272158745e-15)
(-76.84671639 -69.00717428 -1.278170808e-15)
(-77.55333425 -68.93004427 -1.523970759e-15)
(-78.25867307 -68.84525092 -1.516174857e-15)
(-78.96266638 -68.75282408 -1.40615253e-15)
(-79.66522016 -68.65276535 -1.060126856e-15)
(-80.36624707 -68.54508838 -7.128240387e-16)
(-81.06567132 -68.42981582 -4.92118025e-16)
(-81.76340592 -68.3069612 -6.419137986e-16)
(-82.4593708 -68.17654752 -1.204109885e-15)
(-83.15349203 -68.03860044 -8.881616214e-16)
(-83.8456964 -67.89315132 -1.2069219e-15)
(-84.53591078 -67.74022973 -1.577675394e-15)
(-85.22406248 -67.57986641 -1.781508581e-15)
(-85.91008958 -67.41209879 -1.009614904e-15)
(-86.59390867 -67.23694644 -1.091452526e-15)
(-87.27545284 -67.05444468 -1.31987579e-15)
(-87.95465649 -66.86463093 -9.54320643e-16)
(-88.63144127 -66.66753087 -1.123642691e-15)
(-89.3057323 -66.46316972 -1.369070829e-15)
(-89.97746042 -66.25158213 -1.515329354e-15)
(-90.64654295 -66.03279083 -1.557330107e-15)
(-91.31290612 -65.80682425 -1.49844827e-15)
(-91.97648386 -65.57372143 -1.711539403e-15)
(-92.63719297 -65.33350494 -1.938065421e-15)
(-93.29495608 -65.08620545 -1.8945219e-15)
(-93.94970426 -64.83186076 -1.909687367e-15)
(-94.60136188 -64.5705045 -1.629633922e-15)
(-95.24986691 -64.30218088 -1.088178e-15)
(-95.89514741 -64.02692934 -8.262257073e-16)
(-96.53713134 -63.74479238 -8.852851659e-16)
(-97.17575725 -63.45581227 -4.46581627e-16)
(-97.81096806 -63.16003516 -9.118436074e-16)
(-98.44269058 -62.85749825 -1.124594478e-15)
(-99.07087275 -62.54825315 -8.949793692e-16)
(-99.69546248 -62.2323531 -1.000965151e-15)
(-100.3163927 -61.90983796 -1.324405051e-15)
(-100.9336109 -61.58076126 -1.533673463e-15)
(-101.5470597 -61.24516964 -1.855183687e-15)
(-102.1566869 -60.90314265 -1.991697787e-15)
(-102.7657299 -60.56926807 -1.985510161e-15)
(-103.5518836 -60.11481393 -2.168047876e-15)
(-103.9778836 -59.87688239 -1.955115788e-15)
(-104.210204 -59.8236412 -2.464189604e-15)
(-104.364915 -59.85952873 -2.424849632e-15)
(-104.4886488 -59.92550221 -2.907515094e-15)
(-104.5997947 -59.9970465 -3.330171452e-15)
(-104.7051524 -60.06643215 -3.450166797e-15)
(-104.8071799 -60.13233379 -2.949681645e-15)
(-104.9068583 -60.19528151 -2.887693605e-15)
(-105.0046751 -60.25603722 -2.729852054e-15)
(-105.1009338 -60.31517665 -2.852670979e-15)
(-105.1958631 -60.37307882 -2.619555922e-15)
(-105.289635 -60.4299827 -3.218224651e-15)
(-105.382387 -60.48604598 -2.83678487e-15)
(-105.4742001 -60.54136093 -3.291363202e-15)
(-105.5651352 -60.59599419 -3.467384591e-15)
(-105.6552396 -60.6499956 -2.850019788e-15)
(-105.744552 -60.70340704 -3.09663481e-15)
(-105.8330947 -60.75625683 -2.650293987e-15)
(-105.9208729 -60.80855867 -2.879719081e-15)
(-106.0078997 -60.86033047 -2.89587485e-15)
(-106.0941769 -60.9115818 -2.922390735e-15)
(-106.1797155 -60.96232884 -2.748122194e-15)
(-106.2645208 -61.01258363 -2.636405285e-15)
(-106.3485901 -61.06235154 -2.540397547e-15)
(-106.4319368 -61.11164873 -2.706669754e-15)
(-106.5145697 -61.16048792 -2.520947883e-15)
(-106.5965113 -61.20889112 -2.44033517e-15)
(-106.6777801 -61.25687627 -2.283288346e-15)
(-106.7583847 -61.30445148 -2.409897901e-15)
(-106.8383408 -61.351627 -2.103578106e-15)
(-106.9176584 -61.39840832 -1.971143034e-15)
(-106.9963474 -61.44479623 -2.237308313e-15)
(-107.0743809 -61.49076404 -2.009326686e-15)
(-107.15172 -61.53627544 -2.341915738e-15)
(-107.2283111 -61.58128148 -2.032316199e-15)
(-107.3040846 -61.62572342 -2.235037073e-15)
(-107.3789424 -61.66952468 -2.166274181e-15)
(-107.4527571 -61.7125897 -2.189997567e-15)
(-107.5253977 -61.75482468 -2.06042593e-15)
(-107.5967133 -61.7961275 -2.227348707e-15)
(-107.6665586 -61.83640628 -2.439433746e-15)
(-107.7347831 -61.87557225 -2.397374702e-15)
(-107.8012353 -61.91354092 -2.239412352e-15)
(-107.8657935 -61.95025349 -2.211127956e-15)
(-107.9283497 -61.98566558 -2.085577126e-15)
(-107.9888346 -62.01976314 -2.090391917e-15)
(-108.0472043 -62.0525511 -2.045385901e-15)
(-108.1034385 -62.08404931 -1.923784284e-15)
(-108.1575615 -62.11430565 -1.675477528e-15)
(-108.2096315 -62.14338942 -1.443658042e-15)
(-108.2597469 -62.17139094 -1.939898335e-15)
(-108.3080096 -62.19839709 -1.90649637e-15)
(-108.3545489 -62.22450727 -2.217849073e-15)
(-108.3995146 -62.24982705 -2.153228303e-15)
(-108.4430727 -62.27446707 -2.114439366e-15)
(-108.4853856 -62.29852992 -2.093345006e-15)
(-108.5266046 -62.32210356 -2.192380204e-15)
(-108.5668876 -62.34527614 -2.114816775e-15)
(-108.6063738 -62.36811977 -1.984502658e-15)
(-108.6451995 -62.39070322 -1.83587902e-15)
(-108.6834787 -62.41307915 -1.687119451e-15)
(-108.7212982 -62.43528059 -1.557047133e-15)
(-108.7587411 -62.45733865 -1.558750982e-15)
(-108.7958644 -62.47926879 -1.942387906e-15)
(-108.8327201 -62.50108558 -1.972454041e-15)
(-108.8693378 -62.52279156 -2.099988296e-15)
(-108.9057238 -62.54437464 -1.920907777e-15)
(-108.9418825 -62.56582413 -2.605973481e-15)
(-108.9778092 -62.58712769 -2.364391104e-15)
(-109.0135009 -62.60827549 -2.549935105e-15)
(-109.0489257 -62.62924041 -2.398742375e-15)
(-109.0840528 -62.64999912 -2.664111528e-15)
(-109.1188538 -62.67053059 -2.534081814e-15)
(-109.1533048 -62.69081948 -2.633183864e-15)
(-109.187374 -62.71084699 -2.65581439e-15)
(-109.2210201 -62.73058742 -2.470060829e-15)
(-109.2542164 -62.75002566 -2.524327092e-15)
(-109.286929 -62.76914262 -2.252535221e-15)
(-109.319137 -62.78792897 -2.419115793e-15)
(-109.3508147 -62.80637278 -2.433341724e-15)
(-109.3819292 -62.82445563 -2.415190615e-15)
(-109.4124632 -62.84216985 -2.638952885e-15)
(-109.4423936 -62.85950366 -2.079164273e-15)
(-109.4717103 -62.8764548 -1.981514063e-15)
(-109.5003989 -62.89301795 -1.90166194e-15)
(-109.528437 -62.90918073 -2.035813699e-15)
(-109.555814 -62.92493837 -1.809774155e-15)
(-109.5825224 -62.94028942 -1.74985163e-15)
(-109.6085657 -62.95523868 -1.511609905e-15)
(-109.6339266 -62.96977626 -1.627152316e-15)
(-109.6585951 -62.98389783 -1.930006796e-15)
(-109.682568 -62.99760239 -1.697003249e-15)
(-109.7058499 -63.01089502 -1.82405734e-15)
(-109.7284396 -63.02377725 -1.935180005e-15)
(-109.7503271 -63.03624312 -1.748754345e-15)
(-109.7715174 -63.04829661 -1.972892595e-15)
(-109.7920078 -63.05993674 -1.918685015e-15)
(-109.8118031 -63.07117616 -2.100801027e-15)
(-109.8303308 -63.08275442 -2.024728474e-15)
)
;
    }
    outlet
    {
        type            calculated;
        value           uniform (0 0 0);
    }
    front
    {
        type            wedge;
    }
    back
    {
        type            wedge;
    }
}


// ************************************************************************* //
