/*--------------------------------*- C++ -*----------------------------------*\
| =========                 |                                                 |
| \\      /  F ield         | OpenFOAM: The Open Source CFD Toolbox           |
|  \\    /   O peration     | Version:  v1706                                 |
|   \\  /    A nd           | Web:      www.OpenFOAM.com                      |
|    \\/     M anipulation  |                                                 |
\*---------------------------------------------------------------------------*/
FoamFile
{
    version     2.0;
    format      ascii;
    class       volVectorField;
    location    "0.00156";
    object      wallShearStress;
}
// * * * * * * * * * * * * * * * * * * * * * * * * * * * * * * * * * * * * * //

dimensions      [1 -1 -2 0 0 0 0];


internalField   uniform (0 0 0);

boundaryField
{
    inlet
    {
        type            calculated;
        value           nonuniform 0();
    }
    object
    {
        type            calculated;
        value           nonuniform List<vector> 
196
(
(-0.1201527746 -0.2111051245 -6.357257977e-15)
(-0.1007324618 -0.356679259 -1.517305485e-14)
(-0.1043352463 -0.5597237033 -5.45145123e-14)
(-0.1067108165 -0.7703952905 -3.20662091e-14)
(-0.1095103797 -0.9835763767 -2.657794194e-14)
(-0.1127956088 -1.197672702 1.542101113e-14)
(-0.1165940325 -1.411975555 3.048165047e-14)
(-0.1209254927 -1.626086637 3.059191138e-14)
(-0.1258071891 -1.839746658 3.542689293e-14)
(-0.1312523564 -2.052774146 1.830090413e-14)
(-0.1372688504 -2.265012959 1.751654147e-14)
(-0.1438770343 -2.476355905 2.172414078e-15)
(-0.1510792445 -2.686721013 -4.441450049e-15)
(-0.1588962318 -2.89604617 4.57580308e-16)
(-0.1673204597 -3.104278932 -3.079588594e-16)
(-0.1763743024 -3.311378163 -8.887723576e-16)
(-0.1860600578 -3.51733129 -6.174105208e-15)
(-0.1963887484 -3.72212837 -1.398821017e-14)
(-0.207363794 -3.925770099 -2.148084003e-14)
(-0.2189939067 -4.128261223 -2.254252415e-14)
(-0.2312828625 -4.329620548 -2.737694104e-14)
(-0.2442346619 -4.529867115 -2.593875607e-14)
(-0.2578535185 -4.72902418 -1.712799851e-14)
(-0.2721428612 -4.927117366 -9.920122494e-15)
(-0.2871058992 -5.124173546 -2.848208018e-15)
(-0.3027448516 -5.320220228 -1.91817696e-16)
(-0.3190610402 -5.515284139 2.341307594e-17)
(-0.3360553562 -5.709391296 3.772430785e-17)
(-0.3537274149 -5.902566621 -4.996302098e-17)
(-0.3720759652 -6.09483344 -2.331757349e-15)
(-0.3910988943 -6.286213898 -6.380433641e-19)
(-0.4107930155 -6.476729124 1.581264371e-15)
(-0.4311540661 -6.666399286 9.129832666e-16)
(-0.4521771159 -6.855243976 -4.613755557e-16)
(-0.4738564346 -7.043283245 -2.931706857e-15)
(-0.496184963 -7.230537188 -2.039570539e-16)
(-0.5191553632 -7.417026403 -3.945802993e-18)
(-0.5427598567 -7.602772994 5.044839154e-17)
(-0.5669900285 -7.787799926 5.054073905e-16)
(-0.5918372013 -7.972131514 4.01215929e-15)
(-0.6172931778 -8.155793514 7.035189939e-16)
(-0.643349354 -8.338813163 5.066819269e-17)
(-0.6699984647 -8.521219026 -6.222419158e-17)
(-0.6972309493 -8.703040674 8.492710947e-17)
(-0.7250337862 -8.884304504 2.374487622e-15)
(-0.7534087715 -9.06504067 1.54056093e-15)
(-0.782346182 -9.245279068 4.295478556e-16)
(-0.8118417245 -9.425049404 1.32463363e-15)
(-0.8418782024 -9.604375859 -2.722768039e-16)
(-0.8724678948 -9.783285373 -1.383906249e-17)
(-0.9035921062 -9.961806224 5.240499295e-17)
(-0.9352690628 -10.13996044 8.460190561e-16)
(-0.9674730346 -10.31777702 1.823527068e-15)
(-1.000233572 -10.49527261 1.664951325e-15)
(-1.033516942 -10.67247611 4.051950851e-15)
(-1.067360908 -10.84939751 1.486804559e-15)
(-1.101728 -11.02606765 1.828918883e-17)
(-1.136663607 -11.2024943 -2.751687141e-15)
(-1.172122656 -11.37870471 -1.981615288e-15)
(-1.208163322 -11.55470264 -6.040108149e-16)
(-1.244728133 -11.73051723 -3.155253748e-17)
(-1.281891895 -11.9061461 1.254691751e-16)
(-1.319581558 -12.08162317 1.744928465e-16)
(-1.357886552 -12.25693585 -5.212897237e-16)
(-1.396731718 -12.43212514 1.59409061e-17)
(-1.436202086 -12.6071773 -8.133654597e-16)
(-1.47622133 -12.78212575 -2.17781174e-15)
(-1.516881866 -12.95695778 -1.254384035e-15)
(-1.558096015 -13.13170395 -4.480138887e-16)
(-1.599966526 -13.30634538 -1.754402503e-16)
(-1.642401802 -13.48091557 -6.822959674e-16)
(-1.685495443 -13.65538472 -6.736549672e-16)
(-1.729169575 -13.82978867 4.734041482e-17)
(-1.773493916 -14.00409549 -3.196082524e-17)
(-1.818413367 -14.17832997 4.675439242e-17)
(-1.863976296 -14.3524658 -7.472664644e-16)
(-1.91015165 -14.52652807 1.167641072e-15)
(-1.956949976 -14.70049007 -8.24724317e-17)
(-2.004366144 -14.87435655 4.818835837e-16)
(-2.052400999 -15.04811236 1.561863413e-16)
(-2.101053182 -15.2217558 9.103206257e-16)
(-2.150318236 -15.39527475 6.574881488e-16)
(-2.200194353 -15.56866117 6.171023407e-17)
(-2.250681427 -15.7419021 1.204428699e-17)
(-2.301773159 -15.91498514 1.397654232e-16)
(-2.35347724 -16.08789406 1.122646228e-15)
(-2.405786905 -16.26062005 -1.247136912e-17)
(-2.458704372 -16.43314428 -3.611073947e-17)
(-2.512212865 -16.60544604 -5.385380701e-17)
(-2.566341628 -16.77750381 -1.153619394e-16)
(-2.621052401 -16.94930817 3.621079045e-16)
(-2.676386081 -17.1208194 -2.979038687e-16)
(-2.732314664 -17.292053 -3.492041177e-16)
(-2.788831537 -17.46295076 -4.839403976e-16)
(-2.845948039 -17.63350171 -1.718433397e-15)
(-2.903668467 -17.80371005 -1.733805335e-17)
(-2.961938852 -17.9735361 -6.47051742e-16)
(-3.02083093 -18.14294781 2.130698397e-16)
(-3.080258143 -18.31198605 1.028635371e-16)
(-3.14028587 -18.48057339 8.202230264e-18)
(-3.200837178 -18.64876241 -5.836535307e-17)
(-3.261976487 -18.81648417 -2.47506341e-16)
(-3.323635052 -18.98377375 8.049147003e-17)
(-3.385875783 -19.15058579 5.984305774e-17)
(-3.448645685 -19.31697245 -7.870785612e-16)
(-3.511952815 -19.48289843 -1.922027717e-16)
(-3.575814444 -19.64840207 -2.848729265e-16)
(-3.640178385 -19.81350309 -1.445329468e-16)
(-3.70510392 -19.978179 1.210017486e-15)
(-3.77056623 -20.14249141 1.358853258e-15)
(-3.836558381 -20.30643017 1.680217239e-15)
(-3.903131202 -20.47002086 2.28922553e-15)
(-3.970202182 -20.63331564 5.725750645e-16)
(-4.037882482 -20.79626757 -9.546144089e-16)
(-4.106128785 -20.95898766 -1.453306787e-15)
(-4.174895442 -21.12143998 -2.218772132e-15)
(-4.24431134 -21.28362467 -3.019185818e-15)
(-4.314264211 -21.44561383 -1.521412916e-15)
(-4.384865948 -21.60735193 2.769799691e-16)
(-4.456032139 -21.76891048 2.422166899e-16)
(-4.527791864 -21.93022008 6.249968172e-17)
(-4.600159082 -22.09127946 5.650396033e-17)
(-4.673156751 -22.25209269 8.798940008e-17)
(-4.746713854 -22.41265774 1.120190727e-16)
(-4.820795815 -22.57287362 7.455963559e-16)
(-4.895539402 -22.73268819 2.360915355e-16)
(-4.970814652 -22.89216795 -2.730380577e-16)
(-5.046627891 -23.05117989 -1.413954102e-15)
(-5.123017608 -23.20968381 -1.05222414e-15)
(-5.199919208 -23.36768611 7.171215947e-17)
(-5.277343718 -23.52510631 -2.687195276e-16)
(-5.355311788 -23.68192784 -4.396855373e-17)
(-5.43374234 -23.83814561 1.717399796e-16)
(-5.512715682 -23.99370788 1.376164137e-16)
(-5.592114948 -24.14863192 8.055798101e-17)
(-5.672099663 -24.30285031 -6.856818893e-17)
(-5.752537929 -24.45648775 -4.944819286e-17)
(-5.83351656 -24.6094544 -2.32431017e-16)
(-5.915001462 -24.76180971 -2.146771418e-16)
(-5.997090797 -24.91355021 1.048313361e-17)
(-6.079660376 -25.06481779 6.080114795e-16)
(-6.162695063 -25.21546457 3.128665328e-16)
(-6.246440552 -25.36549495 -9.739668378e-18)
(-6.330727454 -25.51511561 4.752555845e-17)
(-6.41561042 -25.66420598 -6.503295965e-16)
(-6.501043516 -25.8127967 -1.105280722e-16)
(-6.587142653 -25.96085946 3.748062585e-17)
(-6.673788236 -26.1084864 2.840826872e-17)
(-6.761082852 -26.25557822 1.033241382e-16)
(-6.848911767 -26.40217525 -2.957814854e-16)
(-6.937354379 -26.54816478 8.111911064e-17)
(-7.026332393 -26.69359746 3.512265269e-18)
(-7.115873432 -26.83836446 -6.246215083e-16)
(-7.205892793 -26.98245072 -5.134736757e-16)
(-7.296431127 -27.12573695 -8.871490644e-16)
(-7.387402311 -27.26822232 -1.811940579e-16)
(-7.478807597 -27.40978289 -3.123379585e-17)
(-7.570561125 -27.55036091 -6.852971891e-16)
(-7.662715672 -27.68982269 -3.503673011e-16)
(-7.755177284 -27.82818508 -1.83344262e-16)
(-7.847864388 -27.96529456 7.365166778e-17)
(-7.940844087 -28.10103222 8.328796437e-16)
(-8.03407024 -28.23540292 2.493535515e-16)
(-8.127507727 -28.368343 9.446348246e-17)
(-8.221063472 -28.49977533 9.233304224e-16)
(-8.314824051 -28.62957193 2.296988431e-16)
(-8.408713242 -28.75776171 1.042269941e-16)
(-8.502796544 -28.88422747 9.346818914e-16)
(-8.596990401 -29.00904764 1.281659516e-15)
(-8.691288393 -29.13208363 1.718131328e-15)
(-8.785617896 -29.25328688 1.74101547e-15)
(-8.880088556 -29.37253695 9.861143934e-16)
(-8.974635164 -29.48994317 8.926812018e-16)
(-9.069265993 -29.60537014 3.810637071e-16)
(-9.163940641 -29.71886732 5.222069658e-17)
(-9.258538397 -29.83029572 -3.627454883e-17)
(-9.353126578 -29.93952275 -6.622821929e-16)
(-9.44766951 -30.04660415 -8.264081637e-16)
(-9.542019173 -30.15139923 -3.421163658e-16)
(-9.636175128 -30.2537489 9.822014546e-18)
(-9.730082909 -30.35360876 1.8191071e-16)
(-9.823704811 -30.45085445 1.505383535e-17)
(-9.916927062 -30.54541077 -8.404937954e-17)
(-10.00970173 -30.63709002 8.236812698e-17)
(-10.1019264 -30.72581219 4.52449538e-17)
(-10.19352636 -30.81136775 6.66051843e-16)
(-10.28447905 -30.89366031 4.670073491e-16)
(-10.37464017 -30.97256317 1.83528124e-16)
(-10.46397109 -31.04787529 1.552044629e-16)
(-10.55238602 -31.11953827 -1.46069128e-16)
(-10.63981375 -31.18736846 -3.395600842e-16)
(-10.72612889 -31.25125707 -1.139481686e-16)
(-10.81120288 -31.31094571 -8.927145739e-17)
(-10.89484335 -31.36621261 -4.662369695e-16)
(-10.97681062 -31.41667423 -2.465904015e-17)
(-11.05675958 -31.46192456 -6.864077997e-17)
)
;
    }
    outlet
    {
        type            calculated;
        value           nonuniform 0();
    }
    front
    {
        type            wedge;
    }
    back
    {
        type            wedge;
    }
    procBoundary1to0
    {
        type            processor;
        value           uniform (0 0 0);
    }
    procBoundary1to2
    {
        type            processor;
        value           uniform (0 0 0);
    }
    procBoundary1to3
    {
        type            processor;
        value           uniform (0 0 0);
    }
}


// ************************************************************************* //
