/*--------------------------------*- C++ -*----------------------------------*\
| =========                 |                                                 |
| \\      /  F ield         | OpenFOAM: The Open Source CFD Toolbox           |
|  \\    /   O peration     | Version:  v1706                                 |
|   \\  /    A nd           | Web:      www.OpenFOAM.com                      |
|    \\/     M anipulation  |                                                 |
\*---------------------------------------------------------------------------*/
FoamFile
{
    version     2.0;
    format      ascii;
    class       volVectorField;
    location    "0.00224";
    object      wallShearStress;
}
// * * * * * * * * * * * * * * * * * * * * * * * * * * * * * * * * * * * * * //

dimensions      [1 -1 -2 0 0 0 0];


internalField   uniform (0 0 0);

boundaryField
{
    inlet
    {
        type            calculated;
        value           nonuniform 0();
    }
    object
    {
        type            calculated;
        value           nonuniform List<vector> 
204
(
(-6.284514168 -17.18526146 -0.1537560426)
(-6.335898129 -17.24250702 -0.1559369042)
(-6.384758491 -17.29751323 -0.1581417182)
(-6.427680011 -17.35024245 -0.1603845724)
(-6.465732597 -17.40589455 -0.1627299251)
(-6.502722917 -17.4727881 -0.1651131159)
(-6.537573105 -17.54844454 -0.1675101047)
(-6.571503697 -17.62951507 -0.1699204325)
(-6.605418053 -17.71415033 -0.1723435004)
(-6.63970376 -17.80147433 -0.174778529)
(-6.674508366 -17.89104532 -0.1772246193)
(-6.709882115 -17.98262107 -0.1796807974)
(-6.745838829 -18.07605426 -0.1821462571)
(-6.782380941 -18.17125071 -0.1846201378)
(-6.819508235 -18.2681463 -0.1871014607)
(-6.857220883 -18.36669775 -0.1895894852)
(-6.895520105 -18.46687617 -0.1920831614)
(-6.934409052 -18.56866542 -0.1945816545)
(-6.973891662 -18.67205671 -0.1970839997)
(-7.013972922 -18.7770485 -0.1995895199)
(-7.05466022 -18.88364599 -0.2020972455)
(-7.095960957 -18.99185874 -0.2046063198)
(-7.13788385 -19.10170018 -0.2071159209)
(-7.1804383 -19.21318812 -0.2096252272)
(-7.223635462 -19.32634435 -0.2121333687)
(-7.26748618 -19.44119242 -0.214639353)
(-7.312003335 -19.55776015 -0.2171425591)
(-7.357199201 -19.6760759 -0.219642259)
(-7.403088219 -19.7961734 -0.222137503)
(-7.449685186 -19.91808705 -0.2246276118)
(-7.497005362 -20.04185369 -0.2271117554)
(-7.54506474 -20.16751229 -0.2295891845)
(-7.593880942 -20.29510574 -0.2320591842)
(-7.643471672 -20.42467707 -0.2345209977)
(-7.693855503 -20.55627269 -0.2369738899)
(-7.745052363 -20.68994172 -0.2394170831)
(-7.79708252 -20.82573438 -0.2418501366)
(-7.849967456 -20.96370449 -0.2442722842)
(-7.903729119 -21.10390669 -0.2466828635)
(-7.958391141 -21.24640012 -0.2490813862)
(-8.013977698 -21.39124513 -0.2514669236)
(-8.07051418 -21.5385052 -0.2538389763)
(-8.128026352 -21.68824509 -0.256197041)
(-8.186542264 -21.84053494 -0.2585403479)
(-8.246090848 -21.99544687 -0.2608685686)
(-8.306701314 -22.15305403 -0.2631811255)
(-8.36840527 -22.31343546 -0.2654775193)
(-8.431235144 -22.47667243 -0.2677570549)
(-8.495225061 -22.64284982 -0.2700194597)
(-8.560410448 -22.81205556 -0.2722642467)
(-8.626827641 -22.98438108 -0.2744910137)
(-8.694516525 -23.1599247 -0.2766992012)
(-8.763517172 -23.33878646 -0.2788883135)
(-8.833871563 -23.52107053 -0.2810580016)
(-8.905625046 -23.70688851 -0.2832080725)
(-8.97882313 -23.89635327 -0.2853380323)
(-9.053514327 -24.08958462 -0.2874476579)
(-9.129749922 -24.28670923 -0.2895366491)
(-9.20758427 -24.48785969 -0.2916044239)
(-9.287073026 -24.69317341 -0.2936510196)
(-9.368275941 -24.90279614 -0.2956759851)
(-9.451254976 -25.11688021 -0.2976793437)
(-9.536076056 -25.33558557 -0.2996606171)
(-9.622809659 -25.55908267 -0.3016196176)
(-9.711527255 -25.78754588 -0.3035562908)
(-9.802307694 -26.02116603 -0.3054705479)
(-9.895232295 -26.26013849 -0.3073622074)
(-9.99038879 -26.50467415 -0.3092310161)
(-10.08786999 -26.75499564 -0.3110770462)
(-10.18777424 -27.01133798 -0.3129000879)
(-10.29020725 -27.27395175 -0.3147003039)
(-10.39527962 -27.54310006 -0.3164773953)
(-10.503113 -27.81906922 -0.3182315131)
(-10.61383611 -28.10216284 -0.3199625008)
(-10.72758769 -28.3927042 -0.3216706443)
(-10.84451584 -28.69103959 -0.32335579)
(-10.96478343 -28.9975463 -0.3250181446)
(-11.08856418 -29.31262485 -0.3266578816)
(-11.21604853 -29.63671193 -0.3282749651)
(-11.34744415 -29.97028038 -0.3298695427)
(-11.482976 -30.31384013 -0.3314417909)
(-11.62289419 -30.66795446 -0.3329917578)
(-11.76747072 -31.03323061 -0.3345199332)
(-11.91701056 -31.41034451 -0.336026487)
(-12.07184997 -31.80003556 -0.3375116347)
(-12.23236722 -32.20312715 -0.3389757483)
(-12.3989838 -32.62052881 -0.3404190188)
(-12.57218098 -33.05326786 -0.3418418941)
(-12.7525057 -33.50249499 -0.3432446809)
(-12.94058244 -33.96950915 -0.3446278295)
(-13.137138 -34.45580001 -0.3459918703)
(-13.3430221 -34.9630806 -0.3473374401)
(-13.55924069 -35.49334027 -0.3486648511)
(-13.78699801 -36.04891056 -0.3499749275)
(-14.02775776 -36.63255532 -0.3512682814)
(-14.2833385 -37.24761346 -0.352545761)
(-14.55603623 -37.89815905 -0.3538081874)
(-14.84883263 -38.5892746 -0.3550566566)
(-15.16572664 -39.32744926 -0.3562919387)
(-15.51229968 -40.1211698 -0.3575154762)
(-15.896836 -40.98182226 -0.3587283968)
(-16.33308122 -41.92467534 -0.3599312225)
(-16.84978525 -42.96747032 -0.3611204864)
(-17.54033324 -44.11171589 -0.3622786219)
(-18.4420182 -45.17102736 -0.3619640673)
(-19.22374793 -46.07588174 -0.361236324)
(-20.00349152 -46.83536071 -0.3604681286)
(-20.80317965 -47.46650823 -0.3596574685)
(-21.6187156 -48.0001973 -0.3588036131)
(-22.44583069 -48.45863972 -0.357906332)
(-23.28110212 -48.85717053 -0.3569661905)
(-24.12200533 -49.20617441 -0.3559836897)
(-24.96672183 -49.51265519 -0.3549596702)
(-25.81392388 -49.78136736 -0.3538952802)
(-26.66259304 -50.0155823 -0.3527916731)
(-27.51189727 -50.21759706 -0.3516501652)
(-28.36112004 -50.38907951 -0.350471982)
(-29.20960696 -50.53127578 -0.3492583948)
(-30.0567456 -50.6451632 -0.3480109102)
(-30.90194513 -50.73153343 -0.3467308948)
(-31.74463005 -50.79105249 -0.3454196757)
(-32.58424321 -50.8243095 -0.3440788868)
(-33.42022961 -50.83182989 -0.3427098644)
(-34.25205865 -50.81411083 -0.3413142045)
(-35.07919427 -50.77160869 -0.3398932186)
(-35.90112259 -50.704776 -0.338448348)
(-36.71734702 -50.61405327 -0.3369810088)
(-37.52737356 -50.49987137 -0.335492826)
(-38.33073338 -50.36266507 -0.3339851071)
(-39.12696735 -50.20286637 -0.3324591653)
(-39.91565891 -50.02092425 -0.3309166968)
(-40.69642543 -49.81727466 -0.3293589006)
(-41.46914248 -49.59232657 -0.327787085)
(-42.23693861 -49.34112242 -0.326202882)
(-43.0417813 -49.09029122 -0.3246107862)
(-43.82838267 -48.83376686 -0.3230102405)
(-44.58391121 -48.55248547 -0.3214010956)
(-45.32512662 -48.2479326 -0.319784737)
(-46.05357352 -47.9225422 -0.3181623143)
(-46.76974302 -47.57695078 -0.3165349649)
(-47.47368322 -47.21174576 -0.3149036919)
(-48.16526305 -46.82753274 -0.3132698343)
(-48.84429432 -46.42492987 -0.3116343778)
(-49.51056395 -46.00454475 -0.3099982861)
(-50.16387297 -45.56697932 -0.3083627983)
(-50.80403242 -45.11282227 -0.3067285681)
(-51.43085938 -44.64264133 -0.3050967232)
(-52.04419664 -44.15699798 -0.3034682034)
(-52.64391661 -43.65645691 -0.301844087)
(-53.22991531 -43.14158398 -0.3002248683)
(-53.80209985 -42.61293393 -0.2986116505)
(-54.36039989 -42.07106011 -0.2970051651)
(-54.90476935 -41.51652009 -0.2954061501)
(-55.43513851 -40.94988796 -0.2938153097)
(-55.95148823 -40.37169686 -0.2922336134)
(-56.45383159 -39.78247808 -0.2906613968)
(-56.94218867 -39.18275371 -0.2890996273)
(-57.4165828 -38.57303553 -0.2875491021)
(-57.87705867 -37.95383021 -0.2860101911)
(-58.32366347 -37.32563408 -0.284483389)
(-58.75645989 -36.68893265 -0.2829695403)
(-59.17551987 -36.04420262 -0.281469077)
(-59.58091939 -35.3919055 -0.2799824842)
(-59.97274842 -34.7324936 -0.2785102253)
(-60.35110324 -34.06640773 -0.2770527954)
(-60.71608399 -33.39407241 -0.2756108524)
(-61.0678019 -32.71590623 -0.2741845155)
(-61.40637256 -32.03231021 -0.2727744047)
(-61.73191389 -31.34367396 -0.2713808594)
(-62.04455262 -30.65037674 -0.2700042175)
(-62.34442118 -29.95278576 -0.2686447932)
(-62.63165371 -29.25125804 -0.2673032047)
(-62.90639231 -28.54613468 -0.2659794095)
(-63.16877971 -27.83775291 -0.2646739239)
(-63.41896105 -27.12643076 -0.2633867251)
(-63.65709033 -26.4124818 -0.262118383)
(-63.88331666 -25.69620698 -0.2608690792)
(-64.09779851 -24.97789585 -0.2596390132)
(-64.30069179 -24.25783117 -0.2584286305)
(-64.49216001 -23.53628157 -0.2572378023)
(-64.67236662 -22.81351338 -0.2560667441)
(-64.84147689 -22.0897777 -0.2549158672)
(-64.99965041 -21.36531556 -0.2537852932)
(-65.14706109 -20.64036279 -0.2526748414)
(-65.28387586 -19.91514809 -0.2515849557)
(-65.41026215 -19.18988748 -0.2505157468)
(-65.52639345 -18.46479036 -0.2494673145)
(-65.63243973 -17.74006084 -0.2484397445)
(-65.72857278 -17.01589074 -0.2474334128)
(-65.81496791 -16.29246789 -0.2464480783)
(-65.89179341 -15.56997331 -0.2454838494)
(-65.95921928 -14.84857701 -0.244541059)
(-66.01742101 -14.12844238 -0.2436194479)
(-66.06657 -13.40972971 -0.2427194191)
(-66.10683882 -12.69259285 -0.2418409772)
(-66.13839677 -11.97717195 -0.2409841757)
(-66.16141304 -11.26360915 -0.2401487641)
(-66.17606075 -10.55203441 -0.239335127)
(-66.1825078 -9.842578573 -0.2385432414)
(-66.18092227 -9.135356688 -0.2377731605)
(-66.17147221 -8.430487662 -0.2370249289)
(-66.15432607 -7.728095714 -0.2362985807)
(-66.13032319 -7.028447715 -0.2355944548)
(-66.32752393 -6.402281179 -0.234912251)
)
;
    }
    outlet
    {
        type            calculated;
        value           uniform (0 0 0);
    }
    front
    {
        type            wedge;
    }
    back
    {
        type            wedge;
    }
    procBoundary3to1
    {
        type            processor;
        value           uniform (0 0 0);
    }
    procBoundary3to2
    {
        type            processor;
        value           uniform (0 0 0);
    }
}


// ************************************************************************* //
