/*--------------------------------*- C++ -*----------------------------------*\
| =========                 |                                                 |
| \\      /  F ield         | OpenFOAM: The Open Source CFD Toolbox           |
|  \\    /   O peration     | Version:  v1706                                 |
|   \\  /    A nd           | Web:      www.OpenFOAM.com                      |
|    \\/     M anipulation  |                                                 |
\*---------------------------------------------------------------------------*/
FoamFile
{
    version     2.0;
    format      ascii;
    class       volVectorField;
    location    "0.00071";
    object      wallShearStress;
}
// * * * * * * * * * * * * * * * * * * * * * * * * * * * * * * * * * * * * * //

dimensions      [1 -1 -2 0 0 0 0];


internalField   uniform (0 0 0);

boundaryField
{
    inlet
    {
        type            calculated;
        value           uniform (0 0 0);
    }
    object
    {
        type            calculated;
        value           nonuniform List<vector> 
300
(
(-5.443240651 -0.8723655637 1.663398279e-15)
(-5.136062046 -1.423784903 -4.694738627e-15)
(-5.138710808 -2.193613153 -1.87329527e-15)
(-5.122930156 -2.989245789 1.091188549e-15)
(-5.106381695 -3.784457879 2.752554222e-14)
(-5.092383931 -4.571345693 4.851516582e-14)
(-5.083159828 -5.346768292 5.754086654e-14)
(-5.080517576 -6.109515409 7.099313337e-14)
(-5.085909577 -6.859392313 9.374930868e-14)
(-5.10043846 -7.596803358 7.687492975e-14)
(-5.12487818 -8.322510785 5.494493856e-14)
(-5.159712623 -9.037475625 4.013046689e-14)
(-5.205184163 -9.742747598 3.134444625e-14)
(-5.261344766 -10.43938907 2.914321991e-14)
(-5.328104286 -11.12842397 2.924820137e-14)
(-5.405272883 -11.81080556 2.058261883e-14)
(-5.492596268 -12.48739797 1.78627278e-14)
(-5.589783591 -13.15896785 8.362799379e-15)
(-5.696528525 -13.82618286 4.436333406e-15)
(-5.81252453 -14.48961484 6.591428291e-15)
(-5.937475415 -15.14974604 1.003723303e-14)
(-6.071101961 -15.80697662 3.824459204e-15)
(-6.213145813 -16.46163311 -3.018315115e-15)
(-6.363371427 -17.11397724 -1.049756421e-14)
(-6.521566236 -17.76421365 -1.25319678e-14)
(-6.68754033 -18.41249849 -3.740987806e-15)
(-6.861125043 -19.05894571 2.414006215e-15)
(-7.042171813 -19.70363452 9.73757585e-15)
(-7.230550383 -20.34661448 1.431634764e-14)
(-7.426147309 -20.98791108 1.100277033e-14)
(-7.628864887 -21.62753065 1.029013472e-14)
(-7.838619482 -22.26546421 1.081355631e-14)
(-8.055341208 -22.90169184 1.099391047e-14)
(-8.27897263 -23.53618555 9.833738698e-15)
(-8.509468973 -24.1689135 8.313076565e-15)
(-8.746797607 -24.7998422 8.158608388e-15)
(-8.990938653 -25.42894071 8.270973135e-15)
(-9.241885205 -26.05618309 8.874777955e-15)
(-9.499644247 -26.68155204 1.083588994e-14)
(-9.764237477 -27.30504233 9.3663498e-15)
(-10.03570227 -27.92666447 1.113404976e-14)
(-10.31409253 -28.5464487 6.855055808e-15)
(-10.59947885 -29.16444883 9.354298406e-15)
(-10.89194816 -29.78074676 4.640091147e-15)
(-11.19160139 -30.39545572 3.231563564e-15)
(-11.49854898 -31.00872309 4.448283521e-15)
(-11.81290333 -31.62073155 7.099188435e-15)
(-12.13476696 -32.23169693 8.566613959e-15)
(-12.46421557 -32.84186022 9.332687459e-15)
(-12.80127816 -33.45147382 1.022719239e-14)
(-13.14591458 -34.06077577 9.299480521e-15)
(-13.49799993 -34.6699566 9.535992666e-15)
(-13.85732233 -35.27912062 1.048462805e-14)
(-14.22359734 -35.88825697 1.319119604e-14)
(-14.59649042 -36.49722868 1.106105058e-14)
(-14.97563897 -37.10577433 9.340260836e-15)
(-15.36067297 -37.71351694 8.700443243e-15)
(-15.75123395 -38.31998124 8.686773665e-15)
(-16.14699041 -38.92461417 9.625054476e-15)
(-16.54764994 -39.52681055 1.278729765e-14)
(-16.9529645 -40.12593569 1.499825665e-14)
(-17.36273509 -40.7213511 1.267491316e-14)
(-17.77680907 -41.31243349 1.04460544e-14)
(-18.19507755 -41.89859343 8.516574841e-15)
(-18.61746923 -42.4792874 7.452393211e-15)
(-19.04394436 -43.05402742 6.972072773e-15)
(-19.47448838 -43.62238773 7.325579774e-15)
(-19.90910478 -44.18400529 6.60470254e-15)
(-20.34781021 -44.73858115 5.798500416e-15)
(-20.79062943 -45.28587724 3.695583387e-15)
(-21.23759148 -45.82571304 4.294085574e-15)
(-21.68872705 -46.35796187 6.438393728e-15)
(-22.14406557 -46.88254409 8.825651614e-15)
(-22.60363379 -47.39942178 9.727686233e-15)
(-23.06745602 -47.90859408 7.418572301e-15)
(-23.53555318 -48.41009237 4.330398437e-15)
(-24.00794208 -48.9039729 2.072895587e-15)
(-24.48463842 -49.39031464 2.208873812e-15)
(-24.96565743 -49.86921544 2.961088087e-15)
(-25.45101627 -50.34078895 3.697020234e-15)
(-25.94073893 -50.80516335 3.737402361e-15)
(-26.43486229 -51.26248204 3.233913733e-15)
(-26.9334459 -51.71290819 2.767404911e-15)
(-27.43658444 -52.15663063 1.897658705e-15)
(-27.94442596 -52.59388 1.489646749e-15)
(-28.45718934 -53.02495153 8.170414056e-16)
(-28.97517531 -53.45023849 4.121885777e-16)
(-29.4987528 -53.8702699 2.143298355e-16)
(-30.02829814 -54.28571947 1.125952653e-15)
(-30.56409582 -54.69735649 6.187141985e-16)
(-31.10626114 -55.10590521 3.519794621e-16)
(-31.65474552 -55.51192138 -1.101181547e-16)
(-32.20939726 -55.9157452 -1.839102034e-16)
(-32.77002429 -56.31753444 -2.305261041e-17)
(-33.33641326 -56.71732365 8.776977402e-16)
(-33.90831602 -57.11503398 8.76373945e-16)
(-34.48546513 -57.51046672 1.740622745e-15)
(-35.06762853 -57.90333736 9.670854275e-16)
(-35.65458781 -58.29337847 2.211002643e-16)
(-36.24604577 -58.68028269 -2.679736008e-16)
(-36.84162413 -59.06360778 -4.724562443e-16)
(-37.44102122 -59.44274863 -7.269990864e-16)
(-38.04403683 -59.81726332 -5.889337969e-16)
(-38.65034212 -60.18672477 -7.087118604e-16)
(-39.25951679 -60.55053295 -8.784801288e-16)
(-39.87134666 -60.90792812 -3.628321061e-16)
(-40.48586618 -61.25858999 2.468140322e-16)
(-41.10284422 -61.60234622 9.151172555e-16)
(-41.72210114 -61.93854943 3.04230164e-16)
(-42.34417579 -62.26702141 9.071367664e-17)
(-42.96965564 -62.58856082 9.561174385e-16)
(-43.59833639 -62.90380255 2.434620366e-15)
(-44.23032974 -63.21217572 1.33735273e-15)
(-44.8665995 -63.5149991 1.138932125e-15)
(-45.50646504 -63.81299062 3.216757968e-15)
(-46.15056797 -64.10442174 4.410459099e-15)
(-46.79998642 -64.39416769 3.911010594e-15)
(-47.45246533 -64.67672557 3.572557426e-15)
(-48.11685764 -64.95388648 3.077363254e-15)
(-48.79425858 -65.24480306 1.547519792e-15)
(-49.45973594 -65.52376811 1.523414707e-15)
(-50.12009398 -65.78176639 2.448372974e-15)
(-50.78310712 -66.02714713 2.22260146e-15)
(-51.44708925 -66.26358286 2.352343485e-15)
(-52.11207852 -66.49199879 1.678592031e-15)
(-52.77809643 -66.71270364 1.640050192e-16)
(-53.44514022 -66.92572999 -2.713583487e-16)
(-54.11321273 -67.13100352 -1.00222102e-15)
(-54.78235446 -67.32844165 -1.387238735e-15)
(-55.45266784 -67.51804077 -1.140937193e-15)
(-56.12431742 -67.69992076 -8.694093201e-16)
(-56.7975184 -67.87433007 -6.926143405e-16)
(-57.47251635 -68.04164441 -5.311762057e-16)
(-58.14955509 -68.20231573 3.036988684e-16)
(-58.8288578 -68.35683059 8.298746891e-16)
(-59.51059958 -68.50565552 1.816646387e-15)
(-60.1948934 -68.64919009 1.703327319e-15)
(-60.88178268 -68.78772425 4.774661799e-16)
(-61.57124151 -68.92142583 9.059892704e-16)
(-62.26317552 -69.05032396 9.879271232e-16)
(-62.95743099 -69.17431226 7.643279419e-16)
(-63.65380644 -69.29316563 6.352163429e-16)
(-64.35206893 -69.40656234 5.140866031e-16)
(-65.0519681 -69.51411513 3.91295025e-16)
(-65.75325248 -69.61540112 -9.900166754e-16)
(-66.45568889 -69.7100054 -1.087221622e-15)
(-67.15907584 -69.79755248 -1.167701079e-15)
(-67.86324814 -69.87773865 -1.072636387e-15)
(-68.56808484 -69.95034542 -1.624574539e-15)
(-69.27350858 -70.01526276 -1.517683462e-15)
(-69.9794786 -70.07247461 -1.328777381e-15)
(-70.68598447 -70.12205672 -1.806668021e-15)
(-71.39303716 -70.16415606 -1.773859791e-15)
(-72.1006572 -70.19896696 -1.400028786e-15)
(-72.80886701 -70.22670678 -2.496301661e-15)
(-73.51768105 -70.24758919 -2.043713876e-15)
(-74.22710195 -70.2618062 -2.009406184e-15)
(-74.93711724 -70.26951535 -1.930360249e-15)
(-75.64769689 -70.27082112 -1.537718077e-15)
(-76.35879606 -70.26578257 -1.322518303e-15)
(-77.07035867 -70.25441346 -1.461227398e-15)
(-77.78231921 -70.2366896 -6.019659516e-16)
(-78.49460772 -70.21255827 -7.594507617e-16)
(-79.20715414 -70.18195448 -9.217777364e-16)
(-79.91988769 -70.14480745 -8.793295075e-16)
(-80.63274361 -70.10105235 -1.271903141e-15)
(-81.34565662 -70.05063405 -1.862004555e-15)
(-82.05856937 -69.99351346 -2.575930853e-15)
(-82.77142702 -69.92966704 -2.24071641e-15)
(-83.48417776 -69.85909066 -1.999717936e-15)
(-84.19677179 -69.78178508 -1.937551957e-15)
(-84.90916328 -69.69776832 -1.795651171e-15)
(-85.62130351 -69.60706803 -1.340868872e-15)
(-86.33314249 -69.50970975 -9.298596222e-16)
(-87.04462893 -69.4057227 -6.317619486e-16)
(-87.75570922 -69.29512678 -3.252910758e-16)
(-88.46633288 -69.17794497 -4.550716155e-16)
(-89.17644575 -69.05419272 -5.66709766e-16)
(-89.88599661 -68.92388453 -9.485698714e-16)
(-90.5949329 -68.78703195 -1.400939447e-15)
(-91.30320189 -68.64364553 -1.27185168e-15)
(-92.01075455 -68.49373558 -9.299127841e-16)
(-92.71753786 -68.3373103 -4.209899767e-16)
(-93.42350211 -68.17438071 -6.197209332e-16)
(-94.12859755 -68.00495695 -6.706234329e-16)
(-94.83277331 -67.82904969 -5.76933778e-16)
(-95.53598131 -67.6466718 -1.016927945e-15)
(-96.23817042 -67.45783507 -1.370094595e-15)
(-96.93929256 -67.26255079 -1.101258948e-15)
(-97.63929762 -67.06083632 -9.263692769e-16)
(-98.33813677 -66.85270248 -7.023584345e-16)
(-99.03576206 -66.63816538 -6.773314258e-16)
(-99.73212467 -66.4172415 -6.53473412e-16)
(-100.427176 -66.18994401 -7.756412719e-16)
(-101.1208691 -65.95629324 -8.013165821e-16)
(-101.813155 -65.71630119 -1.788688578e-15)
(-102.5039982 -65.46999974 -1.218281353e-15)
(-103.1933114 -65.21744961 -1.149612266e-15)
(-103.8810507 -64.95897811 -1.14614984e-15)
(-104.5778123 -64.75457272 -1.641849149e-15)
(-108.0706019 -62.76306434 -9.40693371e-16)
(-109.726354 -62.3711926 -1.662809458e-16)
(-110.6951233 -62.60541874 -4.100832739e-15)
(-111.4562889 -63.02705527 -1.267927366e-15)
(-112.1346596 -63.45835697 -4.551179199e-16)
(-112.7601937 -63.8523008 2.792418686e-17)
(-113.3363885 -64.20071628 -1.205784106e-15)
(-113.8625254 -64.5062148 -1.925669955e-15)
(-114.3403729 -64.77545221 -1.645404579e-15)
(-114.7752628 -65.01693053 -5.078568698e-16)
(-115.1749974 -65.23920397 -1.623301656e-15)
(-115.5481082 -65.44941683 -3.201098536e-15)
(-115.9024177 -65.65265185 -2.004903344e-15)
(-116.2442483 -65.85199845 -3.08835065e-15)
(-116.5781141 -66.04892026 -2.097197433e-15)
(-116.9068181 -66.24371809 -1.725256577e-15)
(-117.2317606 -66.43598464 -1.50475121e-15)
(-117.5533868 -66.62506037 -1.851237604e-15)
(-117.8717435 -66.81049809 -2.350374301e-15)
(-118.186991 -66.99240444 -2.935369834e-15)
(-118.4997402 -67.17156732 -1.770050176e-15)
(-118.8112352 -67.34940196 -2.527868843e-15)
(-119.1232762 -67.52770084 -3.562182103e-15)
(-119.4380096 -67.70833695 -2.957820753e-15)
(-119.7576853 -67.89300931 -2.093815583e-15)
(-120.0843672 -68.08304112 -3.031446192e-15)
(-120.4197591 -68.27931528 -2.77761135e-15)
(-120.7650878 -68.4822814 -1.865323912e-15)
(-121.1210584 -68.69200927 -2.320857049e-15)
(-121.4879223 -68.90830574 -2.712581934e-15)
(-121.8655943 -69.13084673 -2.810477001e-15)
(-122.2537708 -69.35931306 -3.514930365e-15)
(-122.6521321 -69.59357256 -4.085495634e-15)
(-123.0604826 -69.83378907 -3.255188524e-15)
(-123.4788514 -70.08045095 -3.310005725e-15)
(-123.9075253 -70.33428229 -3.663872393e-15)
(-124.346918 -70.5960124 -3.370396159e-15)
(-124.7974106 -70.86614788 -2.924201502e-15)
(-125.2591263 -71.1447619 -3.116918312e-15)
(-125.7317843 -71.43141809 -3.65639243e-15)
(-126.2146755 -71.72523572 -2.69918937e-15)
(-126.7066676 -72.0250087 -2.733695078e-15)
(-127.2063323 -72.32939741 -3.276948643e-15)
(-127.7120746 -72.63709046 -3.609788625e-15)
(-128.222252 -72.94691078 -3.651211432e-15)
(-128.7353124 -73.25789878 -3.0766721e-15)
(-129.2498639 -73.56932481 -3.322651858e-15)
(-129.7646929 -73.88064359 -3.315453642e-15)
(-130.2787981 -74.19146328 -3.852824125e-15)
(-130.791338 -74.50146904 -2.897156792e-15)
(-131.3015925 -74.81037145 -2.96747232e-15)
(-131.8089535 -75.11788453 -3.524993412e-15)
(-132.3128442 -75.42367255 -4.454036022e-15)
(-132.8127264 -75.72735695 -3.533993807e-15)
(-133.3080676 -76.02851092 -4.725287759e-15)
(-133.7983042 -76.3266509 -4.177028205e-15)
(-134.282865 -76.6212711 -3.537922731e-15)
(-134.7611899 -76.91188004 -4.27479272e-15)
(-135.2327291 -77.19803148 -4.068630438e-15)
(-135.6970115 -77.47940864 -4.133746764e-15)
(-136.1536586 -77.7558669 -4.082526609e-15)
(-136.602422 -78.02746435 -3.454225055e-15)
(-137.0432323 -78.29445244 -3.286625809e-15)
(-137.47615 -78.55715906 -4.058841849e-15)
(-137.9013409 -78.81587066 -4.188049564e-15)
(-138.3189658 -79.07067918 -3.410986793e-15)
(-138.7290987 -79.32140663 -2.356865502e-15)
(-139.131705 -79.56764158 -1.753104287e-15)
(-139.5266023 -79.80882371 -2.374386677e-15)
(-139.9135211 -80.04441671 -2.831120788e-15)
(-140.2921622 -80.27404919 -3.081459158e-15)
(-140.6622473 -80.49757764 -3.160354543e-15)
(-141.0236022 -80.7150955 -3.138911265e-15)
(-141.3761875 -80.92685933 -3.428655913e-15)
(-141.7200602 -81.13316332 -4.162154998e-15)
(-142.0553749 -81.33427637 -4.609052233e-15)
(-142.3823141 -81.53038767 -4.029514441e-15)
(-142.7010603 -81.7216184 -3.607253417e-15)
(-143.0118141 -81.90807511 -3.273349046e-15)
(-143.3147585 -82.08985293 -3.509056901e-15)
(-143.6100864 -82.26706128 -4.027340701e-15)
(-143.8979924 -82.43981536 -4.517413515e-15)
(-144.1786436 -82.60821209 -4.68071604e-15)
(-144.4522077 -82.77234646 -3.666142055e-15)
(-144.7188612 -82.93232176 -3.421079687e-15)
(-144.9787644 -83.08823271 -3.490169981e-15)
(-145.2320951 -83.24018594 -5.013426375e-15)
(-145.4790149 -83.38827756 -4.230287195e-15)
(-145.7196688 -83.5325941 -4.045471804e-15)
(-145.9542195 -83.67323887 -3.421108479e-15)
(-146.1828164 -83.81031268 -3.188669049e-15)
(-146.4056309 -83.94393584 -3.604077122e-15)
(-146.6228232 -84.07422362 -3.180395886e-15)
(-146.8345408 -84.2012807 -3.133295154e-15)
(-147.0409507 -84.32521908 -2.979061558e-15)
(-147.2422036 -84.44613213 -2.576883994e-15)
(-147.4384602 -84.56411118 -2.962134717e-15)
(-147.6298794 -84.67924094 -3.957507294e-15)
(-147.816586 -84.79158386 -3.352593226e-15)
(-147.9954546 -84.90648572 -2.869745286e-15)
)
;
    }
    outlet
    {
        type            calculated;
        value           uniform (0 0 0);
    }
    front
    {
        type            wedge;
    }
    back
    {
        type            wedge;
    }
}


// ************************************************************************* //
