/*--------------------------------*- C++ -*----------------------------------*\
| =========                 |                                                 |
| \\      /  F ield         | OpenFOAM: The Open Source CFD Toolbox           |
|  \\    /   O peration     | Version:  v1706                                 |
|   \\  /    A nd           | Web:      www.OpenFOAM.com                      |
|    \\/     M anipulation  |                                                 |
\*---------------------------------------------------------------------------*/
FoamFile
{
    version     2.0;
    format      ascii;
    class       volScalarField;
    location    "0.00071";
    object      wallHeatFlux;
}
// * * * * * * * * * * * * * * * * * * * * * * * * * * * * * * * * * * * * * //

dimensions      [1 0 -3 0 0 0 0];


internalField   uniform 0;

boundaryField
{
    inlet
    {
        type            calculated;
        value           uniform 0;
    }
    object
    {
        type            calculated;
        value           nonuniform List<scalar> 
300
(
638153.6468
639478.221
639953.0926
640206.8241
640345.626
640409.3522
640418.2542
640384.474
640316.0474
640218.614
640096.2674
639952.0294
639788.1414
639606.2655
639407.624
639193.1044
638963.3404
638718.7757
638459.7099
638186.3353
637898.7736
637597.0889
637281.3051
636951.4322
636607.4504
636249.3484
635877.0953
635490.6767
635090.0698
634675.2549
634246.2235
633802.9623
633345.4713
632873.7388
632387.7686
631887.5471
631373.0706
630844.3209
630301.2724
629743.8848
629172.0992
628585.8347
627984.9784
627369.3899
626738.8873
626093.2442
625432.1953
624755.4404
624062.6423
623353.4694
622627.5956
621884.7631
621124.8123
620347.7077
619553.5591
618742.6273
617915.3045
617072.1141
616213.6786
615340.7215
614454.0022
613554.3382
612642.5409
611719.425
610785.7696
609842.3109
608889.7441
607928.6878
606959.7027
605983.2766
604999.8255
604009.7089
603013.2102
602010.5461
601001.8856
599987.3488
598966.987
597940.8222
596908.8313
595870.9456
594827.0541
593776.9926
592720.5424
591657.3881
590587.1047
589509.0945
588422.5344
587326.3442
586219.1752
585099.5919
583966.2766
582818.2474
581654.8827
580475.8437
579281
578070.4065
576844.3218
575603.19
574347.4197
573077.589
571794.5974
570499.6203
569193.5153
567877.2567
566552.232
565219.9936
563881.1481
562536.2523
561186.7307
559832.5187
558471.7362
557103.4916
555728.9619
554344.7115
552950.0743
551547.9213
550127.3767
548701.8516
547254.1974
545749.8823
544276.118
542836.9591
541402.1704
539967.7398
538532.0691
537094.5787
535655.2123
534214.1224
532771.4715
531327.2101
529881.0043
528432.2191
526979.9151
525522.9732
524060.2259
522590.52
521112.8688
519626.5551
518131.1558
516626.5806
515113.0752
513591.1901
512061.7526
510525.7651
508984.332
507438.5848
505889.5999
504338.2733
502785.3205
501231.2071
499676.1587
498120.1707
496563.0548
495004.4767
493444.0299
491881.2822
490315.8328
488747.3494
487175.6031
485600.47
484021.9353
482440.0743
480855.0441
479267.0475
477676.2929
476083.0164
474487.4139
472889.6633
471289.9017
469688.2486
468084.7904
466479.5814
464872.657
463264.0544
461653.802
460041.9289
458428.4839
456813.5016
455197.037
453579.1404
451959.8601
450339.265
448717.404
447094.3376
445470.125
443844.818
442218.478
440591.1502
438962.897
437333.7598
435703.7905
434073.0436
432441.5632
430809.3973
429176.5926
427543.1943
425909.2503
424274.8487
422640.0949
421009.6527
418267.7274
416849.2039
415167.1279
413176.6596
411080.5021
409022.4338
407082.7365
405298.1638
403673.2816
402189.6246
400816.2935
399519.7288
398270.5442
397046.7359
395834.1819
394625.8193
393419.9408
392217.8552
391021.5763
389831.6141
388645.5026
387457.5116
386259.1059
385040.2195
383790.7087
382501.4979
381165.4723
379777.8168
378335.8759
376838.9696
375287.8068
373683.7037
372027.8039
370320.1507
368559.3043
366742.5366
364866.4841
362928.3489
360926.8605
358863.0275
356740.3485
354564.4176
352342.3297
350081.8715
347790.6798
345475.8191
343143.5017
340798.9301
338446.4579
336089.6663
333731.6444
331375.2534
329023.3064
326678.722
324344.5948
322024.1266
319720.7135
317437.8226
315178.7582
312946.4626
310743.0918
308569.8227
306426.8454
304313.5498
302229.1028
300172.9569
298145.4141
296147.8783
294182.6358
292252.4426
290359.8964
288506.82
286694.1192
284921.8239
283189.3335
281495.8313
279840.44
278222.375
276640.9603
275095.5255
273585.426
272110.0238
270668.6191
269260.5627
267885.2248
266541.9513
265230.1321
263949.1153
262698.2513
261476.9057
260284.3944
259120.0431
257983.1027
256872.8105
255788.4343
254729.2427
253694.5686
252683.8041
251696.3261
250731.6204
)
;
    }
    outlet
    {
        type            calculated;
        value           uniform 0;
    }
    front
    {
        type            wedge;
    }
    back
    {
        type            wedge;
    }
}


// ************************************************************************* //
