/*--------------------------------*- C++ -*----------------------------------*\
| =========                 |                                                 |
| \\      /  F ield         | OpenFOAM: The Open Source CFD Toolbox           |
|  \\    /   O peration     | Version:  v1706                                 |
|   \\  /    A nd           | Web:      www.OpenFOAM.com                      |
|    \\/     M anipulation  |                                                 |
\*---------------------------------------------------------------------------*/
FoamFile
{
    version     2.0;
    format      ascii;
    class       volVectorField;
    location    "0.00243";
    object      wallShearStress;
}
// * * * * * * * * * * * * * * * * * * * * * * * * * * * * * * * * * * * * * //

dimensions      [1 -1 -2 0 0 0 0];


internalField   uniform (0 0 0);

boundaryField
{
    inlet
    {
        type            calculated;
        value           nonuniform 0();
    }
    object
    {
        type            calculated;
        value           nonuniform List<vector> 
196
(
(-0.3871761481 -0.1908944742 -7.14797068e-15)
(-0.3671551967 -0.3124940327 -2.130727181e-14)
(-0.3696001634 -0.4839308686 -3.652998597e-14)
(-0.3714974379 -0.6632803322 -2.375696766e-14)
(-0.3739254033 -0.8451253801 -2.058219392e-14)
(-0.3769639388 -1.028008555 2.713622972e-15)
(-0.3806181223 -1.211360868 1.206265802e-14)
(-0.3848840389 -1.39490147 1.340133458e-14)
(-0.3897571579 -1.578465925 1.776359743e-14)
(-0.3952336306 -1.761944278 1.114924844e-14)
(-0.4013103937 -1.945255159 1.160376271e-14)
(-0.4079850485 -2.128333723 3.721782194e-15)
(-0.4152557219 -2.311125655 -6.43503828e-16)
(-0.423120943 -2.493583964 -3.650248875e-17)
(-0.4315795431 -2.675667233 -8.427648018e-16)
(-0.4406305763 -2.857338601 -2.877357784e-15)
(-0.4502732595 -3.038565192 -7.361447789e-15)
(-0.46050692 -3.219317684 -1.191658644e-14)
(-0.4713309596 -3.399570136 -1.899715835e-14)
(-0.4827448196 -3.579299738 -2.105062465e-14)
(-0.4947479596 -3.758486723 -2.600499162e-14)
(-0.5073398367 -3.937114201 -2.336586035e-14)
(-0.5205198912 -4.115168052 -1.753492648e-14)
(-0.5342875365 -4.292636812 -8.970529849e-15)
(-0.5486421499 -4.46951152 -4.484263438e-15)
(-0.5635830678 -4.645785596 -1.256729506e-15)
(-0.5791095824 -4.821454709 8.409293295e-17)
(-0.5952209423 -4.996516641 -7.92625931e-17)
(-0.6119163458 -5.170971083 9.71348756e-17)
(-0.629194952 -5.344819569 -1.545848694e-15)
(-0.6470558741 -5.518065267 1.056346707e-16)
(-0.6654981848 -5.690712828 1.343776501e-15)
(-0.6845209216 -5.862768273 9.818592458e-16)
(-0.704123085 -6.0342388 -3.241770991e-16)
(-0.7243036467 -6.205132679 -1.66958794e-15)
(-0.7450615489 -6.37545908 1.5873671e-17)
(-0.7663957097 -6.545227967 -7.715952136e-17)
(-0.7883050228 -6.714449922 1.730179087e-16)
(-0.8107883665 -6.883136107 6.619840294e-16)
(-0.8338445964 -7.051298024 1.969989309e-15)
(-0.8574725519 -7.218947498 8.51232633e-17)
(-0.8816710603 -7.386096567 2.029312647e-16)
(-0.9064389309 -7.552757329 -3.196293094e-16)
(-0.9317749564 -7.718941861 1.511071459e-16)
(-0.9576779197 -7.884662204 1.081465867e-15)
(-0.9841465778 -8.049930156 6.341866697e-16)
(-1.011179679 -8.214757337 -1.547066381e-17)
(-1.038775943 -8.379154991 -2.58687408e-16)
(-1.066934073 -8.543134038 -1.987622274e-15)
(-1.095652746 -8.706704928 -1.365017899e-15)
(-1.124930609 -8.869877603 8.166449282e-17)
(-1.154766285 -9.032661564 1.830583145e-15)
(-1.185158361 -9.195065625 1.281826931e-15)
(-1.216105362 -9.357097865 9.60734817e-16)
(-1.247605853 -9.51876628 3.157465214e-15)
(-1.279658244 -9.680077317 8.206239651e-16)
(-1.312261006 -9.841037526 1.135642699e-17)
(-1.345412482 -10.00165221 -1.649153944e-15)
(-1.379111046 -10.16192648 -1.410292118e-15)
(-1.413354907 -10.32186389 -3.070911773e-16)
(-1.448142389 -10.48146844 6.214419223e-17)
(-1.4834716 -10.64074217 1.942089386e-16)
(-1.519340695 -10.79968717 5.034478224e-16)
(-1.555747745 -10.95830458 4.465143691e-18)
(-1.592690751 -11.11659486 -3.59471284e-17)
(-1.63016771 -11.27455799 -5.839063939e-16)
(-1.668176515 -11.43219295 -1.423400003e-15)
(-1.706715096 -11.58949861 -8.449383682e-16)
(-1.745781234 -11.74647255 -4.243958973e-16)
(-1.78537268 -11.90311205 -4.156374414e-16)
(-1.825487269 -12.05941468 -1.36015199e-15)
(-1.866122628 -12.21537628 -7.338106434e-16)
(-1.90727644 -12.37099305 -7.499388531e-16)
(-1.948946374 -12.5262607 -2.572650257e-18)
(-1.991130001 -12.68117431 1.125462666e-16)
(-2.033824906 -12.83572882 -1.233500617e-16)
(-2.077028681 -12.98991908 7.198689112e-16)
(-2.120738769 -13.14373908 1.477500879e-16)
(-2.164952782 -13.29718369 4.261503882e-16)
(-2.209668189 -13.45024684 2.156600642e-16)
(-2.254882436 -13.60292233 7.273448909e-16)
(-2.30059309 -13.75520454 6.534847446e-16)
(-2.346797511 -13.90708691 5.400839043e-16)
(-2.393493233 -14.05856375 3.966006594e-17)
(-2.440677666 -14.20962872 3.245171129e-16)
(-2.488348275 -14.36027592 1.56648411e-15)
(-2.536502463 -14.51049923 2.37951417e-16)
(-2.585137728 -14.66029303 1.79360437e-17)
(-2.634251472 -14.80965157 4.375128749e-17)
(-2.683841069 -14.95856876 -1.5018949e-17)
(-2.733904056 -15.10703974 2.07711721e-16)
(-2.78443771 -15.25505835 -2.137087813e-16)
(-2.835439604 -15.40262018 -6.040442941e-16)
(-2.886906989 -15.54971925 -6.436733769e-16)
(-2.938837305 -15.6963509 -1.007253135e-15)
(-2.991227997 -15.84251051 -7.340766842e-17)
(-3.044076417 -15.98819328 -3.113919306e-16)
(-3.097379835 -16.13339412 1.079467131e-16)
(-3.151135743 -16.27810926 -1.933710237e-17)
(-3.205341262 -16.42233334 2.859163564e-16)
(-3.259993891 -16.56606295 4.392343848e-17)
(-3.315090854 -16.70929364 6.600549926e-17)
(-3.370629375 -16.85202103 5.157424626e-17)
(-3.426606631 -16.99424073 6.329341885e-17)
(-3.483019931 -17.13594938 -5.621009202e-16)
(-3.539866441 -17.27714277 -1.488892999e-16)
(-3.597143147 -17.41781633 -3.10130846e-17)
(-3.654847311 -17.55796669 -1.665476211e-16)
(-3.712975811 -17.6975893 5.670939067e-16)
(-3.771525864 -17.83668078 6.01188632e-16)
(-3.830494252 -17.9752364 1.046288131e-15)
(-3.889877869 -18.11325185 1.295273967e-15)
(-3.949673827 -18.25072403 4.787537346e-16)
(-4.009878629 -18.38764738 -3.681923055e-16)
(-4.070489019 -18.5240175 -1.026789481e-15)
(-4.131501849 -18.65983072 -1.196315464e-15)
(-4.192913685 -18.79508224 -2.025306561e-15)
(-4.254721029 -18.92976702 -7.343254936e-16)
(-4.316920431 -19.06388042 8.524769531e-16)
(-4.379508167 -19.19741703 4.840046435e-16)
(-4.442480717 -19.33037211 1.488118477e-16)
(-4.505834279 -19.46274028 1.400071701e-16)
(-4.569565023 -19.59451591 9.134749682e-17)
(-4.633668942 -19.72569291 -6.043894552e-17)
(-4.698142266 -19.85626636 2.277979841e-16)
(-4.76298083 -19.9862299 -2.34839869e-16)
(-4.828180506 -20.11557743 -5.680557823e-16)
(-4.893736941 -20.24430205 -1.330461513e-15)
(-4.959646007 -20.37239817 -8.352863082e-16)
(-5.025902999 -20.49985789 -7.618825361e-17)
(-5.092503662 -20.62667542 -8.669533365e-17)
(-5.159443226 -20.75284299 6.700316951e-17)
(-5.226716995 -20.87835344 1.253005286e-16)
(-5.294320164 -21.00319921 8.632309618e-17)
(-5.362247754 -21.12737265 1.508024748e-17)
(-5.430494788 -21.25086591 2.748618762e-16)
(-5.499056188 -21.37367116 1.008210204e-16)
(-5.567926556 -21.49577954 -4.58445229e-17)
(-5.637100454 -21.61718239 -3.121284525e-17)
(-5.7065727 -21.73787201 4.780668425e-17)
(-5.776337292 -21.85783826 2.946315684e-16)
(-5.846388618 -21.97707235 1.088344631e-16)
(-5.916720858 -22.09556513 -2.404275581e-16)
(-5.987327907 -22.21330682 -2.520656867e-17)
(-6.058203864 -22.33028805 -3.077210418e-16)
(-6.129341845 -22.44649718 -9.115225575e-17)
(-6.200735918 -22.56192527 3.412848538e-17)
(-6.272379343 -22.67656157 2.627263721e-16)
(-6.344265215 -22.79039468 1.657176185e-16)
(-6.416386688 -22.90341367 -2.17437506e-18)
(-6.488736551 -23.01560684 9.907505821e-17)
(-6.561307634 -23.1269628 -4.526283378e-18)
(-6.634092314 -23.23746928 -2.547841961e-16)
(-6.707082792 -23.34711343 -2.353202994e-17)
(-6.780271466 -23.45588347 -2.23402308e-16)
(-6.853649956 -23.56376569 9.90513135e-17)
(-6.927209978 -23.67074655 1.540621968e-17)
(-7.000942687 -23.77681171 -3.040083332e-16)
(-7.07483962 -23.88194799 -8.518129747e-17)
(-7.148891411 -23.98613999 -4.330891598e-18)
(-7.223088716 -24.08937263 3.73255399e-17)
(-7.297421437 -24.19162913 3.528475979e-16)
(-7.371879842 -24.29289423 1.129422915e-16)
(-7.44645353 -24.39315105 1.406432255e-17)
(-7.521131441 -24.49238131 4.463923204e-16)
(-7.595902724 -24.59056754 1.060791859e-16)
(-7.670755448 -24.68769026 1.586327279e-16)
(-7.745677425 -24.78372909 5.804551799e-16)
(-7.82065651 -24.878665 7.782194647e-16)
(-7.895679207 -24.97247524 9.807472307e-16)
(-7.970731753 -25.06513701 9.170787087e-16)
(-8.045799403 -25.15662585 8.348621404e-16)
(-8.120867819 -25.24691891 7.118358659e-16)
(-8.195920711 -25.33598874 2.829262935e-16)
(-8.270941151 -25.4238071 1.336877739e-16)
(-8.345911704 -25.51034486 3.585767149e-17)
(-8.420813277 -25.5955702 -2.056828075e-16)
(-8.495625842 -25.67944938 -2.216124045e-16)
(-8.57032825 -25.76194727 -9.596292455e-17)
(-8.644897374 -25.84302476 9.48593484e-18)
(-8.719308361 -25.92263983 7.986003153e-17)
(-8.793534198 -26.00074675 6.020915644e-17)
(-8.867546513 -26.07729839 -7.995630323e-17)
(-8.941312871 -26.1522397 1.740044623e-16)
(-9.014798174 -26.22551162 9.185299246e-17)
(-9.087963255 -26.29704824 3.675553211e-16)
(-9.160764425 -26.36677686 3.05806075e-16)
(-9.233152095 -26.43461502 1.650061092e-16)
(-9.30506916 -26.50046863 -4.032196692e-17)
(-9.376450366 -26.564232 -1.562266243e-16)
(-9.447217852 -26.62578023 -4.441665024e-16)
(-9.517278985 -26.68496812 -1.907966196e-16)
(-9.586520253 -26.74162198 -4.066886918e-17)
(-9.654800007 -26.79553312 -1.965158321e-16)
(-9.721933429 -26.8464416 -1.167697557e-17)
(-9.787667913 -26.89402207 -2.935791008e-17)
)
;
    }
    outlet
    {
        type            calculated;
        value           nonuniform 0();
    }
    front
    {
        type            wedge;
    }
    back
    {
        type            wedge;
    }
    procBoundary1to0
    {
        type            processor;
        value           uniform (0 0 0);
    }
    procBoundary1to2
    {
        type            processor;
        value           uniform (0 0 0);
    }
    procBoundary1to3
    {
        type            processor;
        value           uniform (0 0 0);
    }
}


// ************************************************************************* //
