/*--------------------------------*- C++ -*----------------------------------*\
| =========                 |                                                 |
| \\      /  F ield         | OpenFOAM: The Open Source CFD Toolbox           |
|  \\    /   O peration     | Version:  v1706                                 |
|   \\  /    A nd           | Web:      www.OpenFOAM.com                      |
|    \\/     M anipulation  |                                                 |
\*---------------------------------------------------------------------------*/
FoamFile
{
    version     2.0;
    format      ascii;
    class       volVectorField;
    location    "0.00242";
    object      wallShearStress;
}
// * * * * * * * * * * * * * * * * * * * * * * * * * * * * * * * * * * * * * //

dimensions      [1 -1 -2 0 0 0 0];


internalField   uniform (0 0 0);

boundaryField
{
    inlet
    {
        type            calculated;
        value           nonuniform 0();
    }
    object
    {
        type            calculated;
        value           nonuniform List<vector> 
204
(
(-9.851611714 -26.93784125 -7.998287834e-17)
(-9.91307943 -26.97747374 6.297402452e-17)
(-9.970330637 -27.01247643 6.881056036e-17)
(-10.01875334 -27.0424898 2.952060323e-16)
(-10.05976117 -27.07575782 -2.25014713e-16)
(-10.09593875 -27.12205778 -1.224440114e-16)
(-10.12908287 -27.18259395 1.265013634e-16)
(-10.16061462 -27.25220625 6.964516177e-17)
(-10.19187908 -27.32758419 8.692954083e-17)
(-10.22349383 -27.40705869 8.646666293e-17)
(-10.25570149 -27.4897565 6.83664553e-16)
(-10.28858061 -27.57518676 1.404260583e-15)
(-10.32214408 -27.66304547 1.729857646e-15)
(-10.35638386 -27.75313135 1.297070614e-15)
(-10.39128602 -27.8453002 8.796537069e-16)
(-10.42683753 -27.93944626 4.981699297e-16)
(-10.46302726 -28.03548888 1.60934854e-16)
(-10.49984773 -28.13336939 2.965555614e-18)
(-10.53729322 -28.23304203 1.201661045e-16)
(-10.57536023 -28.33447338 1.134933715e-16)
(-10.61404746 -28.43764 -2.330876762e-17)
(-10.6533551 -28.54252591 1.681235023e-16)
(-10.69328443 -28.64912074 3.853226846e-16)
(-10.73383831 -28.75742062 3.882575831e-16)
(-10.77502124 -28.86742731 1.003110858e-16)
(-10.81683801 -28.97914488 1.476298272e-16)
(-10.85929516 -29.09258288 1.213245608e-17)
(-10.90239897 -29.20775155 1.006305178e-16)
(-10.94615822 -29.32466792 3.307200989e-16)
(-10.99058162 -29.44334948 1.10183651e-16)
(-11.0356786 -29.56381619 -9.886922077e-17)
(-11.08145935 -29.68609054 -4.249868831e-16)
(-11.1279357 -29.81019952 -1.77877981e-16)
(-11.1751192 -29.93616934 -8.324325649e-17)
(-11.22302255 -30.06403007 -1.709908681e-16)
(-11.27165965 -30.1938146 -7.290421209e-17)
(-11.32104449 -30.32555615 -6.740442375e-17)
(-11.3711925 -30.45929198 -3.259883746e-16)
(-11.42211885 -30.59505892 -9.965146594e-17)
(-11.47384099 -30.73289941 -1.543818611e-17)
(-11.52637629 -30.87285583 1.385030475e-17)
(-11.57974328 -31.01497347 2.340582149e-17)
(-11.63396062 -31.15929838 2.250049652e-16)
(-11.68904932 -31.30588219 -1.570032264e-16)
(-11.74503101 -31.45477801 -2.224147524e-16)
(-11.80192696 -31.60603858 -3.281340193e-17)
(-11.85976117 -31.75972288 -3.082917566e-17)
(-11.9185582 -31.9158915 2.148529352e-16)
(-11.97834394 -32.07460829 1.502622887e-16)
(-12.03914509 -32.23593896 -1.159034589e-16)
(-12.10098932 -32.39995221 -4.050925133e-17)
(-12.16390772 -32.56672404 -1.827747784e-16)
(-12.22793112 -32.73633091 -5.381505495e-17)
(-12.29309181 -32.90885212 5.7350827e-17)
(-12.35942576 -33.08437538 -4.727266548e-17)
(-12.42696793 -33.26298707 9.156926562e-17)
(-12.49575651 -33.4447804 8.408438646e-17)
(-12.56583236 -33.62985579 3.029960086e-16)
(-12.63723858 -33.81831809 1.935412234e-16)
(-12.7100198 -34.01027629 1.186063758e-16)
(-12.78422377 -34.20584672 4.69979306e-17)
(-12.8599009 -34.40515203 7.254024167e-17)
(-12.93710447 -34.60832106 1.417737167e-16)
(-13.01589254 -34.81549353 7.860449219e-17)
(-13.09632297 -35.02681007 1.303090033e-16)
(-13.1784617 -35.24242907 1.258616206e-16)
(-13.26237582 -35.46251129 4.055301063e-16)
(-13.34813883 -35.68723278 3.433877564e-16)
(-13.43582896 -35.9167808 2.334005301e-16)
(-13.52552925 -36.15135293 2.563833889e-16)
(-13.61733036 -36.39116267 1.400496998e-16)
(-13.71132625 -36.63643348 1.452433225e-16)
(-13.80762202 -36.8874125 1.188156254e-16)
(-13.90633026 -37.1443637 2.723740154e-16)
(-14.00757134 -37.40756818 1.065388923e-16)
(-14.11147609 -37.67733004 1.15835187e-16)
(-14.2181889 -37.95398422 4.847807692e-16)
(-14.32786508 -38.23788747 6.213023017e-16)
(-14.44067567 -38.52943234 4.971191323e-16)
(-14.55680943 -38.82904786 1.991471613e-16)
(-14.67647107 -39.1371984 1.418399596e-16)
(-14.79989176 -39.45440386 2.520018711e-16)
(-14.92732368 -39.78122709 9.046091019e-16)
(-15.05905225 -40.11830218 7.138843195e-16)
(-15.19539599 -40.46632845 4.297389535e-16)
(-15.33671505 -40.82609233 6.021386692e-16)
(-15.48341577 -41.19847011 2.872578943e-16)
(-15.63596605 -41.58446386 1.406456089e-16)
(-15.79490381 -41.98520768 -1.281218434e-16)
(-15.96084877 -42.40199469 -5.600026995e-16)
(-16.13453126 -42.83632745 -7.082560263e-16)
(-16.31681594 -43.28995661 -5.114805151e-16)
(-16.50873816 -43.76494223 -8.659505909e-16)
(-16.71155501 -44.26373404 -1.012329456e-15)
(-16.92681439 -44.78927959 -4.498316803e-16)
(-17.15647043 -45.34520212 -2.674949224e-16)
(-17.40302928 -45.93600192 -4.497416421e-17)
(-17.66980413 -46.56740636 3.427651601e-16)
(-17.96132843 -47.24689638 3.815293605e-16)
(-18.2840679 -47.98452207 2.809136709e-16)
(-18.64780998 -48.79427337 4.039466847e-16)
(-19.06880508 -49.69614182 4.499683262e-16)
(-19.57953132 -50.71707288 5.273322335e-16)
(-20.28227058 -51.86901597 5.220686959e-16)
(-21.27564258 -52.98803235 4.241786283e-16)
(-22.19516124 -54.01379838 2.960358898e-16)
(-23.10176967 -54.89347042 1.874316325e-16)
(-24.02001661 -55.62190509 1.796523833e-16)
(-24.94722487 -56.22689981 1.367098722e-16)
(-25.88033582 -56.73159336 9.01144718e-17)
(-26.81668847 -57.15369155 1.394145715e-16)
(-27.75418974 -57.50636834 2.310671578e-16)
(-28.69125426 -57.79935337 -7.949999223e-17)
(-29.62668584 -58.0398565 1.665219158e-16)
(-30.55955051 -58.23326789 1.384643617e-16)
(-31.48907737 -58.38366984 2.222163511e-16)
(-32.4146048 -58.49422091 2.964811117e-16)
(-33.33553379 -58.56741069 2.534344156e-16)
(-34.25130803 -58.60525856 1.84027118e-16)
(-35.1614026 -58.60943968 8.687694844e-17)
(-36.06532264 -58.58137265 1.613106073e-16)
(-36.96273022 -58.52229499 2.641374078e-16)
(-37.85466266 -58.43176435 1.909918049e-16)
(-38.75825075 -58.31527444 1.728648938e-16)
(-39.69118579 -58.20576833 1.359746854e-16)
(-40.57450773 -58.06118783 1.254232131e-16)
(-41.44452947 -57.88309456 1.346386733e-16)
(-42.30277644 -57.67655677 1.675324385e-16)
(-43.14987719 -57.44267022 1.75941389e-16)
(-43.9858183 -57.18231936 9.788011381e-17)
(-44.81040478 -56.89639737 6.613177415e-17)
(-45.62334742 -56.58577772 -5.674498147e-17)
(-46.4243563 -56.25133884 2.364371305e-17)
(-47.21313612 -55.89392241 6.755011584e-17)
(-47.9894079 -55.51434374 9.043465078e-17)
(-48.7529084 -55.11338945 3.48317849e-16)
(-49.50339287 -54.69181932 2.424417976e-16)
(-50.24062448 -54.25035926 3.399058591e-16)
(-50.96438695 -53.78971611 1.266475537e-16)
(-51.67448801 -53.31058383 1.99755947e-16)
(-52.37074883 -52.81363915 1.056342685e-16)
(-53.0530067 -52.29954356 1.161822372e-16)
(-53.72111835 -51.76894853 1.761519416e-16)
(-54.37495084 -51.22248686 2.165184595e-16)
(-55.0143974 -50.66079149 3.66045901e-16)
(-55.63931608 -50.08449856 3.656532642e-16)
(-56.24962963 -49.49419713 3.388243688e-16)
(-56.8452797 -48.89047425 2.347802577e-16)
(-57.42621804 -48.27390666 2.246543476e-16)
(-57.99241225 -47.64506485 2.746004746e-16)
(-58.54383425 -47.00450203 3.486639016e-16)
(-59.0804717 -46.35276494 1.760038553e-16)
(-59.60232754 -45.69039256 2.959950107e-16)
(-60.10941908 -45.01791524 2.512879453e-16)
(-60.60176664 -44.33584735 2.001437472e-16)
(-61.07941418 -43.6447001 2.07041371e-16)
(-61.54241308 -42.94497179 3.139126323e-16)
(-61.99081637 -42.23714688 3.386553981e-16)
(-62.42470442 -41.52170366 3.730174712e-16)
(-62.8441526 -40.79910928 3.541659526e-16)
(-63.24925553 -40.06981899 4.281284136e-16)
(-63.640116 -39.33427985 3.541992704e-16)
(-64.01684064 -38.59292441 2.650758069e-16)
(-64.37954834 -37.84617736 3.540018461e-16)
(-64.72836673 -37.09445235 3.479138908e-16)
(-65.06342731 -36.33814865 3.1717741e-16)
(-65.38487105 -35.57766124 1.80566207e-16)
(-65.69284459 -34.81336836 2.1887997e-16)
(-65.98749723 -34.04563785 2.153977044e-16)
(-66.26898769 -33.27482846 3.144024049e-16)
(-66.5374804 -32.50128826 3.051317731e-16)
(-66.79314135 -31.72535564 2.870132668e-16)
(-67.03614533 -30.9473536 2.576664036e-16)
(-67.26666649 -30.16760264 2.61006263e-16)
(-67.48488231 -29.38640342 2.413733652e-16)
(-67.6909793 -28.60405331 2.258162563e-16)
(-67.88513783 -27.82083686 2.053518187e-16)
(-68.06754857 -27.03702715 2.346193944e-16)
(-68.23839866 -26.25289106 1.850056774e-16)
(-68.39788282 -25.46868101 2.15616399e-16)
(-68.54619512 -24.68464755 2.131706573e-16)
(-68.68353055 -23.9010254 2.031135225e-16)
(-68.81007879 -23.11803857 1.902954937e-16)
(-68.92604359 -22.33590692 1.745546189e-16)
(-69.0316192 -21.55484272 1.783009514e-16)
(-69.12700287 -20.775044 1.677935443e-16)
(-69.21239503 -19.99670408 1.270807971e-16)
(-69.28799342 -19.22000901 5.838049859e-17)
(-69.35399713 -18.4451328 8.807841404e-18)
(-69.41060772 -17.67224585 4.572106662e-18)
(-69.45801929 -16.90151074 2.62661204e-17)
(-69.49642793 -16.13307887 7.147538768e-17)
(-69.52603474 -15.36709527 8.246192185e-17)
(-69.54703578 -14.60370126 7.151784838e-17)
(-69.55962896 -13.8430314 8.615744242e-17)
(-69.5640083 -13.08520613 7.433215383e-17)
(-69.56036729 -12.33034775 5.949353966e-17)
(-69.5489041 -11.57856614 5.158330452e-17)
(-69.5298108 -10.82997186 6.489811732e-17)
(-69.50328031 -10.08465842 5.864124673e-17)
(-69.46950554 -9.342723532 7.576474137e-17)
(-69.4286794 -8.604267406 6.584944416e-17)
(-69.38169633 -7.869507974 8.188732454e-17)
(-69.56707614 -7.207586525 6.334725057e-17)
)
;
    }
    outlet
    {
        type            calculated;
        value           uniform (0 0 0);
    }
    front
    {
        type            wedge;
    }
    back
    {
        type            wedge;
    }
    procBoundary3to1
    {
        type            processor;
        value           uniform (0 0 0);
    }
    procBoundary3to2
    {
        type            processor;
        value           uniform (0 0 0);
    }
}


// ************************************************************************* //
