/*--------------------------------*- C++ -*----------------------------------*\
| =========                 |                                                 |
| \\      /  F ield         | OpenFOAM: The Open Source CFD Toolbox           |
|  \\    /   O peration     | Version:  v1706                                 |
|   \\  /    A nd           | Web:      www.OpenFOAM.com                      |
|    \\/     M anipulation  |                                                 |
\*---------------------------------------------------------------------------*/
FoamFile
{
    version     2.0;
    format      ascii;
    class       volVectorField;
    location    "0.00067";
    object      wallShearStress;
}
// * * * * * * * * * * * * * * * * * * * * * * * * * * * * * * * * * * * * * //

dimensions      [1 -1 -2 0 0 0 0];


internalField   uniform (0 0 0);

boundaryField
{
    inlet
    {
        type            calculated;
        value           uniform (0 0 0);
    }
    object
    {
        type            calculated;
        value           nonuniform List<vector> 
300
(
(-5.443240004 -0.8723654521 1.662690665e-15)
(-5.13606145 -1.423784723 -4.563131169e-15)
(-5.138710232 -2.193612884 -1.629469467e-15)
(-5.122929606 -2.989245433 6.165096844e-16)
(-5.106381174 -3.784457443 2.650394298e-14)
(-5.092383442 -4.571345186 4.790587386e-14)
(-5.08315937 -5.346767722 5.712683179e-14)
(-5.080517148 -6.109514784 7.032060383e-14)
(-5.085909178 -6.85939164 9.364341735e-14)
(-5.100438086 -7.596802644 7.682241955e-14)
(-5.124877829 -8.322510037 5.466017569e-14)
(-5.159712291 -9.037474847 3.966341472e-14)
(-5.205183847 -9.742746795 3.07274202e-14)
(-5.261344464 -10.43938824 2.858000333e-14)
(-5.328103994 -11.12842313 2.867502441e-14)
(-5.4052726 -11.8108047 2.027162701e-14)
(-5.49259599 -12.48739709 1.729670113e-14)
(-5.589783317 -13.15896695 8.109188614e-15)
(-5.696528253 -13.82618195 4.050786949e-15)
(-5.812524258 -14.48961392 6.325788731e-15)
(-5.937475143 -15.1497451 1.034549417e-14)
(-6.071101686 -15.80697568 4.211734252e-15)
(-6.213145535 -16.46163215 -2.358012651e-15)
(-6.363371146 -17.11397626 -9.961220891e-15)
(-6.521565951 -17.76421266 -1.261677044e-14)
(-6.687540039 -18.41249748 -3.864054046e-15)
(-6.861124747 -19.05894469 2.119390793e-15)
(-7.042171511 -19.70363348 9.250236771e-15)
(-7.230550075 -20.34661343 1.330994064e-14)
(-7.426146996 -20.98791001 9.010110329e-15)
(-7.628864567 -21.62752957 1.034561986e-14)
(-7.838619157 -22.26546312 1.107290086e-14)
(-8.055340877 -22.90169073 1.121413958e-14)
(-8.278972295 -23.53618442 9.797283384e-15)
(-8.509468634 -24.16891236 7.406936326e-15)
(-8.746797265 -24.79984105 7.469522072e-15)
(-8.99093831 -25.42893954 8.170275208e-15)
(-9.241884862 -26.05618191 8.883630632e-15)
(-9.499643906 -26.68155085 1.063755485e-14)
(-9.764237141 -27.30504114 8.826629543e-15)
(-10.03570194 -27.92666328 9.371637353e-15)
(-10.31409221 -28.54644751 5.760335428e-15)
(-10.59947855 -29.16444765 8.965079107e-15)
(-10.89194788 -29.78074559 6.245308679e-15)
(-11.19160113 -30.39545457 4.484246039e-15)
(-11.49854874 -31.00872197 5.068086852e-15)
(-11.81290313 -31.62073047 7.261545868e-15)
(-12.13476679 -32.2316959 8.578641776e-15)
(-12.46421545 -32.84185924 9.307024823e-15)
(-12.80127807 -33.4514729 1.020478102e-14)
(-13.14591453 -34.06077494 9.276126588e-15)
(-13.49799992 -34.66995584 9.413894023e-15)
(-13.85732235 -35.27911996 1.05638008e-14)
(-14.22359738 -35.8882564 1.262384544e-14)
(-14.59649046 -36.4972282 1.115719129e-14)
(-14.97563901 -37.10577393 9.318403751e-15)
(-15.36067299 -37.7135166 8.713005805e-15)
(-15.75123394 -38.31998096 8.511852966e-15)
(-16.14699036 -38.92461393 9.445852634e-15)
(-16.54764983 -39.52681032 1.280777554e-14)
(-16.95296433 -40.12593547 1.500315626e-14)
(-17.36273486 -40.72135084 1.270916199e-14)
(-17.77680877 -41.31243319 1.043944891e-14)
(-18.19507716 -41.89859307 8.453354199e-15)
(-18.61746877 -42.47928696 7.369104449e-15)
(-19.04394381 -43.05402688 6.946302035e-15)
(-19.47448774 -43.62238707 7.236044655e-15)
(-19.90910407 -44.1840045 6.631415917e-15)
(-20.34780942 -44.73858022 5.711540281e-15)
(-20.79062856 -45.28587617 3.570582533e-15)
(-21.23759053 -45.82571182 3.975759065e-15)
(-21.68872603 -46.3579605 5.38407462e-15)
(-22.14406448 -46.88254256 7.97017292e-15)
(-22.60363263 -47.39942009 9.208433011e-15)
(-23.06745479 -47.90859225 7.53375119e-15)
(-23.53555189 -48.41009038 4.391663011e-15)
(-24.00794074 -48.90397076 2.136958955e-15)
(-24.48463701 -49.39031237 2.454435206e-15)
(-24.96565597 -49.86921302 3.176930123e-15)
(-25.45101476 -50.34078641 3.928951925e-15)
(-25.94073737 -50.80516068 3.829893453e-15)
(-26.43486069 -51.26247925 3.507170691e-15)
(-26.93344426 -51.71290529 2.896385299e-15)
(-27.43658276 -52.15662763 1.920612494e-15)
(-27.94442426 -52.59387691 1.47071984e-15)
(-28.45718762 -53.02494837 8.061252264e-16)
(-28.9751736 -53.45023527 2.592219215e-16)
(-29.49875111 -53.87026665 9.584085375e-17)
(-30.02829648 -54.28571622 9.997796838e-16)
(-30.56409421 -54.69735326 3.151147525e-16)
(-31.10625959 -55.10590203 6.78390636e-17)
(-31.65474402 -55.51191828 -3.651815041e-16)
(-32.20939582 -55.91574219 -4.141064397e-16)
(-32.77002291 -56.31753153 -2.460826893e-16)
(-33.33641194 -56.71732086 1.483557882e-15)
(-33.90831477 -57.1150313 5.246489721e-16)
(-34.48546393 -57.51046417 1.862729326e-15)
(-35.06762739 -57.90333493 9.470463965e-16)
(-35.65458672 -58.29337617 1.481790825e-16)
(-36.24604472 -58.68028051 -2.288365988e-16)
(-36.8416231 -59.06360572 -4.783631814e-16)
(-37.44102022 -59.44274666 -6.978533478e-16)
(-38.04403584 -59.81726143 -5.330454239e-16)
(-38.65034114 -60.18672296 -6.186727007e-16)
(-39.2595158 -60.55053119 -8.425344868e-16)
(-39.87134565 -60.9079264 -4.388738573e-16)
(-40.48586515 -61.25858829 5.286449063e-16)
(-41.10284317 -61.60234452 7.880950892e-16)
(-41.72210008 -61.93854774 1.605037819e-16)
(-42.34417472 -62.26701973 -8.642970164e-17)
(-42.96965457 -62.58855915 7.882030641e-16)
(-43.59833532 -62.90380092 2.759869097e-15)
(-44.23032866 -63.2121741 5.698354921e-16)
(-44.86659842 -63.51499751 8.318234864e-16)
(-45.50646395 -63.81298905 2.476036511e-15)
(-46.15056686 -64.10442019 4.287150622e-15)
(-46.79998527 -64.39416613 3.621857983e-15)
(-47.45246413 -64.67672397 3.45253919e-15)
(-48.11685639 -64.95388484 2.943005594e-15)
(-48.79425725 -65.24480135 1.884218132e-15)
(-49.45973458 -65.52376636 1.426085812e-15)
(-50.12009254 -65.78176458 2.377322901e-15)
(-50.78310561 -66.02714523 2.517287258e-15)
(-51.44708765 -66.26358087 2.169005333e-15)
(-52.11207683 -66.49199669 1.627855552e-15)
(-52.77809466 -66.71270143 6.146620265e-16)
(-53.44513836 -66.92572768 -2.830485736e-16)
(-54.11321079 -67.1310011 -2.07882165e-15)
(-54.78235243 -67.32843913 -1.426418073e-15)
(-55.45266574 -67.51803817 -1.250084665e-15)
(-56.12431524 -67.69991807 -9.33535185e-16)
(-56.79751616 -67.87432731 -7.243726571e-16)
(-57.47251406 -68.0416416 -2.28711074e-16)
(-58.14955276 -68.20231289 4.471680706e-16)
(-58.82885544 -68.35682772 7.758186978e-16)
(-59.5105972 -68.50565266 1.70452794e-15)
(-60.194891 -68.64918725 1.538165498e-15)
(-60.88178027 -68.78772143 1.335517517e-15)
(-61.57123909 -68.92142305 6.819828433e-16)
(-62.2631731 -69.05032121 4.942952507e-16)
(-62.95742856 -69.17430954 3.246270907e-16)
(-63.65380401 -69.29316295 2.013263016e-16)
(-64.35206649 -69.40655968 9.51440367e-17)
(-65.05196564 -69.51411249 1.8814352e-17)
(-65.75324999 -69.61539849 -1.416479335e-15)
(-66.45568638 -69.71000277 -1.522524781e-15)
(-67.1590733 -69.79754983 -1.599100988e-15)
(-67.86324556 -69.87773598 -1.5373636e-15)
(-68.56808223 -69.95034272 -1.567729009e-15)
(-69.27350593 -70.01526004 -1.763223052e-15)
(-69.97947591 -70.07247185 -1.385284872e-15)
(-70.68598174 -70.12205393 -2.339451496e-15)
(-71.39303439 -70.16415324 -1.861218338e-15)
(-72.10065439 -70.19896411 -1.46219145e-15)
(-72.80886416 -70.22670391 -2.071925525e-15)
(-73.51767816 -70.2475863 -2.069290701e-15)
(-74.22709903 -70.2618033 -1.986821026e-15)
(-74.93711429 -70.26951244 -2.270472247e-15)
(-75.6476939 -70.27081821 -1.334550601e-15)
(-76.35879304 -70.26577966 -6.743578864e-16)
(-77.07035561 -70.25441055 -2.155754462e-15)
(-77.78231612 -70.23668668 -1.282669509e-15)
(-78.4946046 -70.21255536 -9.830331138e-16)
(-79.20715099 -70.18195156 -9.449508497e-16)
(-79.9198845 -70.14480453 -9.369026437e-16)
(-80.63274039 -70.10104943 -1.353169649e-15)
(-81.34565336 -70.05063113 -1.953073913e-15)
(-82.05856608 -69.99351054 -3.519979276e-15)
(-82.77142369 -69.92966411 -2.604294123e-15)
(-83.4841744 -69.85908772 -2.279288204e-15)
(-84.1967684 -69.78178214 -2.092074209e-15)
(-84.90915984 -69.69776537 -1.692387206e-15)
(-85.62130004 -69.60706507 -1.226123536e-15)
(-86.33313898 -69.50970678 -9.498753047e-16)
(-87.04462539 -69.40571974 -6.547881481e-16)
(-87.75570564 -69.29512381 -3.458309484e-16)
(-88.46632928 -69.177942 -4.975012959e-16)
(-89.17644211 -69.05418975 -6.12554402e-16)
(-89.88599294 -68.92388155 -1.007412337e-15)
(-90.59492918 -68.78702897 -1.424089357e-15)
(-91.30319814 -68.64364255 -1.229459475e-15)
(-92.01075077 -68.4937326 -9.000070475e-16)
(-92.71753404 -68.33730732 -3.827563273e-16)
(-93.42349826 -68.17437774 -5.845056943e-16)
(-94.12859367 -68.00495398 -6.623531236e-16)
(-94.83276939 -67.82904673 -5.681315259e-16)
(-95.53597735 -67.64666884 -1.000856857e-15)
(-96.23816643 -67.45783211 -1.326328701e-15)
(-96.93928854 -67.26254784 -1.04674498e-15)
(-97.63929356 -67.06083337 -9.043649492e-16)
(-98.33813268 -66.85269953 -7.714873341e-16)
(-99.03575793 -66.63816243 -7.773551444e-16)
(-99.7321205 -66.41723856 -7.229037023e-16)
(-100.4271718 -66.18994107 -8.214670743e-16)
(-101.1208648 -65.9562903 -8.129931302e-16)
(-101.8131507 -65.71629826 -1.228410527e-15)
(-102.5039938 -65.4699968 -1.261726326e-15)
(-103.1933071 -65.21744668 -1.126284285e-15)
(-103.8810463 -64.95897517 -1.197536773e-15)
(-104.5778079 -64.75456979 -1.623825544e-15)
(-108.070597 -62.7630614 -9.04009385e-16)
(-109.7263485 -62.37118954 -3.962786328e-16)
(-110.6951174 -62.6054155 -3.967297524e-15)
(-111.4562825 -63.02705179 -1.207603984e-15)
(-112.1346527 -63.45835324 -4.706239341e-16)
(-112.7601864 -63.85229685 -1.408869792e-17)
(-113.3363807 -64.20071212 -1.112826251e-15)
(-113.8625173 -64.50621045 -1.847332579e-15)
(-114.3403644 -64.77544769 -1.682893602e-15)
(-114.7752539 -65.0169258 -5.20575163e-16)
(-115.174988 -65.23919898 -1.01883326e-15)
(-115.5480983 -65.44941152 -2.676453276e-15)
(-115.9024072 -65.65264617 -2.020104422e-15)
(-116.2442371 -65.85199233 -2.088832119e-15)
(-116.578102 -66.04891366 -1.648120005e-15)
(-116.9068051 -66.24371096 -1.478970973e-15)
(-117.2317466 -66.43597689 -1.388052099e-15)
(-117.5533716 -66.62505194 -1.830060136e-15)
(-117.871727 -66.81048889 -2.278165591e-15)
(-118.186973 -66.99239442 -2.985837569e-15)
(-118.4997206 -67.17155644 -1.832346708e-15)
(-118.8112139 -67.34939021 -2.60315693e-15)
(-119.1232533 -67.52768821 -2.467399749e-15)
(-119.4379849 -67.70832346 -2.278312459e-15)
(-119.7576589 -67.89299496 -2.006311142e-15)
(-120.084339 -68.08302592 -2.734269629e-15)
(-120.4197292 -68.27929923 -2.47416704e-15)
(-120.765056 -68.48226448 -1.708302456e-15)
(-121.1210248 -68.69199146 -2.318240619e-15)
(-121.487887 -68.90828703 -2.802579604e-15)
(-121.8655571 -69.13082709 -2.953541936e-15)
(-122.2537317 -69.35929244 -3.61509082e-15)
(-122.652091 -69.59355086 -4.239849082e-15)
(-123.0604393 -69.83376612 -3.382908266e-15)
(-123.4788056 -70.0804265 -3.754629178e-15)
(-123.9074767 -70.33425604 -3.666763672e-15)
(-124.3468662 -70.59598405 -3.455129855e-15)
(-124.7973551 -70.86611719 -2.972062731e-15)
(-125.2590668 -71.1447287 -2.542074029e-15)
(-125.7317205 -71.43138233 -2.952517891e-15)
(-126.2146072 -71.72519742 -2.537589925e-15)
(-126.7065946 -72.02496794 -2.563885247e-15)
(-127.2062546 -72.32935431 -2.767930489e-15)
(-127.7119923 -72.6370451 -3.71678134e-15)
(-128.2221652 -72.94686321 -3.850714753e-15)
(-128.7352211 -73.257849 -3.475202799e-15)
(-129.249768 -73.56927274 -3.646016694e-15)
(-129.7645924 -73.8805891 -3.330281406e-15)
(-130.2786928 -74.1914062 -3.563350092e-15)
(-130.7912278 -74.50140915 -2.787864103e-15)
(-131.301477 -74.81030849 -2.804854549e-15)
(-131.8088325 -75.11781824 -3.545037077e-15)
(-132.3127173 -75.42360263 -4.34652345e-15)
(-132.8125931 -75.72728311 -3.022762482e-15)
(-133.3079276 -76.02843289 -4.234460544e-15)
(-133.7981569 -76.32656839 -3.226855004e-15)
(-134.2827099 -76.62118386 -3.084809631e-15)
(-134.7610266 -76.91178785 -4.106864587e-15)
(-135.2325572 -77.1979342 -3.505127981e-15)
(-135.6968306 -77.47930626 -3.44325434e-15)
(-136.1534685 -77.75575955 -3.381102386e-15)
(-136.6022226 -78.02735229 -2.978516291e-15)
(-137.0430237 -78.29433599 -2.415282391e-15)
(-137.4759322 -78.55703845 -2.923482253e-15)
(-137.9011142 -78.81574593 -3.490596237e-15)
(-138.3187302 -79.07055008 -2.870356404e-15)
(-138.7288539 -79.32127262 -1.896464923e-15)
(-139.1314506 -79.56750189 -1.33719682e-15)
(-139.5263376 -79.80867748 -1.958939642e-15)
(-139.9132453 -80.04426316 -2.446668869e-15)
(-140.2918744 -80.27388774 -2.976898608e-15)
(-140.6619465 -80.49740799 -2.989246881e-15)
(-141.0232878 -80.71491758 -2.929890703e-15)
(-141.3758587 -80.92667321 -3.003215053e-15)
(-141.7197165 -81.13296913 -3.538795395e-15)
(-142.0550161 -81.33407418 -4.305018536e-15)
(-142.3819398 -81.53017747 -3.7289389e-15)
(-142.7006702 -81.72140007 -3.402582934e-15)
(-143.0114078 -81.90784842 -3.103150267e-15)
(-143.3143357 -82.08961752 -3.672043857e-15)
(-143.6096465 -82.2668167 -4.367942584e-15)
(-143.897535 -82.43956103 -4.807510045e-15)
(-144.1781679 -82.60794737 -5.057606438e-15)
(-144.4517127 -82.77207069 -4.013142651e-15)
(-144.7183462 -82.93203429 -3.661867793e-15)
(-144.9782283 -83.0879329 -3.965350286e-15)
(-145.2315369 -83.23987315 -5.189069789e-15)
(-145.4784334 -83.38795115 -4.402720262e-15)
(-145.7190628 -83.53225343 -4.446477041e-15)
(-145.9535879 -83.67288327 -4.241449529e-15)
(-146.1821578 -83.80994152 -3.545113057e-15)
(-146.4049441 -83.94354852 -3.919022432e-15)
(-146.6221068 -84.07381961 -3.345135894e-15)
(-146.8337937 -84.20085953 -3.788715646e-15)
(-147.0401716 -84.32478035 -3.429338361e-15)
(-147.2413914 -84.44567545 -3.054948797e-15)
(-147.4376137 -84.56363617 -3.525038333e-15)
(-147.6289976 -84.67874713 -4.578003915e-15)
(-147.8156676 -84.7910707 -4.04511285e-15)
(-147.9944992 -84.90595137 -3.547235895e-15)
)
;
    }
    outlet
    {
        type            calculated;
        value           uniform (0 0 0);
    }
    front
    {
        type            wedge;
    }
    back
    {
        type            wedge;
    }
}


// ************************************************************************* //
