/*--------------------------------*- C++ -*----------------------------------*\
| =========                 |                                                 |
| \\      /  F ield         | OpenFOAM: The Open Source CFD Toolbox           |
|  \\    /   O peration     | Version:  v1706                                 |
|   \\  /    A nd           | Web:      www.OpenFOAM.com                      |
|    \\/     M anipulation  |                                                 |
\*---------------------------------------------------------------------------*/
FoamFile
{
    version     2.0;
    format      ascii;
    class       volScalarField;
    location    "0.00067";
    object      wallHeatFlux;
}
// * * * * * * * * * * * * * * * * * * * * * * * * * * * * * * * * * * * * * //

dimensions      [1 0 -3 0 0 0 0];


internalField   uniform 0;

boundaryField
{
    inlet
    {
        type            calculated;
        value           uniform 0;
    }
    object
    {
        type            calculated;
        value           nonuniform List<scalar> 
300
(
638153.6371
639478.2111
639953.0827
640206.8142
640345.6161
640409.3423
640418.2442
640384.464
640316.0375
640218.604
640096.2574
639952.0194
639788.1313
639606.2555
639407.6139
639193.0943
638963.3302
638718.7655
638459.6997
638186.3251
637898.7634
637597.0786
637281.2948
636951.4218
636607.44
636249.3379
635877.0848
635490.6662
635090.0593
634675.2443
634246.2129
633802.9517
633345.4607
632873.7281
632387.7579
631887.5364
631373.0598
630844.3101
630301.2616
629743.8739
629172.0883
628585.8237
627984.9674
627369.3789
626738.8762
626093.233
625432.184
624755.4291
624062.6309
623353.4579
622627.584
621884.7514
621124.8005
620347.6958
619553.547
618742.6151
617915.2923
617072.1019
616213.6663
615340.7093
614453.99
613554.3261
612642.5289
611719.4131
610785.7579
609842.2994
608889.7328
607928.6767
606959.6919
605983.266
604999.8152
604009.6989
603013.2005
602010.5366
601001.8764
599987.3399
598966.9783
597940.8138
596908.8232
595870.9377
594827.0465
593776.9852
592720.5352
591657.3811
590587.0979
589509.0878
588422.5278
587326.3377
586219.1687
585099.5854
583966.2699
582818.2406
581654.8757
580475.8366
579280.9926
578070.3989
576844.314
575603.182
574347.4113
573077.5805
571794.5886
570499.6114
569193.5062
567877.2475
566552.2227
565219.9843
563881.1388
562536.243
561186.7214
559832.5094
558471.7269
557103.4822
555728.9525
554344.702
552950.0648
551547.9118
550127.3673
548701.8423
547254.1882
545749.8734
544276.1092
542836.9505
541402.162
539967.7318
538532.0613
537094.5713
535655.2052
534214.1157
532771.465
531327.2039
529880.9984
528432.2134
526979.9096
525522.9678
524060.2206
522590.5147
521112.8635
519626.5498
518131.1505
516626.5752
515113.0698
513591.1846
512061.7471
510525.7596
508984.3265
507438.5793
505889.5945
504338.268
502785.3153
501231.202
499676.1538
498120.1659
496563.0501
495004.4721
493444.0255
491881.2779
490315.8286
488747.3453
487175.599
485600.466
484021.9313
482440.0704
480855.0402
479267.0438
477676.2892
476083.0128
474487.4103
472889.6598
471289.8983
469688.2453
468084.7872
466479.5783
464872.6539
463264.0514
461653.7991
460041.9261
458428.4811
456813.4989
455197.0343
453579.1378
451959.8576
450339.2626
448717.4017
447094.3353
445470.1228
443844.8159
442218.4759
440591.1481
438962.895
437333.7579
435703.7887
434073.0418
432441.5614
430809.3956
429176.591
427543.1928
425909.2488
424274.8473
422640.0936
421009.6515
418267.7267
416849.2037
415167.1281
413176.6603
411080.5033
409022.4354
407082.7382
405298.1656
403673.2833
402189.6263
400816.2953
399519.7311
398270.5472
397046.7401
395834.1873
394625.8264
393419.95
392217.8669
391021.5909
389831.6319
388645.5239
387457.5364
386259.1342
385040.2513
383790.7437
382501.5362
381165.5137
379777.8613
378335.9236
376839.0205
375287.8611
373683.7618
372027.8662
370320.2182
368559.3784
366742.6189
364866.5765
362928.4531
360926.9778
358863.1589
356740.4943
354564.5776
352342.5037
350082.0589
347790.8802
345476.0324
343143.7281
340799.17
338446.7122
336089.9361
333731.9311
331375.5588
329023.6322
326679.0699
324344.9669
322024.5247
319721.1394
317438.2779
315179.2441
312946.9798
310743.6401
308570.4014
306427.4529
304314.1847
302229.764
300173.6447
298146.1301
296148.6253
294183.4179
292253.2641
290360.7613
288507.7314
286695.0791
284922.8332
283190.3926
281496.9399
279841.5979
278223.5824
276642.2176
275096.8338
273586.7868
272111.4394
270670.0924
269262.0969
267886.8235
266543.6179
265231.8703
263950.9289
262700.1441
261478.8813
260286.4566
259122.1954
257985.3482
256875.152
255790.874
254731.7824
253697.2101
252686.549
251699.1763
250734.578
)
;
    }
    outlet
    {
        type            calculated;
        value           uniform 0;
    }
    front
    {
        type            wedge;
    }
    back
    {
        type            wedge;
    }
}


// ************************************************************************* //
