/*--------------------------------*- C++ -*----------------------------------*\
| =========                 |                                                 |
| \\      /  F ield         | OpenFOAM: The Open Source CFD Toolbox           |
|  \\    /   O peration     | Version:  v1706                                 |
|   \\  /    A nd           | Web:      www.OpenFOAM.com                      |
|    \\/     M anipulation  |                                                 |
\*---------------------------------------------------------------------------*/
FoamFile
{
    version     2.0;
    format      ascii;
    class       volVectorField;
    location    "0.0022";
    object      wallShearStress;
}
// * * * * * * * * * * * * * * * * * * * * * * * * * * * * * * * * * * * * * //

dimensions      [1 -1 -2 0 0 0 0];


internalField   uniform (0 0 0);

boundaryField
{
    inlet
    {
        type            calculated;
        value           nonuniform 0();
    }
    object
    {
        type            calculated;
        value           nonuniform List<vector> 
204
(
(-6.288181588 -17.19773335 -0.1536633623)
(-6.339352921 -17.25433824 -0.1558362261)
(-6.387997624 -17.30869783 -0.1580327867)
(-6.430701035 -17.36077614 -0.1602671041)
(-6.468522375 -17.41575439 -0.1626035634)
(-6.505270276 -17.4819636 -0.164977684)
(-6.539875263 -17.55693812 -0.1673654606)
(-6.573559505 -17.63732784 -0.169766452)
(-6.607227104 -17.72128244 -0.1721800762)
(-6.641266175 -17.80792573 -0.174605571)
(-6.675824651 -17.8968162 -0.1770420546)
(-6.710953088 -17.98771205 -0.1794885698)
(-6.746665588 -18.08046655 -0.1819443269)
(-6.782964853 -18.17498615 -0.1844084813)
(-6.81985093 -18.27120741 -0.1868800701)
(-6.857324253 -18.36908777 -0.189358368)
(-6.895386308 -18.46859906 -0.1918423402)
(-6.934040511 -18.56972589 -0.1943311667)
(-6.973291069 -18.67246023 -0.1968238969)
(-7.013143238 -18.77680129 -0.1993198671)
(-7.053604676 -18.88275506 -0.201818121)
(-7.094683063 -18.99033187 -0.2043178146)
(-7.13638739 -19.09954596 -0.2068181383)
(-7.178727338 -19.21041592 -0.2093182819)
(-7.221714344 -19.32296436 -0.2118173868)
(-7.265359533 -19.43721562 -0.2143144714)
(-7.309676068 -19.55319834 -0.2168089244)
(-7.354676504 -19.6709417 -0.2193000273)
(-7.400375564 -19.79048022 -0.2217868395)
(-7.446788316 -19.91184913 -0.2242686901)
(-7.493930293 -20.03508605 -0.2267447571)
(-7.541817749 -20.16023073 -0.2292142986)
(-7.590468558 -20.28732682 -0.2316766067)
(-7.639900666 -20.4164181 -0.2341309307)
(-7.690132872 -20.54755167 -0.2365765419)
(-7.741185314 -20.68077733 -0.2390126679)
(-7.793078455 -20.81614593 -0.2414388724)
(-7.845833946 -20.95371187 -0.2438543941)
(-7.899473886 -21.09353032 -0.2462585745)
(-7.954022034 -21.23566089 -0.2486509287)
(-8.009502666 -21.38016433 -0.2510305317)
(-8.065941244 -21.52710447 -0.2533968868)
(-8.123363582 -21.67654634 -0.2557494928)
(-8.181797749 -21.82856027 -0.2580875824)
(-8.241272666 -21.98321849 -0.2604108282)
(-8.30181751 -22.1405942 -0.262718654)
(-8.363463825 -22.3007664 -0.2650105613)
(-8.426243953 -22.46381625 -0.267285856)
(-8.490191906 -22.62982846 -0.2695442653)
(-8.555342979 -22.79889068 -0.271785302)
(-8.621733357 -22.97109405 -0.2740085634)
(-8.689402754 -23.14653651 -0.2762134898)
(-8.758391059 -23.32531766 -0.2783995846)
(-8.828740058 -23.5075412 -0.2805664976)
(-8.900494899 -23.69331822 -0.2827140337)
(-8.973700879 -23.88276105 -0.2848416979)
(-9.048406301 -24.07598892 -0.2869492647)
(-9.124662242 -24.27312794 -0.2890364319)
(-9.20252285 -24.47431011 -0.2911026159)
(-9.282043577 -24.67967225 -0.2931478509)
(-9.363283981 -24.88935955 -0.2951716834)
(-9.44630584 -25.10352378 -0.2971741336)
(-9.531174902 -25.32232435 -0.2991547208)
(-9.617961483 -25.54593122 -0.3011132545)
(-9.706736898 -25.77451825 -0.3030496769)
(-9.797579855 -26.00827585 -0.3049638961)
(-9.890571539 -26.24739896 -0.3068557272)
(-9.985799553 -26.49209809 -0.3087249146)
(-10.08335659 -26.7425955 -0.3105715266)
(-10.18334086 -26.9991259 -0.3123953506)
(-10.28585797 -27.26193952 -0.3141965457)
(-10.39101838 -27.53129917 -0.3159748101)
(-10.49894362 -27.80749087 -0.3177302914)
(-10.60976226 -28.09081789 -0.3194628304)
(-10.72361285 -28.3816032 -0.3211727092)
(-10.84064334 -28.6801927 -0.3228597715)
(-10.96101637 -28.98696331 -0.3245242207)
(-11.08490544 -29.30231507 -0.3261662272)
(-11.21250071 -29.62668419 -0.3277857523)
(-11.34400956 -29.96054288 -0.3293829409)
(-11.47965661 -30.30440044 -0.3309579664)
(-11.61969161 -30.6588194 -0.3325108747)
(-11.76438614 -31.02440615 -0.334042152)
(-11.91404475 -31.40183569 -0.3355519659)
(-12.06900321 -31.79184638 -0.3370405292)
(-12.22963928 -32.19526049 -0.3385082113)
(-12.39637393 -32.61298631 -0.339955201)
(-12.56968784 -33.04604985 -0.3413819435)
(-12.75012737 -33.49560038 -0.3427887433)
(-12.93831638 -33.96293538 -0.3441760485)
(-13.13498104 -34.44954296 -0.3455443869)
(-13.34097044 -34.95713452 -0.3468943932)
(-13.55728986 -35.48769774 -0.3482263778)
(-13.78514286 -36.04356244 -0.3495411627)
(-14.0259925 -36.62749073 -0.3508393582)
(-14.28165668 -37.24281976 -0.3521218108)
(-14.55443076 -37.89362189 -0.3533893404)
(-14.84729589 -38.58497799 -0.3546430414)
(-15.16425055 -39.32337573 -0.355883684)
(-15.51087596 -40.11730076 -0.3571127091)
(-15.89545649 -40.97813887 -0.3583312412)
(-16.33173795 -41.92116056 -0.3595397874)
(-16.84846815 -42.96411381 -0.3607348188)
(-17.53902328 -44.10851984 -0.3618985084)
(-18.44073893 -45.16798619 -0.3615896329)
(-19.22257854 -46.07309127 -0.3608679795)
(-20.00241102 -46.83284066 -0.3601058981)
(-20.8021755 -47.46424586 -0.3593013742)
(-21.61778142 -47.99817201 -0.3584536721)
(-22.4449649 -48.45683116 -0.3575625548)
(-23.28030631 -48.85556191 -0.3566285806)
(-24.12128306 -49.20475352 -0.355652244)
(-24.96607787 -49.51141416 -0.3546343789)
(-25.81336378 -49.78030204 -0.3535761271)
(-26.6621228 -50.01469136 -0.3524786357)
(-27.51152316 -50.21688123 -0.3513432153)
(-28.36084848 -50.38854084 -0.3501710858)
(-29.20944439 -50.53091705 -0.3489635134)
(-30.0566984 -50.64498748 -0.3477219994)
(-30.90201948 -50.73154367 -0.3464479057)
(-31.74483193 -50.79125129 -0.345142555)
(-32.58457826 -50.82469888 -0.3438075768)
(-33.42070308 -50.83241113 -0.3424443031)
(-34.25267534 -50.81488438 -0.3410543261)
(-35.07995847 -50.7725741 -0.3396389537)
(-35.902038 -50.70593185 -0.3381996238)
(-36.71841675 -50.6153972 -0.3367377492)
(-37.52860004 -50.50140005 -0.3352549517)
(-38.33211835 -50.36437423 -0.3337525359)
(-39.12851182 -50.2047508 -0.3322318124)
(-39.91736318 -50.02297788 -0.3306944746)
(-40.69828945 -49.81949065 -0.3291417193)
(-41.47116857 -49.59469853 -0.3275748528)
(-42.23928333 -49.34329999 -0.3259955055)
(-43.04676735 -49.09407369 -0.3244083435)
(-43.83182764 -48.83768555 -0.3228124809)
(-44.58730076 -48.55628718 -0.3212079241)
(-45.32853127 -48.2517708 -0.3195960476)
(-46.05701715 -47.92640005 -0.3179779994)
(-46.77322576 -47.5808049 -0.3163549159)
(-47.47719816 -47.21557586 -0.3147277999)
(-48.16880212 -46.83132315 -0.3130979894)
(-48.84785049 -46.42866946 -0.31146647)
(-49.5141319 -46.00822638 -0.3098342055)
(-50.16744909 -45.57059918 -0.3082024348)
(-50.80761464 -45.11637901 -0.3065718122)
(-51.43444756 -44.6461366 -0.3049434669)
(-52.04779024 -44.16043397 -0.3033183389)
(-52.64751556 -43.65983634 -0.3016975067)
(-53.23351964 -43.14490986 -0.3000814658)
(-53.8057094 -42.61620925 -0.2984713196)
(-54.36401413 -42.07428757 -0.2968678008)
(-54.90838738 -41.51970211 -0.2952716479)
(-55.43875733 -40.95302694 -0.2936835663)
(-55.95510585 -40.37479338 -0.2921045259)
(-56.45744503 -39.78553229 -0.2905348639)
(-56.94579405 -39.18576509 -0.2889755481)
(-57.42017537 -38.57600292 -0.2874273763)
(-57.8806329 -37.95675195 -0.2858907196)
(-58.32721304 -37.32850804 -0.284366074)
(-58.7599778 -36.69175635 -0.2828542843)
(-59.17899847 -36.04697327 -0.2813557838)
(-59.58435043 -35.39462014 -0.2798710585)
(-59.97612313 -34.73514913 -0.2784005729)
(-60.35441238 -34.06900101 -0.276944823)
(-60.71931791 -33.39660033 -0.2755044673)
(-61.0709506 -32.71836578 -0.2740796267)
(-61.40942575 -32.03469852 -0.2726709217)
(-61.73486101 -31.34598833 -0.271278693)
(-62.04738291 -30.65261471 -0.2699032794)
(-62.34712372 -29.95494512 -0.2685449963)
(-62.63421747 -29.25333687 -0.2672044624)
(-62.90880616 -28.54813135 -0.2658816369)
(-63.17103248 -27.83966611 -0.2645770367)
(-63.42104152 -27.12825947 -0.2632906406)
(-63.6589873 -26.41422536 -0.2620230189)
(-63.88501895 -25.69786504 -0.2607743546)
(-64.09929498 -24.97946839 -0.2595448482)
(-64.30197135 -24.25931848 -0.2583349458)
(-64.49321167 -23.53768428 -0.2571445202)
(-64.67317947 -22.81483241 -0.2559737879)
(-64.84204012 -22.09101431 -0.2548231608)
(-64.99995333 -21.36647127 -0.2536927616)
(-65.14709315 -20.64143942 -0.252582411)
(-65.28362664 -19.91614775 -0.2514925536)
(-65.40972137 -19.19081256 -0.2504233009)
(-65.525551 -18.46564351 -0.2493747537)
(-65.63128564 -17.74084495 -0.2483469988)
(-65.72709728 -17.01660897 -0.2473404124)
(-65.8131614 -16.29312361 -0.2463547551)
(-65.88964647 -15.57057015 -0.245390136)
(-65.95672267 -14.84911879 -0.2444468884)
(-66.01456572 -14.12893316 -0.2435247545)
(-66.0633472 -13.41017373 -0.2426241375)
(-66.10323989 -12.69299455 -0.2417450429)
(-66.13441332 -11.97753596 -0.2408875249)
(-66.15703689 -11.26394026 -0.2400513342)
(-66.17128395 -10.55233758 -0.2392368554)
(-66.17732262 -9.842858919 -0.2384440666)
(-66.17532124 -9.135619465 -0.2376730212)
(-66.1654481 -8.43073826 -0.2369237647)
(-66.14787188 -7.728339604 -0.2361963314)
(-66.12343191 -7.028689976 -0.2354910606)
(-66.3201824 -6.402420175 -0.2348076568)
)
;
    }
    outlet
    {
        type            calculated;
        value           uniform (0 0 0);
    }
    front
    {
        type            wedge;
    }
    back
    {
        type            wedge;
    }
    procBoundary3to1
    {
        type            processor;
        value           uniform (0 0 0);
    }
    procBoundary3to2
    {
        type            processor;
        value           uniform (0 0 0);
    }
}


// ************************************************************************* //
