/*--------------------------------*- C++ -*----------------------------------*\
| =========                 |                                                 |
| \\      /  F ield         | OpenFOAM: The Open Source CFD Toolbox           |
|  \\    /   O peration     | Version:  v1706                                 |
|   \\  /    A nd           | Web:      www.OpenFOAM.com                      |
|    \\/     M anipulation  |                                                 |
\*---------------------------------------------------------------------------*/
FoamFile
{
    version     2.0;
    format      ascii;
    class       volVectorField;
    location    "0.00246";
    object      wallShearStress;
}
// * * * * * * * * * * * * * * * * * * * * * * * * * * * * * * * * * * * * * //

dimensions      [1 -1 -2 0 0 0 0];


internalField   uniform (0 0 0);

boundaryField
{
    inlet
    {
        type            calculated;
        value           nonuniform 0();
    }
    object
    {
        type            calculated;
        value           nonuniform List<vector> 
196
(
(-0.3871839968 -0.1908985166 -7.148129949e-15)
(-0.3671625462 -0.3125005994 -2.128089397e-14)
(-0.369607468 -0.4839409495 -3.678995325e-14)
(-0.3715046727 -0.66329402 -2.379743913e-14)
(-0.3739325707 -0.8451426459 -2.085763802e-14)
(-0.376971045 -1.028029336 2.570738475e-15)
(-0.3806251751 -1.211385085 1.220075135e-14)
(-0.384891046 -1.394929039 1.333462444e-14)
(-0.3897641273 -1.578496755 1.762158872e-14)
(-0.3952405699 -1.761978276 1.114179436e-14)
(-0.4013173102 -1.945292229 1.212748266e-14)
(-0.407991949 -2.128373768 3.747075311e-15)
(-0.4152626128 -2.311168575 -5.887911296e-16)
(-0.42312783 -2.493629657 5.155100948e-17)
(-0.4315864315 -2.675715596 -8.547007139e-16)
(-0.4406374708 -2.85738953 -2.904943513e-15)
(-0.4502801641 -3.03861858 -7.28255556e-15)
(-0.4605138383 -3.219373424 -1.089851444e-14)
(-0.4713378944 -3.399628118 -1.94374828e-14)
(-0.4827517734 -3.579359852 -2.097765961e-14)
(-0.4947549341 -3.758548855 -2.605093249e-14)
(-0.507346833 -3.93717824 -2.330892845e-14)
(-0.5205269099 -4.115233883 -1.740796226e-14)
(-0.5342945775 -4.292704318 -1.172952123e-14)
(-0.5486492126 -4.469580585 -4.487687829e-15)
(-0.5635901508 -4.645856101 -1.285904924e-15)
(-0.5791166838 -4.821526534 -1.604396421e-17)
(-0.5952280598 -4.996589667 -7.868757254e-17)
(-0.6119234761 -5.171045188 7.83330081e-17)
(-0.6292020914 -5.344894631 -1.533559743e-15)
(-0.6470630182 -5.518141162 1.014772661e-16)
(-0.6655053287 -5.690789433 1.364163051e-15)
(-0.6845280598 -5.862845462 9.930538045e-16)
(-0.7041302113 -6.034316448 -3.278441567e-16)
(-0.7243107544 -6.205210661 -1.66092943e-15)
(-0.7450686307 -6.37553727 -1.942830259e-17)
(-0.7664027578 -6.545306238 -7.572550328e-17)
(-0.7883120289 -6.714528148 1.797927307e-16)
(-0.8107953219 -6.88321416 6.751662946e-16)
(-0.8338514917 -7.05137578 2.404905706e-15)
(-0.8574793774 -7.21902483 2.361469973e-16)
(-0.8816778063 -7.386173349 1.911385961e-16)
(-0.9064455868 -7.552833437 -3.24936303e-16)
(-0.9317815118 -7.719017171 1.443430773e-16)
(-0.9576843639 -7.884736595 1.364830974e-15)
(-0.9841528999 -8.050003509 6.463721997e-16)
(-1.011185868 -8.214829533 -3.486232529e-17)
(-1.038781988 -8.379225916 5.490568184e-16)
(-1.066939964 -8.54320358 3.168726104e-17)
(-1.095658472 -8.706772977 -9.220284309e-16)
(-1.124936159 -8.869944055 8.183757545e-17)
(-1.15477165 -9.032726319 1.969161272e-15)
(-1.185163531 -9.195128588 1.280691322e-15)
(-1.216110329 -9.357158946 9.807834467e-16)
(-1.247610609 -9.518825394 3.167070674e-15)
(-1.279662781 -9.680134387 8.456956364e-16)
(-1.312265316 -9.841092481 -9.985976128e-18)
(-1.345416562 -10.00170499 -1.572368301e-15)
(-1.379114889 -10.16197702 -1.508236686e-15)
(-1.41335851 -10.32191216 -3.993253735e-16)
(-1.44814575 -10.48151438 5.244895542e-17)
(-1.483474717 -10.64078576 2.017703264e-16)
(-1.519343568 -10.79972839 5.201975429e-16)
(-1.555750374 -10.95834342 1.461441307e-16)
(-1.592693139 -11.11663132 -2.971574812e-17)
(-1.63016986 -11.27459207 -5.910436221e-16)
(-1.668178432 -11.43222467 -1.379642773e-15)
(-1.706716786 -11.58952801 -8.658550905e-16)
(-1.745782704 -11.74649966 -4.4008158e-16)
(-1.785373939 -11.90313691 -4.31559569e-16)
(-1.825488326 -12.05943735 -1.355611794e-15)
(-1.866123494 -12.21539683 -7.587076587e-16)
(-1.907277126 -12.37101155 -7.235429759e-16)
(-1.948946894 -12.52627724 -3.899079585e-17)
(-1.991130368 -12.68118898 1.112879795e-16)
(-2.033825134 -12.83574171 -1.774637693e-16)
(-2.077028785 -12.98993028 7.069647571e-16)
(-2.120738766 -13.14374871 1.413890198e-16)
(-2.164952688 -13.29719187 4.060077283e-16)
(-2.209668021 -13.45025368 2.158347158e-16)
(-2.254882212 -13.60292795 7.512087226e-16)
(-2.300592827 -13.75520907 6.612063376e-16)
(-2.346797227 -13.90709047 5.349776044e-16)
(-2.393492946 -14.05856647 5.355586415e-17)
(-2.440677395 -14.20963073 2.465386029e-16)
(-2.488348037 -14.36027735 8.283734486e-16)
(-2.536502277 -14.51050021 2.368227501e-16)
(-2.585137611 -14.66029368 2.146332275e-17)
(-2.634251442 -14.809652 4.351491536e-17)
(-2.683841143 -14.95856912 -1.823660015e-17)
(-2.73390425 -15.10704013 1.966938341e-16)
(-2.784438041 -15.25505889 -2.010282242e-16)
(-2.835440087 -15.40262098 -5.980664814e-16)
(-2.88690764 -15.54972043 -6.264030665e-16)
(-2.938838139 -15.69635254 -9.966261424e-16)
(-2.991229027 -15.84251272 -6.131850112e-17)
(-3.044077655 -15.98819615 -3.308862545e-16)
(-3.097381296 -16.13339773 1.0595982e-16)
(-3.151137437 -16.27811369 -4.343011785e-18)
(-3.205343201 -16.42233868 2.698637628e-16)
(-3.259996085 -16.56606925 4.914670223e-17)
(-3.315093312 -16.70930098 6.567503984e-17)
(-3.370632106 -16.85202945 5.53148066e-17)
(-3.426609644 -16.99425029 6.323759389e-17)
(-3.483023233 -17.13596013 -4.269108806e-16)
(-3.539870038 -17.27715474 -1.555390308e-16)
(-3.597147045 -17.41782956 -4.995876349e-17)
(-3.654851515 -17.55798121 -1.63693097e-16)
(-3.712980327 -17.69760514 6.279751842e-16)
(-3.771530695 -17.83669795 6.247409144e-16)
(-3.830499401 -17.97525493 1.040267917e-15)
(-3.889883339 -18.11327174 1.267351352e-15)
(-3.949679621 -18.25074528 4.774560525e-16)
(-4.009884749 -18.38767 -2.283676833e-16)
(-4.070495466 -18.52404149 -3.752944577e-16)
(-4.131508623 -18.65985607 -1.194630319e-15)
(-4.192920787 -18.79510895 -2.015775836e-15)
(-4.254728459 -18.92979508 -7.425372755e-16)
(-4.316928189 -19.06390982 7.680292288e-16)
(-4.379516254 -19.19744775 4.808168504e-16)
(-4.442489131 -19.33040414 1.468970431e-16)
(-4.505843019 -19.4627736 1.435022633e-16)
(-4.569574089 -19.59455049 9.065349283e-17)
(-4.633678331 -19.72572874 -4.797018413e-17)
(-4.698151978 -19.85630342 2.746683195e-16)
(-4.762990863 -19.98626816 -7.850897835e-17)
(-4.828190859 -20.11561688 -5.570578353e-16)
(-4.893747612 -20.24434266 -2.125237524e-15)
(-4.959656995 -20.37243991 -1.273491203e-15)
(-5.025914302 -20.49990074 -1.626850888e-16)
(-5.092515278 -20.62671936 -1.479780892e-16)
(-5.159455154 -20.752888 6.036121188e-17)
(-5.226729234 -20.87839949 1.258485513e-16)
(-5.294332711 -21.00324628 8.872527811e-17)
(-5.362260608 -21.12742071 2.066196879e-17)
(-5.430507948 -21.25091495 2.557671451e-16)
(-5.499069653 -21.37372115 -9.851905713e-17)
(-5.567940323 -21.49583046 1.869330312e-17)
(-5.637114522 -21.61723422 3.248576167e-17)
(-5.706587068 -21.73792473 3.976036068e-17)
(-5.77635196 -21.85789184 3.012045643e-16)
(-5.846403583 -21.97712678 1.455317068e-16)
(-5.91673612 -22.09562039 -9.205838518e-17)
(-5.987343464 -22.21336289 1.874002434e-17)
(-6.058219716 -22.33034492 -3.210413272e-16)
(-6.129357989 -22.44655482 -9.543769196e-17)
(-6.200752354 -22.56198367 3.246161574e-17)
(-6.27239607 -22.67662071 2.411059626e-16)
(-6.344282231 -22.79045454 1.692940888e-16)
(-6.416403992 -22.90347424 -4.791339203e-17)
(-6.48875414 -23.0156681 -1.567399335e-18)
(-6.561325508 -23.12702473 -3.522660879e-18)
(-6.634110471 -23.23753187 -2.538150681e-16)
(-6.707101231 -23.34717666 -3.301803365e-17)
(-6.780290183 -23.45594733 -2.374746226e-16)
(-6.85366895 -23.56383016 9.008366734e-17)
(-6.927229248 -23.6708116 1.751812918e-17)
(-7.000962229 -23.77687734 -3.879282367e-16)
(-7.074859432 -23.88201418 -6.640764851e-17)
(-7.14891149 -23.98620673 -8.577997636e-18)
(-7.22310906 -24.08943989 5.80522037e-17)
(-7.297442042 -24.19169689 3.383736701e-16)
(-7.371900706 -24.29296248 1.223008739e-16)
(-7.44647465 -24.39321978 -1.663875783e-18)
(-7.521152812 -24.4924505 4.27374875e-16)
(-7.595924344 -24.59063716 1.091720885e-16)
(-7.670777313 -24.68776031 1.710115573e-16)
(-7.745699531 -24.78379954 6.772559244e-16)
(-7.820678853 -24.87873582 9.645314604e-16)
(-7.895701784 -24.97254643 1.052394108e-15)
(-7.970754561 -25.06520855 1.056890104e-15)
(-8.045822436 -25.15669773 9.867150515e-16)
(-8.120891075 -25.24699111 8.02750117e-16)
(-8.195944185 -25.33606124 2.878518662e-16)
(-8.270964839 -25.42387987 1.365926984e-16)
(-8.345935603 -25.51041791 3.76665936e-17)
(-8.420837383 -25.5956435 -1.929781837e-16)
(-8.495650152 -25.67952292 -2.105865664e-16)
(-8.570352759 -25.76202103 -7.853278731e-17)
(-8.64492208 -25.84309872 5.444742858e-18)
(-8.71933326 -25.92271399 7.662422653e-17)
(-8.793559288 -26.00082109 5.157803903e-17)
(-8.867571789 -26.0773729 1.218828983e-16)
(-8.941338331 -26.15231437 1.628824888e-16)
(-9.014823815 -26.22558643 9.206583938e-17)
(-9.087989074 -26.29712319 4.237910388e-16)
(-9.16079042 -26.36685193 3.102109006e-16)
(-9.233178262 -26.43469021 1.646625079e-16)
(-9.305095497 -26.50054392 4.664199698e-17)
(-9.37647687 -26.56430738 -2.303466164e-16)
(-9.44724452 -26.6258557 -3.250207398e-16)
(-9.517305814 -26.68504366 -1.124042279e-16)
(-9.586547241 -26.7416976 -4.443424304e-17)
(-9.654827149 -26.79560879 -2.067695483e-16)
(-9.721960722 -26.84651731 -1.126713387e-16)
(-9.787695353 -26.89409783 -2.539538855e-17)
)
;
    }
    outlet
    {
        type            calculated;
        value           nonuniform 0();
    }
    front
    {
        type            wedge;
    }
    back
    {
        type            wedge;
    }
    procBoundary1to0
    {
        type            processor;
        value           uniform (0 0 0);
    }
    procBoundary1to2
    {
        type            processor;
        value           uniform (0 0 0);
    }
    procBoundary1to3
    {
        type            processor;
        value           uniform (0 0 0);
    }
}


// ************************************************************************* //
