/*--------------------------------*- C++ -*----------------------------------*\
| =========                 |                                                 |
| \\      /  F ield         | OpenFOAM: The Open Source CFD Toolbox           |
|  \\    /   O peration     | Version:  v1706                                 |
|   \\  /    A nd           | Web:      www.OpenFOAM.com                      |
|    \\/     M anipulation  |                                                 |
\*---------------------------------------------------------------------------*/
FoamFile
{
    version     2.0;
    format      ascii;
    class       volScalarField;
    location    "0.00224";
    object      wallHeatFlux;
}
// * * * * * * * * * * * * * * * * * * * * * * * * * * * * * * * * * * * * * //

dimensions      [1 0 -3 0 0 0 0];


internalField   uniform 0;

boundaryField
{
    inlet
    {
        type            calculated;
        value           uniform 0;
    }
    object
    {
        type            calculated;
        value           nonuniform List<scalar> 
400
(
541010.9945
541145.7244
541198.4257
541229.8124
541250.5903
541264.5781
541273.5877
541278.6219
541280.2934
541278.9984
541275.012
541268.5262
541259.685
541248.595
541235.339
541219.9805
541202.5743
541183.1586
541161.7716
541138.4401
541113.1905
541086.0439
541057.0187
541026.1327
540993.4009
540958.8364
540922.4521
540884.2616
540844.2732
540802.4993
540758.9498
540713.633
540666.5591
540617.7356
540567.1715
540514.8742
540460.8518
540405.1102
540347.6588
540288.5019
540227.6459
540165.0988
540100.8659
540034.9514
539967.3631
539898.1034
539827.1796
539754.5941
539680.3535
539604.4612
539526.9198
539447.7374
539366.9151
539284.4472
539200.3601
539114.6293
539027.2775
538938.2957
538847.7028
538755.4745
538661.6484
538566.1966
538469.1333
538370.4586
538270.1738
538168.288
538064.7931
537959.7069
537853.0125
537744.7067
537634.8221
537523.3313
537410.2466
537295.576
537179.3107
537061.453
536942.012
536820.9709
536698.3561
536574.158
536448.3707
536321.013
536192.0666
536061.5503
535929.453
535795.7812
535660.5326
535523.7173
535385.3354
535245.3762
535103.8635
534960.7725
534816.1363
534669.9265
534522.1578
534372.8406
534221.9738
534069.545
533915.5814
533760.0529
533602.9922
533444.3929
533284.253
533122.5652
532959.3546
532794.618
532628.341
532460.5488
532291.2267
532120.4002
531948.0499
531774.1797
531598.8235
531421.9468
531243.5576
531063.6813
530882.3136
530699.4507
530515.1038
530329.2661
530141.9532
529953.1632
529762.8994
529571.1534
529377.9519
529183.2875
528987.1687
528789.5833
528590.5594
528390.0721
528188.1545
527984.7915
527779.9911
527573.7575
527366.0951
527157.011
526946.512
526734.5909
526521.2517
526306.5223
526090.3744
525872.828
525653.8911
525433.5638
525211.8647
524988.7592
524764.2959
524538.4659
524311.2679
524082.7145
523852.8038
523621.5519
523388.9604
523155.0289
522919.7821
522683.2133
522445.3348
522206.1402
521965.6668
521723.9043
521480.8704
521236.5522
520990.985
520744.1751
520496.1191
520246.8486
519996.3598
519744.6599
519491.7875
519237.7349
518982.515
518726.1265
518468.6324
518210.0174
517950.2977
517689.5019
517427.6323
517164.7144
516900.7784
516635.8348
516369.8997
516102.9848
515835.1537
515566.4015
515296.7668
515026.2681
514754.9423
514482.8231
514209.9309
513936.3319
513662.0425
513387.1232
513111.6185
512835.6116
512559.1519
512282.3079
512005.1564
511727.6736
511449.6589
511170.8223
511033.8345
510985.0435
510933.6426
510882.6373
510834.1319
510789.3977
510749.1179
510713.7255
510683.4535
510658.4969
510638.9477
510624.8932
510616.3693
510613.4435
510616.127
510624.4415
510638.4131
510658.0432
510683.3219
510714.2526
510750.8491
510793.0796
510840.9543
510894.426
510953.5196
511018.1974
511088.4361
511164.2053
511245.5098
511332.2903
511424.5237
511522.1981
511625.2541
511733.6726
511847.3877
511966.3883
512090.6115
512220.0169
512354.5259
512494.119
512638.7366
512788.2859
512942.7284
513101.9828
513265.9885
513434.6505
513607.8704
513785.6065
513967.7371
514154.167
514344.8127
514539.5196
514738.1769
514940.6591
515146.8593
515356.5987
515569.7583
515786.1551
516005.6227
516227.9924
516453.0086
516680.5407
516910.2746
517142.0244
517375.519
517610.4987
517846.6408
518083.5805
518321.0335
518558.5992
518795.8758
519032.3667
519267.6783
519501.2046
519732.4226
519960.6951
520185.2963
520405.5402
520620.4871
520829.3058
521030.9001
521224.1897
521407.7884
521580.355
521740.2045
521885.4038
522013.8503
522123.0618
522210.2003
522271.8497
522303.9471
522301.7183
522259.207
522169.0746
522022.066
521806.1496
521505.2786
521097.5597
520551.7999
519815.8262
516318.0684
512289.8124
508340.9756
504458.0707
500617.3829
496796.2456
492976.3671
489144.0563
485289.8099
481407.3747
477492.8729
473544.1719
469560.4155
465541.5548
461488.2634
457401.6078
453283.0427
449134.1602
444956.8449
440753.0407
436524.7027
432274.0586
428003.1534
423714.1897
419409.3094
415090.7117
410760.5566
406420.8162
402073.2657
397717.0756
393271.4672
388838.7962
384445.2159
380058.9323
375680.1658
371310.786
366952.7498
362607.9738
358278.2442
353965.2601
349670.616
345395.8194
341142.3199
336911.5162
332704.7246
328523.1805
324368.0069
320240.2656
316140.9826
312071.1623
308031.5931
304023.0914
300046.3963
296102.1163
292190.9581
288313.4352
284470.0913
280661.4084
276887.8061
273149.6677
269447.35
265781.1753
262151.4065
258558.284
255002.0059
251482.7561
248000.6899
244555.911
241148.5395
237778.6183
234446.1892
231151.2876
227893.8847
224673.9726
221491.4905
218346.3961
215238.6013
212168.0034
209134.4779
206137.9271
203178.1899
200255.1221
197368.5709
194518.3654
191704.339
188926.3217
186184.1095
183477.5133
180806.3601
178170.455
175569.6077
173003.6335
170472.3373
167975.5538
165513.0916
163084.7883
160690.4758
158329.9948
156003.3028
153718.03
)
;
    }
    outlet
    {
        type            calculated;
        value           uniform 0;
    }
    front
    {
        type            wedge;
    }
    back
    {
        type            wedge;
    }
}


// ************************************************************************* //
