/*--------------------------------*- C++ -*----------------------------------*\
| =========                 |                                                 |
| \\      /  F ield         | OpenFOAM: The Open Source CFD Toolbox           |
|  \\    /   O peration     | Version:  v1706                                 |
|   \\  /    A nd           | Web:      www.OpenFOAM.com                      |
|    \\/     M anipulation  |                                                 |
\*---------------------------------------------------------------------------*/
FoamFile
{
    version     2.0;
    format      ascii;
    class       volVectorField;
    location    "0.00244";
    object      wallShearStress;
}
// * * * * * * * * * * * * * * * * * * * * * * * * * * * * * * * * * * * * * //

dimensions      [1 -1 -2 0 0 0 0];


internalField   uniform (0 0 0);

boundaryField
{
    inlet
    {
        type            calculated;
        value           nonuniform 0();
    }
    object
    {
        type            calculated;
        value           nonuniform List<vector> 
196
(
(-0.3871788535 -0.190895867 -7.147985488e-15)
(-0.3671577301 -0.3124962951 -2.129935194e-14)
(-0.3696026813 -0.4839343417 -3.688028249e-14)
(-0.3714999318 -0.663285048 -2.37715576e-14)
(-0.373927874 -0.8451313286 -2.084095282e-14)
(-0.3769663884 -1.028015715 2.533870285e-15)
(-0.3806205535 -1.211369211 1.220597096e-14)
(-0.3848864544 -1.394910968 1.338021559e-14)
(-0.3897595604 -1.578476547 1.763068166e-14)
(-0.3952360228 -1.761955991 1.114378871e-14)
(-0.4013127781 -1.945267931 1.232970818e-14)
(-0.4079874274 -2.12834752 3.729434154e-15)
(-0.4152580975 -2.311140442 -7.409626791e-16)
(-0.4231233173 -2.493599707 -5.042906018e-18)
(-0.4315819179 -2.675683895 -8.469775584e-16)
(-0.4406329531 -2.857356147 -2.886875221e-15)
(-0.4502756398 -3.038583586 -7.337563101e-15)
(-0.4605093051 -3.219336888 -1.607058462e-14)
(-0.4713333503 -3.399590112 -2.113627387e-14)
(-0.4827472169 -3.579320449 -2.102651971e-14)
(-0.494750364 -3.758508128 -2.66546025e-14)
(-0.5073422486 -3.937136263 -2.448509708e-14)
(-0.5205223107 -4.115190732 -1.747948473e-14)
(-0.5342899637 -4.292660068 -9.074018656e-15)
(-0.5486445846 -4.469535313 -4.477411161e-15)
(-0.5635855094 -4.645809885 -1.266601849e-15)
(-0.5791120303 -4.821479452 -4.016385942e-18)
(-0.5952233957 -4.996541797 -7.892230819e-17)
(-0.6119188036 -5.17099661 9.046923058e-17)
(-0.6291974128 -5.344845426 -1.59071145e-15)
(-0.6470583365 -5.51809141 1.041315463e-16)
(-0.665500647 -5.690739215 1.350719604e-15)
(-0.6845233818 -5.862794861 9.856548919e-16)
(-0.704125541 -6.034265545 -3.252274819e-16)
(-0.7243060963 -6.205159538 -1.659027534e-15)
(-0.7450639894 -6.37548601 3.833376001e-18)
(-0.7663981385 -6.545254924 -7.964329941e-17)
(-0.788307437 -6.714476863 1.751896819e-16)
(-0.8107907632 -6.883162987 6.629294943e-16)
(-0.8338469722 -7.051324801 2.001008058e-15)
(-0.8574749036 -7.218974128 9.861673619e-17)
(-0.8816733845 -7.386123007 1.985337993e-16)
(-0.9064412239 -7.552783535 -3.214611352e-16)
(-0.9317772146 -7.718967792 1.48771878e-16)
(-0.9576801395 -7.884687817 1.36920031e-15)
(-0.9841487555 -8.04995541 6.380397077e-16)
(-1.011181811 -8.214782192 -2.378007264e-17)
(-1.038778025 -8.379179407 2.246761631e-16)
(-1.066936102 -8.543157976 -1.657242306e-15)
(-1.095654718 -8.706728351 -1.348338424e-15)
(-1.12493252 -8.869900474 8.374328122e-17)
(-1.154768133 -9.03268385 3.876740532e-16)
(-1.185160141 -9.195087293 1.285826706e-15)
(-1.216107072 -9.357118883 9.67505383e-16)
(-1.24760749 -9.51878662 3.144190695e-15)
(-1.279659806 -9.680096952 8.290899457e-16)
(-1.312262489 -9.841056431 1.331662961e-18)
(-1.345413886 -10.00167037 -2.5956747e-15)
(-1.379112369 -10.16194386 -2.066920989e-15)
(-1.413356147 -10.32188049 -6.504273719e-16)
(-1.448143545 -10.48148423 5.925355297e-17)
(-1.483472672 -10.64075715 1.968962867e-16)
(-1.519341683 -10.79970134 5.016304276e-16)
(-1.555748649 -10.95831793 5.590951147e-17)
(-1.592691572 -11.11660739 -3.647695608e-17)
(-1.630168449 -11.2745697 -5.864427268e-16)
(-1.668177174 -11.43220385 -1.38579861e-15)
(-1.706715676 -11.58950871 -8.523364464e-16)
(-1.745781739 -11.74648186 -4.296459723e-16)
(-1.785373112 -11.90312058 -4.207717179e-16)
(-1.825487631 -12.05942246 -1.410414282e-15)
(-1.866122925 -12.21538333 -7.421007088e-16)
(-1.907276675 -12.37099939 -7.403377789e-16)
(-1.948946552 -12.52626637 -5.245047703e-18)
(-1.991130126 -12.68117934 1.122773873e-16)
(-2.033824984 -12.83573323 -1.701980221e-16)
(-2.077028715 -12.98992291 6.997070007e-16)
(-2.120738767 -13.14374237 1.455758782e-16)
(-2.164952748 -13.29718648 4.007505314e-16)
(-2.20966813 -13.45024917 2.156411612e-16)
(-2.254882358 -13.60292424 7.507385689e-16)
(-2.300592998 -13.75520607 6.560050133e-16)
(-2.346797413 -13.90708811 5.382305109e-16)
(-2.393493133 -14.05856466 4.457373075e-17)
(-2.440677572 -14.20962939 3.335330128e-16)
(-2.488348193 -14.36027639 1.598829149e-15)
(-2.536502399 -14.51049955 2.39523262e-16)
(-2.585137688 -14.66029324 1.910072838e-17)
(-2.634251461 -14.8096517 4.368241699e-17)
(-2.683841094 -14.95856887 -1.60213349e-17)
(-2.733904123 -15.10703986 1.994614528e-16)
(-2.784437823 -15.25505852 -2.091884143e-16)
(-2.83543977 -15.40262044 -6.019422908e-16)
(-2.886907212 -15.54971964 -6.376845e-16)
(-2.938837592 -15.69635145 -9.960337281e-16)
(-2.991228351 -15.84251125 -4.484682624e-17)
(-3.044076843 -15.98819426 -3.224583823e-16)
(-3.097380338 -16.13339535 1.073000424e-16)
(-3.151136326 -16.27811077 -1.413094821e-17)
(-3.205341929 -16.42233517 2.803492097e-16)
(-3.259994646 -16.56606511 4.57275535e-17)
(-3.3150917 -16.70929615 6.589526646e-17)
(-3.370630315 -16.85202392 5.289787776e-17)
(-3.426607668 -16.99424401 6.337550956e-17)
(-3.483021068 -17.13595307 -3.579054704e-16)
(-3.53986768 -17.27714688 -1.509638414e-16)
(-3.597144489 -17.41782087 -3.7491237e-17)
(-3.654848759 -17.55797168 -1.658380848e-16)
(-3.712977367 -17.69759474 6.260864201e-16)
(-3.771527529 -17.83668668 6.089085695e-16)
(-3.830496026 -17.97524277 1.044447067e-15)
(-3.889879754 -18.11325869 1.287285678e-15)
(-3.949675823 -18.25073134 4.781333686e-16)
(-4.009880738 -18.38765516 -4.398542915e-16)
(-4.070491241 -18.52402576 -1.022220926e-15)
(-4.131504184 -18.65983945 -1.197433097e-15)
(-4.192916134 -18.79509144 -2.015968867e-15)
(-4.254723591 -18.92977668 -7.34724884e-16)
(-4.316923106 -19.06389054 8.430968246e-16)
(-4.379510956 -19.19742761 4.831651542e-16)
(-4.442483619 -19.33038314 1.483396357e-16)
(-4.505837294 -19.46275176 1.408684528e-16)
(-4.56956815 -19.59452782 9.103911894e-17)
(-4.633672181 -19.72570525 -5.606893373e-17)
(-4.698145616 -19.85627913 2.375594098e-16)
(-4.762984292 -19.98624308 -2.270194604e-16)
(-4.828184078 -20.11559103 -2.92586795e-16)
(-4.893740623 -20.24431605 -1.216367688e-15)
(-4.959649799 -20.37241255 -7.707475643e-16)
(-5.0259069 -20.49987266 -7.54689833e-17)
(-5.092507671 -20.62669056 -6.174821173e-17)
(-5.159447343 -20.75285851 6.459441205e-17)
(-5.22672122 -20.87836932 1.249087554e-16)
(-5.294324495 -21.00321544 8.708621881e-17)
(-5.362252192 -21.12738922 1.707256772e-17)
(-5.430499331 -21.25088282 2.6828864e-16)
(-5.499060837 -21.3736884 5.397218616e-17)
(-5.56793131 -21.4957971 1.354477532e-17)
(-5.637105312 -21.61720027 -3.015131572e-17)
(-5.706577662 -21.7378902 4.446623052e-17)
(-5.776342358 -21.85785675 2.862879272e-16)
(-5.846393787 -21.97709113 1.105435202e-16)
(-5.91672613 -22.0955842 -2.355608108e-16)
(-5.987333281 -22.21332617 -2.572015906e-17)
(-6.058209341 -22.33030768 -3.605540948e-16)
(-6.129347424 -22.44651708 -9.258294582e-17)
(-6.200741599 -22.56194544 3.359661457e-17)
(-6.272385126 -22.676582 2.452006414e-16)
(-6.344271099 -22.79041536 1.670378789e-16)
(-6.416392673 -22.9034346 3.174651009e-17)
(-6.488742636 -23.01562802 9.97961419e-17)
(-6.56131382 -23.12698421 -4.115119477e-18)
(-6.6340986 -23.23749093 -2.496843095e-16)
(-6.707089178 -23.3471353 -2.677755712e-17)
(-6.78027795 -23.45590558 -2.328501419e-16)
(-6.853656539 -23.56378802 9.59895653e-17)
(-6.927216659 -23.67076908 1.620778037e-17)
(-7.000949465 -23.77683446 -2.761823365e-16)
(-7.074846495 -23.88197094 -2.030258442e-18)
(-7.148898382 -23.98616314 -5.651096765e-18)
(-7.223095782 -24.08939598 3.964798938e-17)
(-7.297428597 -24.19165266 3.402596158e-16)
(-7.371887096 -24.29291794 1.16143504e-16)
(-7.446460876 -24.39317494 -1.144708816e-19)
(-7.521138878 -24.49240537 4.451942883e-16)
(-7.595910251 -24.59059177 1.072483423e-16)
(-7.670763063 -24.68771464 1.574073381e-16)
(-7.745685127 -24.78375363 6.493180358e-16)
(-7.820664298 -24.87868967 7.70587861e-16)
(-7.895687079 -24.97250005 9.373509423e-16)
(-7.970739708 -25.06516195 9.416287953e-16)
(-8.045807439 -25.15665092 6.245100191e-16)
(-8.120875935 -25.2469441 9.473009656e-16)
(-8.195928904 -25.33601404 3.471366318e-16)
(-8.27094942 -25.4238325 9.759571015e-17)
(-8.345920047 -25.51037036 3.638503087e-17)
(-8.420821692 -25.59559579 -1.684717446e-16)
(-8.495634328 -25.67947506 -2.282225164e-16)
(-8.570336805 -25.76197302 -8.530884363e-17)
(-8.644905997 -25.84305058 8.001586934e-18)
(-8.719317049 -25.92266572 7.868812746e-17)
(-8.793542951 -26.0007727 5.712217815e-17)
(-8.867555328 -26.07732439 1.089822256e-16)
(-8.941321748 -26.15226575 1.621379259e-16)
(-9.014807111 -26.22553771 9.187000529e-17)
(-9.08797225 -26.29707437 3.897766486e-16)
(-9.160773477 -26.36680302 3.068906997e-16)
(-9.233161203 -26.43464121 1.650620434e-16)
(-9.305078322 -26.50049484 -1.517148885e-17)
(-9.376459581 -26.56425823 -1.58165156e-16)
(-9.447227119 -26.62580648 -2.889596e-16)
(-9.517288303 -26.68499438 -1.913567203e-16)
(-9.586529621 -26.74164825 -4.203528661e-17)
(-9.654809422 -26.7955594 -2.389415681e-16)
(-9.721942891 -26.84646787 -1.151135206e-16)
(-9.787677421 -26.89404834 -2.906281825e-17)
)
;
    }
    outlet
    {
        type            calculated;
        value           nonuniform 0();
    }
    front
    {
        type            wedge;
    }
    back
    {
        type            wedge;
    }
    procBoundary1to0
    {
        type            processor;
        value           uniform (0 0 0);
    }
    procBoundary1to2
    {
        type            processor;
        value           uniform (0 0 0);
    }
    procBoundary1to3
    {
        type            processor;
        value           uniform (0 0 0);
    }
}


// ************************************************************************* //
