/*--------------------------------*- C++ -*----------------------------------*\
| =========                 |                                                 |
| \\      /  F ield         | OpenFOAM: The Open Source CFD Toolbox           |
|  \\    /   O peration     | Version:  v1706                                 |
|   \\  /    A nd           | Web:      www.OpenFOAM.com                      |
|    \\/     M anipulation  |                                                 |
\*---------------------------------------------------------------------------*/
FoamFile
{
    version     2.0;
    format      ascii;
    class       volVectorField;
    location    "0.00242";
    object      wallShearStress;
}
// * * * * * * * * * * * * * * * * * * * * * * * * * * * * * * * * * * * * * //

dimensions      [1 -1 -2 0 0 0 0];


internalField   uniform (0 0 0);

boundaryField
{
    inlet
    {
        type            calculated;
        value           nonuniform 0();
    }
    object
    {
        type            calculated;
        value           nonuniform List<vector> 
196
(
(-0.3871733456 -0.1908930347 -7.147706431e-15)
(-0.367152572 -0.3124916942 -2.131862961e-14)
(-0.3695975547 -0.4839272787 -3.69705895e-14)
(-0.3714948542 -0.6632754579 -2.374435362e-14)
(-0.3739228436 -0.8451192316 -2.080247304e-14)
(-0.3769614008 -1.028001155 2.497354865e-15)
(-0.3806156034 -1.211352244 1.222450819e-14)
(-0.3848815362 -1.394891653 1.342215721e-14)
(-0.3897546685 -1.578454946 1.78975916e-14)
(-0.395231152 -1.761932171 1.115309415e-14)
(-0.4013079231 -1.945241957 1.14999296e-14)
(-0.4079825836 -2.128319462 3.71534655e-15)
(-0.4152532604 -2.31111037 -5.472275918e-16)
(-0.4231184829 -2.493567691 -3.652652568e-17)
(-0.4315770825 -2.675650009 -8.382851881e-16)
(-0.4406281135 -2.857320463 -2.8676355e-15)
(-0.4502707931 -3.038546179 -7.41793362e-15)
(-0.4605044488 -3.219297833 -1.040723952e-14)
(-0.4713284824 -3.399549486 -1.815129335e-14)
(-0.4827423357 -3.579278329 -2.110420152e-14)
(-0.4947454684 -3.758464594 -2.576890509e-14)
(-0.5073373378 -3.937091394 -2.275046801e-14)
(-0.5205173843 -4.115144607 -1.760481466e-14)
(-0.5342850218 -4.29261277 -9.142759688e-15)
(-0.5486396276 -4.469486923 -4.491456232e-15)
(-0.5635805382 -4.645760487 -1.243998327e-15)
(-0.5791070464 -4.821429129 -1.213517726e-15)
(-0.5952184007 -4.996490634 -7.657041647e-17)
(-0.6119137998 -5.170944693 9.93708723e-17)
(-0.6291924028 -5.344792839 -1.136102901e-15)
(-0.6470533234 -5.51803824 1.047536251e-16)
(-0.6654956343 -5.69068555 1.336711372e-15)
(-0.6845183733 -5.862740788 9.780210291e-16)
(-0.7041205411 -6.034211152 -3.222243475e-16)
(-0.7243011097 -6.205104913 -1.762941111e-15)
(-0.7450590212 -6.375431242 -3.453748274e-16)
(-0.7663931943 -6.545200101 -6.974652531e-17)
(-0.7883025225 -6.714422074 1.709089695e-16)
(-0.8107858846 -6.883108321 6.611192136e-16)
(-0.8338421361 -7.051270347 2.103904473e-15)
(-0.8574701166 -7.218919974 3.395464888e-16)
(-0.8816686537 -7.38606924 2.074390324e-16)
(-0.9064365565 -7.552730244 -3.180668721e-16)
(-0.9317726181 -7.718915062 1.547422531e-16)
(-0.9576756213 -7.884635734 1.063358848e-15)
(-0.9841443232 -8.049904058 6.346548182e-16)
(-1.011177472 -8.214731653 -1.507473779e-18)
(-1.038773787 -8.379129762 -5.119056217e-16)
(-1.066931973 -8.543109304 -2.048630643e-15)
(-1.095650705 -8.706680728 -1.380674393e-15)
(-1.124928631 -8.869853973 8.364299636e-17)
(-1.154764373 -9.032638541 4.723988537e-16)
(-1.185156518 -9.195043242 1.284033723e-15)
(-1.216103592 -9.357076154 9.539837803e-16)
(-1.247604159 -9.518745272 3.140230465e-15)
(-1.279656628 -9.680057039 8.128582303e-16)
(-1.31225947 -9.841018002 -7.148732094e-16)
(-1.345411029 -10.00163347 -2.509607187e-15)
(-1.379109678 -10.16190853 -1.898324025e-15)
(-1.413353624 -10.32184676 -5.206743176e-16)
(-1.448141193 -10.48145213 1.101348848e-16)
(-1.483470491 -10.6407267 1.915125171e-16)
(-1.519339673 -10.79967254 5.06644814e-16)
(-1.555746809 -10.9582908 7.4293602e-18)
(-1.592689901 -11.11658194 -3.326329118e-17)
(-1.630166945 -11.27454591 -5.811894883e-16)
(-1.668175833 -11.43218171 -1.404799549e-15)
(-1.706714495 -11.5894882 -8.343040617e-16)
(-1.745780711 -11.74646296 -4.191040381e-16)
(-1.785372232 -11.90310325 -4.101111224e-16)
(-1.825486893 -12.05940666 -1.372047106e-15)
(-1.86612232 -12.21536901 -7.25842735e-16)
(-1.907276196 -12.37098651 -3.761499241e-17)
(-1.948946189 -12.52625487 -3.594231102e-17)
(-1.991129871 -12.68116914 1.125551158e-16)
(-2.033824825 -12.83572429 -1.62856349e-16)
(-2.077028643 -12.98991514 7.019852563e-16)
(-2.12073877 -13.1437357 1.500092161e-16)
(-2.164952815 -13.29718083 3.865942535e-16)
(-2.209668248 -13.45024445 2.157262198e-16)
(-2.254882515 -13.60292038 7.13613423e-16)
(-2.300593183 -13.75520297 6.506653468e-16)
(-2.346797612 -13.90708568 5.420892502e-16)
(-2.393493334 -14.05856282 3.479064865e-17)
(-2.440677762 -14.20962804 3.152366702e-16)
(-2.488348359 -14.36027545 1.642515881e-15)
(-2.536502529 -14.51049892 2.364944383e-16)
(-2.585137769 -14.66029284 1.679589649e-17)
(-2.634251482 -14.80965144 4.380592689e-17)
(-2.683841043 -14.95856867 -1.411934018e-17)
(-2.733903986 -15.10703963 2.023956258e-16)
(-2.784437591 -15.25505819 -2.186499021e-16)
(-2.835439431 -15.40261992 -6.060611732e-16)
(-2.886906756 -15.54971887 -6.498687343e-16)
(-2.938837008 -15.69635034 -9.953639107e-16)
(-2.99122763 -15.84250975 -6.522326081e-17)
(-3.044075975 -15.98819229 -3.090838052e-16)
(-3.097379314 -16.13339286 1.087928942e-16)
(-3.151135139 -16.2781077 -2.475929843e-17)
(-3.205340571 -16.42233147 2.917137072e-16)
(-3.259993109 -16.56606073 4.205573766e-17)
(-3.315089977 -16.70929105 6.609322818e-17)
(-3.370628401 -16.85201805 5.016385791e-17)
(-3.426605557 -16.99423734 6.508695358e-17)
(-3.483018754 -17.13594558 -3.851801527e-16)
(-3.539865158 -17.27713852 -1.444875751e-16)
(-3.597141756 -17.41781163 -2.445737622e-17)
(-3.65484581 -17.55796153 -1.670484013e-16)
(-3.712974199 -17.69758367 5.765838268e-16)
(-3.771524139 -17.83667467 5.937285418e-16)
(-3.830492413 -17.97522982 1.047973491e-15)
(-3.889875914 -18.11324478 1.283323334e-15)
(-3.949671756 -18.25071646 4.749320386e-16)
(-4.009876442 -18.38763932 -4.399949318e-16)
(-4.070486715 -18.52400896 -1.032600133e-15)
(-4.131499426 -18.65982169 -1.195440949e-15)
(-4.192911144 -18.79507272 -2.015899772e-15)
(-4.254718369 -18.92975701 -7.343225084e-16)
(-4.316917653 -19.06386993 8.434081212e-16)
(-4.379505271 -19.19740607 4.848225196e-16)
(-4.442477702 -19.33036068 1.493251418e-16)
(-4.505831147 -19.46272838 1.390565707e-16)
(-4.569561773 -19.59450355 1.279928823e-16)
(-4.633665575 -19.7256801 -6.520228775e-17)
(-4.698138782 -19.85625311 2.355885038e-16)
(-4.76297723 -19.98621621 -2.257488328e-16)
(-4.82817679 -20.11556332 -3.068533738e-16)
(-4.89373311 -20.24428752 -1.271133977e-15)
(-4.959642061 -20.37238322 -8.14679417e-16)
(-5.02589894 -20.49984254 -7.685271649e-17)
(-5.092499489 -20.62665968 -9.674047661e-17)
(-5.15943894 -20.75282686 6.946056215e-17)
(-5.226712597 -20.87833694 1.256338219e-16)
(-5.294315655 -21.00318234 8.556960127e-17)
(-5.362243134 -21.12735542 1.306232116e-17)
(-5.430490057 -21.25084832 2.812156047e-16)
(-5.499051348 -21.37365323 1.000550737e-16)
(-5.567921607 -21.49576128 -9.07599715e-17)
(-5.637095396 -21.6171638 -3.204510526e-17)
(-5.706567534 -21.7378531 5.117313937e-17)
(-5.776332019 -21.85781903 3.214452924e-16)
(-5.846383238 -21.97705282 1.2224004e-16)
(-5.916715371 -22.0955453 -4.243073608e-17)
(-5.987322314 -22.21328669 5.317714979e-18)
(-6.058198166 -22.33026764 -3.035050922e-16)
(-6.129336041 -22.44647649 -9.01131262e-17)
(-6.200730009 -22.56190431 3.463853669e-17)
(-6.27237333 -22.67654034 2.656740484e-16)
(-6.344259098 -22.79037318 1.644160135e-16)
(-6.416380467 -22.90339192 -6.397419234e-18)
(-6.488730226 -23.01558484 9.890975649e-17)
(-6.561301207 -23.12694055 -5.006360538e-18)
(-6.634085784 -23.23744679 -2.480939492e-16)
(-6.70707616 -23.3470907 -2.035834233e-17)
(-6.780264731 -23.45586052 -2.492761656e-16)
(-6.853643119 -23.56374251 1.021852897e-16)
(-6.92720304 -23.67072314 1.449954286e-17)
(-7.000935648 -23.77678809 -3.018695181e-16)
(-7.074832481 -23.88192415 -4.223621506e-17)
(-7.148884172 -23.98611596 -2.689373474e-18)
(-7.223081378 -24.08934839 4.960598317e-17)
(-7.297414 -24.19160469 3.126481652e-16)
(-7.371872307 -24.2928696 1.096279626e-16)
(-7.446445898 -24.39312623 1.58986785e-18)
(-7.521123713 -24.49235632 4.260899394e-16)
(-7.595894901 -24.59054237 1.048522305e-16)
(-7.67074753 -24.68766492 1.338393805e-16)
(-7.745669414 -24.78370359 5.591701892e-16)
(-7.820648408 -24.87863933 8.715487474e-16)
(-7.895671014 -24.97244942 1.066686357e-15)
(-7.970723472 -25.06511104 1.389868592e-15)
(-8.045791034 -25.15659974 1.076378632e-15)
(-8.120859364 -25.24689268 8.049259245e-16)
(-8.195912172 -25.33596238 3.18529672e-16)
(-8.270932529 -25.42378061 9.627240524e-17)
(-8.345903001 -25.51031827 3.512284731e-17)
(-8.420804495 -25.59554351 -2.121229423e-16)
(-8.495616984 -25.67942259 -2.522295576e-16)
(-8.570319317 -25.76192039 -1.188640583e-16)
(-8.644888368 -25.84299779 1.108653987e-17)
(-8.719299284 -25.92261279 8.101298325e-17)
(-8.793525053 -26.00071964 6.368034345e-17)
(-8.867537301 -26.07727122 -3.057839786e-17)
(-8.941303595 -26.15221248 1.753490117e-16)
(-9.014788835 -26.22548435 9.179250145e-17)
(-9.087953856 -26.29702093 4.065408464e-16)
(-9.160754967 -26.36674951 3.048372539e-16)
(-9.23314258 -26.43458765 1.64935238e-16)
(-9.30505959 -26.50044124 -4.263173394e-17)
(-9.376440743 -26.56420459 -1.540761162e-16)
(-9.447208178 -26.62575281 -2.771918041e-16)
(-9.517269261 -26.6849407 -1.900070343e-16)
(-9.586510481 -26.74159456 -3.930506269e-17)
(-9.654790188 -26.79550571 -2.029442056e-16)
(-9.721923567 -26.84641419 -9.776839981e-18)
(-9.787658008 -26.89399468 -2.696473201e-17)
)
;
    }
    outlet
    {
        type            calculated;
        value           nonuniform 0();
    }
    front
    {
        type            wedge;
    }
    back
    {
        type            wedge;
    }
    procBoundary1to0
    {
        type            processor;
        value           uniform (0 0 0);
    }
    procBoundary1to2
    {
        type            processor;
        value           uniform (0 0 0);
    }
    procBoundary1to3
    {
        type            processor;
        value           uniform (0 0 0);
    }
}


// ************************************************************************* //
