/*--------------------------------*- C++ -*----------------------------------*\
| =========                 |                                                 |
| \\      /  F ield         | OpenFOAM: The Open Source CFD Toolbox           |
|  \\    /   O peration     | Version:  v1706                                 |
|   \\  /    A nd           | Web:      www.OpenFOAM.com                      |
|    \\/     M anipulation  |                                                 |
\*---------------------------------------------------------------------------*/
FoamFile
{
    version     2.0;
    format      ascii;
    class       volVectorField;
    location    "0.00245";
    object      wallShearStress;
}
// * * * * * * * * * * * * * * * * * * * * * * * * * * * * * * * * * * * * * //

dimensions      [1 -1 -2 0 0 0 0];


internalField   uniform (0 0 0);

boundaryField
{
    inlet
    {
        type            calculated;
        value           nonuniform 0();
    }
    object
    {
        type            calculated;
        value           nonuniform List<vector> 
204
(
(-9.851640395 -26.93792012 -5.133957039e-17)
(-9.913108233 -26.97755258 5.689538049e-17)
(-9.970359551 -27.01255522 1.165124925e-16)
(-10.01878234 -27.04256853 2.838133058e-16)
(-10.05979024 -27.07583649 -2.063328759e-16)
(-10.09596786 -27.12213642 -1.621049551e-16)
(-10.12911203 -27.18267261 1.22255793e-16)
(-10.16064381 -27.25228496 7.243650779e-17)
(-10.19190832 -27.32766298 7.640768288e-17)
(-10.22352311 -27.40713758 8.023387006e-17)
(-10.25573081 -27.4898355 6.909176338e-16)
(-10.28860999 -27.57526588 1.422715919e-15)
(-10.3221735 -27.66312473 1.726616678e-15)
(-10.35641335 -27.75321075 1.287036758e-15)
(-10.39131557 -27.84537976 6.805989342e-16)
(-10.42686715 -27.93952599 4.996656652e-16)
(-10.46305694 -28.03556878 1.60502534e-16)
(-10.49987748 -28.13344948 8.916734504e-18)
(-10.53732306 -28.23312232 1.265068325e-16)
(-10.57539015 -28.33455388 1.028205671e-16)
(-10.61407745 -28.43772071 -3.3326578e-17)
(-10.65338518 -28.54260685 1.652874803e-16)
(-10.69331461 -28.64920192 3.656908156e-16)
(-10.73386859 -28.75750205 3.967377586e-16)
(-10.77505161 -28.86750899 9.849521385e-17)
(-10.81686849 -28.97922682 1.423671049e-16)
(-10.85932574 -29.0926651 9.372964581e-17)
(-10.90242966 -29.20783405 1.026988204e-16)
(-10.94618902 -29.32475071 3.42220486e-16)
(-10.99061254 -29.44343257 3.212054058e-16)
(-11.03570964 -29.5638996 -7.811763535e-17)
(-11.0814905 -29.68617426 -2.753223181e-16)
(-11.12796699 -29.81028357 -1.821284404e-16)
(-11.17515061 -29.93625372 -7.045192802e-17)
(-11.22305409 -30.0641148 4.937363549e-17)
(-11.27169132 -30.19389968 -7.094824862e-17)
(-11.3210763 -30.32564158 -1.846705157e-17)
(-11.37122445 -30.45937779 -3.238720084e-16)
(-11.42215095 -30.5951451 -1.069342625e-16)
(-11.47387324 -30.73298598 -9.423038723e-18)
(-11.52640868 -30.87294279 5.058540905e-17)
(-11.57977582 -31.01506083 2.669837513e-17)
(-11.63399332 -31.15938615 2.389965364e-16)
(-11.68908217 -31.30597038 -1.218730515e-16)
(-11.74506402 -31.45486662 -1.884092355e-17)
(-11.80196014 -31.60612762 -4.724034764e-17)
(-11.85979451 -31.75981236 -8.096278409e-17)
(-11.91859172 -31.91598144 2.385649426e-16)
(-11.97837762 -32.07469868 1.538332646e-16)
(-12.03917895 -32.23602982 -1.109373494e-16)
(-12.10102336 -32.40004353 -7.814661577e-17)
(-12.16394194 -32.56681584 -1.995295644e-16)
(-12.22796552 -32.7364232 -5.071250875e-17)
(-12.29312639 -32.9089449 3.309483753e-17)
(-12.35946054 -33.08446867 -4.798294431e-17)
(-12.4270029 -33.26308087 9.163745237e-17)
(-12.49579167 -33.44487472 8.009953993e-17)
(-12.56586772 -33.62995064 3.116348379e-16)
(-12.63727414 -33.81841348 2.00901038e-16)
(-12.71005557 -34.01037222 1.219587482e-16)
(-12.78425975 -34.20594321 2.906546085e-17)
(-12.85993709 -34.40524908 6.932840747e-17)
(-12.93714088 -34.60841869 1.385348965e-16)
(-13.01592917 -34.81559174 -5.075014534e-17)
(-13.09635983 -35.02690888 9.773924318e-17)
(-13.17849878 -35.24252849 1.379295365e-16)
(-13.26241315 -35.46261133 4.462076461e-16)
(-13.3481764 -35.68733345 4.093364121e-16)
(-13.43586678 -35.91688213 3.279826855e-16)
(-13.52556732 -36.15145491 3.14641732e-16)
(-13.61736869 -36.39126534 1.356525394e-16)
(-13.71136484 -36.63653684 1.53811267e-16)
(-13.80766089 -36.88751657 1.431904359e-16)
(-13.9063694 -37.14446849 2.6894821e-16)
(-14.00761077 -37.40767372 1.135164684e-16)
(-14.11151581 -37.67743634 1.027305655e-16)
(-14.21822892 -37.95409131 4.343654389e-16)
(-14.32790541 -38.23799536 6.040023805e-16)
(-14.44071631 -38.52954105 5.076308111e-16)
(-14.5568504 -38.82915742 2.488697143e-16)
(-14.67651237 -39.13730882 1.589039401e-16)
(-14.7999334 -39.45451518 2.504550506e-16)
(-14.92736567 -39.78133931 9.376311777e-16)
(-15.05909459 -40.11841534 7.009673088e-16)
(-15.1954387 -40.46644257 4.468631136e-16)
(-15.33675813 -40.82620744 5.822619685e-16)
(-15.48345924 -41.19858622 2.935634917e-16)
(-15.63600992 -41.58458101 1.410330066e-16)
(-15.79494809 -41.9853259 -2.408613038e-16)
(-15.96089346 -42.40211401 -5.576183526e-16)
(-16.13457638 -42.83644789 -6.321169467e-16)
(-16.3168615 -43.29007821 -4.942673571e-16)
(-16.50878419 -43.76506503 -8.461573349e-16)
(-16.71160152 -44.26385808 -1.048342723e-15)
(-16.92686139 -44.78940492 -4.868759997e-16)
(-17.15651796 -45.34532878 -2.541440482e-16)
(-17.40307736 -45.93612998 -7.354247396e-17)
(-17.6698528 -46.56753589 3.029814672e-16)
(-17.96137774 -47.24702749 3.666145065e-16)
(-18.28411792 -47.98465487 2.713900216e-16)
(-18.6478608 -48.79440802 4.099582024e-16)
(-19.06885684 -49.69627855 4.491335783e-16)
(-19.57958424 -50.717212 4.686954121e-16)
(-20.28232514 -51.86915785 5.104759712e-16)
(-21.27569973 -52.98817709 4.238455404e-16)
(-22.1952211 -54.01394614 3.305663994e-16)
(-23.10183218 -54.89362094 2.009956478e-16)
(-24.02008178 -55.622058 1.698838545e-16)
(-24.94729267 -56.22705476 1.230748968e-16)
(-25.88040626 -56.73175004 4.540287102e-17)
(-26.81676154 -57.15384968 1.387067688e-16)
(-27.7542654 -57.50652768 2.325441369e-16)
(-28.69133251 -57.79951369 -1.82786349e-17)
(-29.62676664 -58.0400176 2.240558276e-16)
(-30.55963383 -58.23342958 1.290180358e-16)
(-31.48916318 -58.38383195 2.39437449e-16)
(-32.41469307 -58.49438327 2.54648624e-16)
(-33.33562447 -58.56757316 2.454435882e-16)
(-34.2514011 -58.60542099 1.934460043e-16)
(-35.161498 -58.60960193 9.325055399e-17)
(-36.06542034 -58.58153459 1.599909962e-16)
(-36.96283019 -58.52245649 2.752945609e-16)
(-37.8547651 -58.43192504 2.339172273e-16)
(-38.75835786 -58.31543614 1.722526698e-16)
(-39.69129317 -58.20592916 1.336029958e-16)
(-40.57461702 -58.06134759 1.451771613e-16)
(-41.44464065 -57.88325331 8.437484014e-17)
(-42.3028895 -57.67671439 1.926934305e-16)
(-43.1499921 -57.4428266 1.76939351e-16)
(-43.98593501 -57.18247442 1.204151876e-16)
(-44.81052325 -56.89655104 2.525300348e-17)
(-45.6234676 -56.58592991 1.833062781e-17)
(-46.42447814 -56.25148951 3.131451847e-17)
(-47.21325956 -55.89407149 4.922734532e-17)
(-47.9895329 -55.51449118 1.059925407e-16)
(-48.75303492 -55.1135352 2.42469444e-16)
(-49.50352086 -54.69196334 2.368933575e-16)
(-50.24075389 -54.25050151 3.90819025e-16)
(-50.96451775 -53.78985656 2.318821267e-16)
(-51.67462015 -53.31072245 1.958013903e-16)
(-52.37088227 -52.8137759 5.083565849e-17)
(-53.05314142 -52.29967844 1.262218605e-16)
(-53.7212543 -51.76908151 2.051898618e-16)
(-54.37508799 -51.22261793 2.089158543e-16)
(-55.01453572 -50.66092063 3.563503186e-16)
(-55.63945555 -50.08462577 4.329475265e-16)
(-56.24977022 -49.49432241 3.939602253e-16)
(-56.84542138 -48.89059759 2.423425604e-16)
(-57.4263608 -48.27402807 2.340520038e-16)
(-57.99255606 -47.64518433 2.83341283e-16)
(-58.54397909 -47.00461958 3.460125212e-16)
(-59.08061756 -46.35288058 3.129434793e-16)
(-59.60247439 -45.69050629 2.940153758e-16)
(-60.10956692 -45.01802708 2.477208155e-16)
(-60.60191545 -44.33595729 1.951243985e-16)
(-61.07956395 -43.64480817 1.941597371e-16)
(-61.54256379 -42.945078 2.495664022e-16)
(-61.99096803 -42.23725124 3.321826275e-16)
(-62.424857 -41.52180619 3.717389486e-16)
(-62.8443061 -40.79920998 3.511050705e-16)
(-63.24940995 -40.06991789 4.395603007e-16)
(-63.64027132 -39.33437695 3.009430079e-16)
(-64.01699686 -38.59301972 3.054581455e-16)
(-64.37970545 -37.84627091 3.916989028e-16)
(-64.72852473 -37.09454414 3.669869541e-16)
(-65.06358618 -36.33823869 3.208018935e-16)
(-65.38503079 -35.57774954 2.380972921e-16)
(-65.69300521 -34.81345494 2.199311743e-16)
(-65.9876587 -34.0457227 2.295348619e-16)
(-66.26915001 -33.27491159 3.355314804e-16)
(-66.53764355 -32.50136969 2.964808554e-16)
(-66.79330534 -31.72543537 2.83640322e-16)
(-67.03631014 -30.94743164 2.454275342e-16)
(-67.26683212 -30.16767898 2.649435206e-16)
(-67.48504874 -29.38647808 2.43386959e-16)
(-67.69114653 -28.60412628 2.254898682e-16)
(-67.88530584 -27.82090814 2.02778587e-16)
(-68.06771734 -27.03709674 2.466934704e-16)
(-68.2385682 -26.25295897 2.610762668e-16)
(-68.3980531 -25.46874724 1.620604584e-16)
(-68.54636613 -24.68471209 2.240581148e-16)
(-68.68370228 -23.90108825 2.2060284e-16)
(-68.81025122 -23.11809973 2.03804518e-16)
(-68.92621671 -22.33596639 1.915238017e-16)
(-69.031793 -21.55490049 1.798268521e-16)
(-69.12717732 -20.77510007 1.715078149e-16)
(-69.21257012 -19.99675844 1.260017789e-16)
(-69.28816913 -19.22006167 4.80525969e-17)
(-69.35417344 -18.44518374 7.732206966e-18)
(-69.41078463 -17.67229507 8.360517637e-18)
(-69.45819676 -16.90155824 3.081459724e-17)
(-69.49660596 -16.13312464 4.327879252e-17)
(-69.5262133 -15.36713931 3.555091745e-17)
(-69.54721486 -14.60374356 6.870092234e-17)
(-69.55980853 -13.84307196 8.15790457e-17)
(-69.56418834 -13.08524494 6.822603886e-17)
(-69.56054779 -12.33038481 5.105473002e-17)
(-69.54908504 -11.57860143 4.458836868e-17)
(-69.52999216 -10.8300054 3.324313356e-17)
(-69.50346206 -10.08469019 4.814184932e-17)
(-69.46968767 -9.342753537 8.114556623e-17)
(-69.42886189 -8.604295639 7.282728413e-17)
(-69.38187917 -7.869534434 8.693480581e-17)
(-69.5672599 -7.20761149 6.735640859e-17)
)
;
    }
    outlet
    {
        type            calculated;
        value           uniform (0 0 0);
    }
    front
    {
        type            wedge;
    }
    back
    {
        type            wedge;
    }
    procBoundary3to1
    {
        type            processor;
        value           uniform (0 0 0);
    }
    procBoundary3to2
    {
        type            processor;
        value           uniform (0 0 0);
    }
}


// ************************************************************************* //
