/*--------------------------------*- C++ -*----------------------------------*\
| =========                 |                                                 |
| \\      /  F ield         | OpenFOAM: The Open Source CFD Toolbox           |
|  \\    /   O peration     | Version:  v1706                                 |
|   \\  /    A nd           | Web:      www.OpenFOAM.com                      |
|    \\/     M anipulation  |                                                 |
\*---------------------------------------------------------------------------*/
FoamFile
{
    version     2.0;
    format      ascii;
    class       volVectorField;
    location    "0.0016";
    object      wallShearStress;
}
// * * * * * * * * * * * * * * * * * * * * * * * * * * * * * * * * * * * * * //

dimensions      [1 -1 -2 0 0 0 0];


internalField   uniform (0 0 0);

boundaryField
{
    inlet
    {
        type            calculated;
        value           nonuniform 0();
    }
    object
    {
        type            calculated;
        value           nonuniform List<vector> 
204
(
(-10.65720115 -29.26404479 -2.549067216e-16)
(-10.71417003 -29.28047918 1.967541111e-17)
(-10.76637816 -29.29129613 1.315051892e-16)
(-10.8091675 -29.29591052 4.588362203e-16)
(-10.84404159 -29.3032598 -7.983677633e-17)
(-10.87191752 -29.32233029 -2.078840251e-16)
(-10.89574538 -29.35686058 1.391699934e-16)
(-10.91829382 -29.40188803 1.183890067e-16)
(-10.9405066 -29.45340989 1.35647122e-18)
(-10.96309669 -29.5094824 5.141659589e-17)
(-10.98637564 -29.56898154 6.279850233e-16)
(-11.01040918 -29.63135497 1.41921964e-15)
(-11.03519176 -29.69624466 1.73228777e-15)
(-11.06061111 -29.76341081 1.369315087e-15)
(-11.08668905 -29.83257206 1.010247645e-15)
(-11.11337965 -29.90364752 6.361297263e-16)
(-11.14065431 -29.97647793 3.145848917e-16)
(-11.16854865 -30.05098325 1.20819627e-16)
(-11.19703113 -30.12720935 1.329317162e-16)
(-11.22594719 -30.20513497 2.145628169e-16)
(-11.25536051 -30.2845466 4.065575059e-17)
(-11.28533613 -30.3653923 1.444849956e-16)
(-11.31586982 -30.44774228 3.528225287e-16)
(-11.34688077 -30.53163457 3.795456876e-16)
(-11.37835793 -30.61701846 2.05564594e-16)
(-11.41031996 -30.70384367 1.180190573e-16)
(-11.44280621 -30.79212096 1.035686051e-16)
(-11.47578617 -30.88187944 1.63242647e-16)
(-11.50925808 -30.97308733 3.799395195e-16)
(-11.54328652 -31.06576931 2.686875594e-16)
(-11.5778675 -31.15998553 -7.357369864e-17)
(-11.61294644 -31.25572674 -4.213195251e-16)
(-11.64852177 -31.35295162 -3.387253638e-16)
(-11.68463149 -31.45165675 -3.538916614e-16)
(-11.7212763 -31.55185953 -9.08704321e-17)
(-11.75845831 -31.65356052 -1.1788724e-17)
(-11.79615473 -31.75677481 -5.422383292e-17)
(-11.8343599 -31.86147303 -3.716910849e-16)
(-11.87309747 -31.96764909 -2.540679814e-16)
(-11.9123771 -32.07531483 -3.638773698e-17)
(-11.95217143 -32.18447751 8.070661845e-17)
(-11.99247283 -32.29511656 9.198041711e-17)
(-12.03333718 -32.40724604 2.575554205e-16)
(-12.07472884 -32.52092589 -1.058661163e-16)
(-12.11663464 -32.63611173 -1.41421418e-16)
(-12.15910458 -32.75282805 2.214427281e-17)
(-12.20215979 -32.87112296 3.689509995e-17)
(-12.24576378 -32.99103965 2.968510437e-16)
(-12.28988913 -33.11257181 2.845285139e-16)
(-12.33462983 -33.23572195 -4.698725274e-17)
(-12.38002305 -33.3605373 -6.305931103e-17)
(-12.42605028 -33.48709846 -1.850755454e-16)
(-12.47270558 -33.6154432 -3.609416631e-17)
(-12.52002058 -33.74560416 2.016868668e-17)
(-12.5680047 -33.87765413 1.162138395e-16)
(-12.61667697 -34.01163972 1.684973179e-16)
(-12.66618589 -34.14757162 1.653005234e-16)
(-12.7164819 -34.28559885 3.604143187e-16)
(-12.76758397 -34.4258092 2.034214264e-16)
(-12.81956068 -34.5682828 1.624530988e-16)
(-12.87244793 -34.71316219 3.027285832e-17)
(-12.92629131 -34.86059593 1.29700353e-16)
(-12.98097349 -35.010702 1.028283615e-16)
(-13.03714084 -35.16341817 -4.399144504e-17)
(-13.09408476 -35.31935036 2.544471008e-17)
(-13.15267812 -35.47807289 9.050373801e-17)
(-13.21242299 -35.64051029 2.636115708e-16)
(-13.27365134 -35.80626205 2.924613957e-16)
(-13.33645206 -35.97606435 1.501961924e-16)
(-13.40081213 -36.14995351 2.495295561e-16)
(-13.46696515 -36.32825913 1.428956137e-16)
(-13.53501782 -36.51128351 1.441116696e-16)
(-13.60509804 -36.69942132 8.793482632e-17)
(-13.67727803 -36.89307453 2.125914844e-16)
(-13.75150465 -37.09235446 1.393061981e-17)
(-13.82868028 -37.29719542 7.214734807e-17)
(-13.90881571 -37.50894314 3.022701101e-16)
(-13.9915148 -37.72794982 3.991431419e-16)
(-14.07728186 -37.9541211 2.90413303e-16)
(-14.16656793 -38.18849475 8.380580082e-17)
(-14.25948226 -38.43177541 1.496997205e-16)
(-14.35596736 -38.68468444 2.113436544e-16)
(-14.45552277 -38.9472794 7.620930416e-16)
(-14.56025132 -39.21893341 4.455283692e-16)
(-14.67015038 -39.50254136 2.497387385e-16)
(-14.78494771 -39.7984872 4.471118478e-16)
(-14.90551369 -40.10742444 2.179197022e-16)
(-15.03219671 -40.43096925 1.475102491e-16)
(-15.16528666 -40.77021219 -3.492288725e-17)
(-15.30592867 -41.12620555 -3.288676283e-16)
(-15.45456921 -41.50095497 -3.796147358e-16)
(-15.61246143 -41.89612358 -1.725988439e-16)
(-15.78045494 -42.31422953 -5.016683864e-16)
(-15.96011531 -42.75743462 -6.616931969e-16)
(-16.152739 -43.22959189 -1.611363117e-16)
(-16.35955633 -43.73410509 -2.691981994e-17)
(-16.58425823 -44.27441992 9.326137728e-17)
(-16.82918019 -44.85744341 2.947601564e-16)
(-17.09953058 -45.48958139 2.640161211e-16)
(-17.398981 -46.18155485 1.678108175e-16)
(-17.73905473 -46.94311998 2.232747102e-16)
(-18.131068 -47.79604173 2.532024716e-16)
(-18.61183968 -48.75710819 3.076602806e-16)
(-19.27544655 -49.84973795 2.571250238e-16)
(-20.19115127 -50.89810034 2.2221497e-16)
(-21.06242733 -51.87367021 1.950124631e-16)
(-21.94314323 -52.72666308 1.49552938e-16)
(-22.84337849 -53.45303088 2.050780358e-16)
(-23.75070952 -54.06797814 1.775169444e-16)
(-24.66536561 -54.58675444 7.546823006e-17)
(-25.58219312 -55.02833506 1.073466318e-16)
(-26.49761159 -55.39925412 1.871524929e-16)
(-27.41413276 -55.71324 -3.193424038e-17)
(-28.32591216 -55.97607881 7.020705875e-17)
(-29.23411777 -56.18668666 1.131890404e-16)
(-30.1399473 -56.35356407 2.382171602e-16)
(-31.04184422 -56.48299321 2.481159679e-16)
(-31.9351668 -56.5758913 2.238859966e-16)
(-32.81898406 -56.62757222 9.115183185e-17)
(-33.697947 -56.63965496 -5.530283846e-17)
(-34.57455847 -56.62248763 3.83637694e-17)
(-35.44308642 -56.5759595 1.863402468e-16)
(-36.30182788 -56.50010507 1.961669889e-16)
(-37.15040002 -56.390853 1.558761963e-16)
(-37.9905419 -56.25325773 7.340055588e-17)
(-38.82316863 -56.08027523 6.922876606e-17)
(-39.68005353 -55.89702106 4.728674747e-18)
(-40.52442678 -55.70375064 5.470126381e-17)
(-41.34449811 -55.48835958 1.487718587e-16)
(-42.142939 -55.23095875 1.053571459e-16)
(-42.93719291 -54.95372217 9.076733257e-17)
(-43.7201477 -54.65723542 -3.151496739e-17)
(-44.48902271 -54.33944721 1.537602914e-17)
(-45.24206319 -53.99643606 -8.902194244e-18)
(-45.98100055 -53.62531982 9.841066366e-17)
(-46.71307267 -53.23740433 2.870560279e-16)
(-47.43318568 -52.83097034 2.820417278e-16)
(-48.14041294 -52.4092777 4.705145998e-16)
(-48.83082603 -51.96648864 2.074753278e-16)
(-49.5072422 -51.50327046 1.960669104e-16)
(-50.17117623 -51.02378267 3.93830263e-18)
(-50.82082654 -50.52552603 1.195324031e-16)
(-51.45875163 -50.0127563 1.919865849e-16)
(-52.08267982 -49.48358443 1.840654583e-16)
(-52.69360669 -48.94132287 2.655691735e-16)
(-53.28956813 -48.3824136 3.059674241e-16)
(-53.87401478 -47.81349353 2.962804621e-16)
(-54.44272999 -47.23269711 1.737185129e-16)
(-54.99662904 -46.63710379 2.046607671e-17)
(-55.53799092 -46.03169069 2.741200395e-16)
(-56.06405099 -45.41246669 2.661809238e-16)
(-56.57808524 -44.7844525 1.782074091e-16)
(-57.07809933 -44.14549106 1.742703677e-16)
(-57.56493634 -43.49873056 1.686698401e-16)
(-58.03701277 -42.84073725 1.57812196e-16)
(-58.49626076 -42.17499387 9.129379671e-17)
(-58.94244893 -41.49961437 1.29427745e-16)
(-59.37755647 -40.82057595 2.130711931e-16)
(-59.7985606 -40.13255636 3.127014059e-16)
(-60.20744485 -39.43974278 2.546958694e-16)
(-60.60309683 -38.7383518 2.770276635e-16)
(-60.98742734 -38.03480884 2.192221621e-16)
(-61.3571551 -37.32153088 2.038957434e-16)
(-61.71680355 -36.60685416 2.313985181e-16)
(-62.06280678 -35.88514923 2.637952254e-16)
(-62.39861685 -35.15981806 2.259937947e-16)
(-62.72326738 -34.43395664 1.536711982e-16)
(-63.03399295 -33.70047407 1.316002178e-16)
(-63.33570688 -32.96446434 1.182879121e-16)
(-63.62704343 -32.22916224 2.143384078e-16)
(-63.90466675 -31.48777366 1.778232807e-16)
(-64.17344832 -30.74390048 1.42477881e-16)
(-64.43237658 -30.00138613 1.315639133e-16)
(-64.67877288 -29.25465284 1.618034647e-16)
(-64.91620751 -28.50661345 1.430161924e-16)
(-65.14326758 -27.75925388 1.24772201e-16)
(-65.35956134 -27.00907765 1.470816255e-16)
(-65.56738924 -26.25918979 1.626142307e-16)
(-65.76489434 -25.50814193 1.124415985e-16)
(-65.95269235 -24.75749136 7.603979402e-17)
(-66.13049375 -24.0054502 1.136656595e-16)
(-66.29967973 -23.25401088 8.879135907e-17)
(-66.45958191 -22.50225351 1.007750955e-16)
(-66.6109073 -21.75168068 8.297208192e-17)
(-66.753024 -21.00126259 9.8245822e-17)
(-66.88656309 -20.25204518 1.087735371e-16)
(-67.01125633 -19.50339287 6.946268118e-17)
(-67.12761415 -18.75627401 5.74115969e-17)
(-67.23513843 -18.01006119 -2.734913977e-17)
(-67.33437875 -17.26524492 -1.888351957e-17)
(-67.42533611 -16.52167091 2.02007695e-18)
(-67.50822001 -15.77993464 -3.042771279e-18)
(-67.58283361 -15.03990033 3.181756664e-17)
(-67.64934299 -14.30180132 4.117418648e-17)
(-67.70779992 -13.56549664 5.778957387e-17)
(-67.75842441 -12.8313589 5.153701031e-17)
(-67.80116433 -12.09931564 3.482670871e-17)
(-67.83616589 -11.36973783 1.09793388e-17)
(-67.86336338 -10.64245476 -6.284239809e-18)
(-67.8829875 -9.91780853 1.767033694e-17)
(-67.89500035 -9.195635869 4.43805686e-17)
(-67.89963688 -8.476333234 4.25191364e-17)
(-67.89731018 -7.759748739 6.410553245e-17)
(-68.12185972 -7.123860249 5.968315909e-17)
)
;
    }
    outlet
    {
        type            calculated;
        value           uniform (0 0 0);
    }
    front
    {
        type            wedge;
    }
    back
    {
        type            wedge;
    }
    procBoundary3to1
    {
        type            processor;
        value           uniform (0 0 0);
    }
    procBoundary3to2
    {
        type            processor;
        value           uniform (0 0 0);
    }
}


// ************************************************************************* //
