/*--------------------------------*- C++ -*----------------------------------*\
| =========                 |                                                 |
| \\      /  F ield         | OpenFOAM: The Open Source CFD Toolbox           |
|  \\    /   O peration     | Version:  v1706                                 |
|   \\  /    A nd           | Web:      www.OpenFOAM.com                      |
|    \\/     M anipulation  |                                                 |
\*---------------------------------------------------------------------------*/
FoamFile
{
    version     2.0;
    format      ascii;
    class       volVectorField;
    location    "0.00238";
    object      wallShearStress;
}
// * * * * * * * * * * * * * * * * * * * * * * * * * * * * * * * * * * * * * //

dimensions      [1 -1 -2 0 0 0 0];


internalField   uniform (0 0 0);

boundaryField
{
    inlet
    {
        type            calculated;
        value           nonuniform 0();
    }
    object
    {
        type            calculated;
        value           nonuniform List<vector> 
204
(
(-9.851567707 -26.93772015 -4.050043069e-17)
(-9.913035239 -26.97735269 7.035438701e-17)
(-9.970286288 -27.01235548 1.073804467e-16)
(-10.01870887 -27.04236898 2.970187782e-16)
(-10.05971663 -27.07563714 -1.936806376e-16)
(-10.09589416 -27.12193722 -8.058623127e-17)
(-10.12903826 -27.18247344 1.308415763e-16)
(-10.16056999 -27.25208575 1.049224339e-16)
(-10.19183443 -27.32746369 3.391992273e-17)
(-10.22344917 -27.40693817 7.784920092e-17)
(-10.25565681 -27.48963595 6.470538271e-16)
(-10.28853592 -27.57506617 1.415951006e-15)
(-10.32209936 -27.66292483 1.738509118e-15)
(-10.35633912 -27.75301065 1.363641827e-15)
(-10.39124125 -27.84517943 8.857136295e-16)
(-10.42679273 -27.93932541 4.932697647e-16)
(-10.46298241 -28.03536794 1.549221541e-16)
(-10.49980283 -28.13324834 1.220231775e-17)
(-10.53724828 -28.23292085 1.097458635e-16)
(-10.57531523 -28.33435206 1.394718201e-16)
(-10.61400239 -28.43751852 -9.472706909e-18)
(-10.65330995 -28.54240425 1.718715686e-16)
(-10.69323921 -28.64899889 4.113635906e-16)
(-10.733793 -28.75729856 3.807004146e-16)
(-10.77497583 -28.86730501 1.033606908e-16)
(-10.8167925 -28.97902232 7.607624437e-17)
(-10.85924953 -29.09246004 9.410798162e-18)
(-10.90235322 -29.20762841 9.961317715e-17)
(-10.94611234 -29.32454446 3.214492246e-16)
(-10.99053561 -29.44322567 8.150403822e-17)
(-11.03563244 -29.56369202 -8.731500677e-17)
(-11.08141303 -29.68596597 -3.408880575e-16)
(-11.12788922 -29.81007454 -1.711576486e-16)
(-11.17507255 -29.93604393 -1.061011185e-16)
(-11.22297572 -30.0639042 -2.118899185e-16)
(-11.27161263 -30.19368826 -6.898271177e-17)
(-11.32099728 -30.3254293 -7.19542466e-17)
(-11.37114508 -30.45916462 -3.385377355e-16)
(-11.42207123 -30.59493102 -1.685052709e-16)
(-11.47379316 -30.73277095 -2.362313833e-17)
(-11.52632823 -30.87272679 2.929330193e-17)
(-11.57969498 -31.01484384 4.123279317e-18)
(-11.63391209 -31.15916813 1.638311524e-16)
(-11.68900054 -31.30575131 -1.750054615e-16)
(-11.74498198 -31.45464648 -2.365999273e-16)
(-11.80187768 -31.60590638 -2.191657085e-17)
(-11.85971162 -31.75958999 -3.365093984e-17)
(-11.91850839 -31.91575791 2.323854093e-16)
(-11.97829385 -32.07447398 1.425205179e-16)
(-12.03909472 -32.23580391 -1.113137659e-16)
(-12.10093867 -32.3998164 -5.404587354e-17)
(-12.16385677 -32.56658746 -2.000406995e-16)
(-12.22787987 -32.73619354 -4.720114931e-17)
(-12.29304025 -32.90871395 5.633150441e-17)
(-12.35937389 -33.08423639 -7.229909874e-19)
(-12.42691574 -33.26284725 8.225550215e-17)
(-12.49570399 -33.44463972 8.970378212e-17)
(-12.56577951 -33.62971423 3.146754051e-16)
(-12.63718539 -33.81817564 1.81543077e-16)
(-12.70996627 -34.01013294 9.42348915e-17)
(-12.78416988 -34.20570244 2.888751732e-17)
(-12.85984665 -34.4050068 7.225030869e-17)
(-12.93704986 -34.60817487 1.476327512e-16)
(-13.01583755 -34.81534635 7.756835929e-17)
(-13.0962676 -35.02666189 7.891867817e-17)
(-13.17840593 -35.24227986 1.27577779e-16)
(-13.26231966 -35.46236104 4.250988185e-16)
(-13.34808226 -35.68708145 3.228604776e-16)
(-13.43577197 -35.91662838 2.682547855e-16)
(-13.52547184 -36.15119939 2.761007372e-16)
(-13.61727251 -36.391008 1.306205447e-16)
(-13.71126795 -36.63627764 1.123327363e-16)
(-13.80756327 -36.88725546 1.155192732e-16)
(-13.90627105 -37.14420544 2.57678466e-16)
(-14.00751165 -37.40740868 9.624616723e-17)
(-14.11141591 -37.67716926 1.078871613e-16)
(-14.21812822 -37.95382214 4.76588378e-16)
(-14.3278039 -38.23772405 6.285848821e-16)
(-14.44061396 -38.52926756 5.070276115e-16)
(-14.55674719 -38.82888168 2.043580986e-16)
(-14.67640829 -39.1370308 1.435438019e-16)
(-14.79982842 -39.4542348 2.952776904e-16)
(-14.92725978 -39.78105653 9.290968432e-16)
(-15.05898777 -40.1181301 6.654853756e-16)
(-15.19533092 -40.46615481 4.21426871e-16)
(-15.33664937 -40.8259171 5.473816566e-16)
(-15.48334947 -41.19829324 3.194751842e-16)
(-15.63589913 -41.58428533 1.59063457e-16)
(-15.79483624 -41.98502744 -2.069677294e-16)
(-15.96078053 -42.4018127 -4.988361818e-16)
(-16.13446235 -42.83614367 -5.258240195e-16)
(-16.31674633 -43.289771 -3.478428779e-16)
(-16.50866783 -43.76475473 -7.215752266e-16)
(-16.71148394 -44.2635446 -9.344727308e-16)
(-16.92674255 -44.78908814 -3.994640708e-16)
(-17.15639778 -45.34500857 -2.223249187e-16)
(-17.40295577 -45.9358062 -5.481863333e-17)
(-17.66972971 -46.56720835 3.13362017e-16)
(-17.96125303 -47.24669594 3.74765273e-16)
(-18.28399142 -47.98431903 2.838995876e-16)
(-18.64773228 -48.79406749 4.865114054e-16)
(-19.06872595 -49.69593277 4.798762511e-16)
(-19.57945043 -50.71686019 5.97252396e-16)
(-20.28218719 -51.86879905 5.351782055e-16)
(-21.27555523 -52.98781105 4.492738508e-16)
(-22.19506974 -54.01357246 3.032756722e-16)
(-23.10167411 -54.89324025 1.852688272e-16)
(-24.019917 -55.62167124 1.690589066e-16)
(-24.94712121 -56.22666283 1.434326522e-16)
(-25.88022814 -56.73135373 1.31938578e-16)
(-26.81657678 -57.1534497 1.383640595e-16)
(-27.75407407 -57.50612465 1.64711682e-16)
(-28.69113466 -57.79910818 -8.718906684e-17)
(-29.62656234 -58.03961013 1.81588452e-16)
(-30.55942316 -58.23302062 1.16537823e-16)
(-31.48894623 -58.38342195 2.168606102e-16)
(-32.41446991 -58.49397263 2.407818695e-16)
(-33.33539522 -58.56716228 2.695602579e-16)
(-34.25116584 -58.60501023 2.429435435e-16)
(-35.16125684 -58.60919165 1.148440609e-16)
(-36.06517339 -58.58112511 1.450831499e-16)
(-36.96257751 -58.52204813 2.350317735e-16)
(-37.85450619 -58.43151877 2.25804411e-16)
(-38.75808707 -58.31502728 1.741641668e-16)
(-39.69102181 -58.20552254 1.2957039e-16)
(-40.57434086 -58.06094371 1.210511254e-16)
(-41.44435974 -57.88285203 1.415979885e-16)
(-42.30260386 -57.676316 1.75018144e-16)
(-43.14970182 -57.44243137 1.795093277e-16)
(-43.9856402 -57.18208256 1.069624164e-16)
(-44.81022403 -56.89616274 6.511862611e-17)
(-45.62316409 -56.58554536 -5.329046861e-17)
(-46.42417047 -56.25110885 4.076227813e-17)
(-47.21294786 -55.89369487 7.344506171e-17)
(-47.98921728 -55.51411873 1.220564044e-16)
(-48.7527155 -55.11316705 3.046157534e-16)
(-49.50319775 -54.69159958 2.797576567e-16)
(-50.24042721 -54.25014225 3.603538077e-16)
(-50.9641876 -53.78950187 1.986662837e-16)
(-51.67428663 -53.31037241 1.934741098e-16)
(-52.37054549 -52.81343058 -5.910340425e-18)
(-53.05280145 -52.29933789 1.106349478e-16)
(-53.72091124 -51.76874577 1.787443224e-16)
(-54.37474192 -51.22228704 2.169354205e-16)
(-55.01418672 -50.66059461 3.602678349e-16)
(-55.63910368 -50.08430465 3.413428541e-16)
(-56.24941555 -49.4940062 3.231633813e-16)
(-56.84506397 -48.89028628 2.319623744e-16)
(-57.42600071 -48.27372166 2.241889783e-16)
(-57.99219335 -47.64488281 3.188948986e-16)
(-58.5436138 -47.00432294 3.483193173e-16)
(-59.08024974 -46.35258879 3.114862153e-16)
(-59.60210409 -45.69021934 2.970275095e-16)
(-60.10919416 -45.01774493 2.507664813e-16)
(-60.60154027 -44.33567992 1.957130327e-16)
(-61.07918638 -43.64453555 1.637238444e-16)
(-61.54218386 -42.94481009 2.741914591e-16)
(-61.99058576 -42.23698802 4.229699948e-16)
(-62.42447243 -41.52154762 4.683393577e-16)
(-62.84391924 -40.79895603 3.520963411e-16)
(-63.24902082 -40.06966852 4.330556206e-16)
(-63.63987994 -39.33413213 2.889024705e-16)
(-64.01660325 -38.59277942 2.694570154e-16)
(-64.37930962 -37.84603509 4.204133436e-16)
(-64.72812671 -37.09431278 3.502742418e-16)
(-65.06318598 -36.33801176 3.093302359e-16)
(-65.38462844 -35.57752701 2.273866043e-16)
(-65.69260071 -34.81323679 2.403421772e-16)
(-65.98725208 -34.04550891 2.263546871e-16)
(-66.26874129 -33.27470214 3.323333206e-16)
(-66.53723276 -32.50116456 3.267953059e-16)
(-66.79289248 -31.72523454 2.841211019e-16)
(-67.03589525 -30.94723511 2.724468923e-16)
(-67.26641521 -30.16748674 2.48225865e-16)
(-67.48462985 -29.38629011 2.481688171e-16)
(-67.69072568 -28.60394258 2.3411588e-16)
(-67.88488306 -27.8207287 2.085360087e-16)
(-68.06729266 -27.03692157 2.479016566e-16)
(-68.23814165 -26.25278805 1.971249579e-16)
(-68.39762471 -25.46858058 1.636394046e-16)
(-68.54593594 -24.68454969 2.250805303e-16)
(-68.68327032 -23.90093012 2.011606347e-16)
(-68.80981752 -23.11794588 2.040060365e-16)
(-68.92578132 -22.33581682 1.912567989e-16)
(-69.03135595 -21.5547552 1.980431616e-16)
(-69.12673865 -20.77495908 1.787744622e-16)
(-69.21212988 -19.99662176 1.3377841e-16)
(-69.28772736 -19.2199293 5.680946217e-17)
(-69.35373018 -18.4450557 1.739263814e-17)
(-69.41033992 -17.67217136 6.008354118e-18)
(-69.45775066 -16.90143888 3.385284538e-17)
(-69.4961585 -16.13300964 4.791639211e-17)
(-69.52576453 -15.36702868 8.960529121e-17)
(-69.54676483 -14.60363731 7.972254616e-17)
(-69.55935729 -13.84297011 7.588920152e-17)
(-69.56373593 -13.08514749 6.310339859e-17)
(-69.56009426 -12.33029178 4.770186742e-17)
(-69.54863044 -11.57851283 2.615571724e-17)
(-69.52953653 -10.82992123 2.931620466e-17)
(-69.50300546 -10.08461047 4.857906435e-17)
(-69.46923013 -9.342678268 7.447056683e-17)
(-69.42840347 -8.604224832 6.898704132e-17)
(-69.3814199 -7.869468092 8.319375788e-17)
(-69.56679835 -7.207548919 6.320648042e-17)
)
;
    }
    outlet
    {
        type            calculated;
        value           uniform (0 0 0);
    }
    front
    {
        type            wedge;
    }
    back
    {
        type            wedge;
    }
    procBoundary3to1
    {
        type            processor;
        value           uniform (0 0 0);
    }
    procBoundary3to2
    {
        type            processor;
        value           uniform (0 0 0);
    }
}


// ************************************************************************* //
