/*--------------------------------*- C++ -*----------------------------------*\
| =========                 |                                                 |
| \\      /  F ield         | OpenFOAM: The Open Source CFD Toolbox           |
|  \\    /   O peration     | Version:  v1706                                 |
|   \\  /    A nd           | Web:      www.OpenFOAM.com                      |
|    \\/     M anipulation  |                                                 |
\*---------------------------------------------------------------------------*/
FoamFile
{
    version     2.0;
    format      ascii;
    class       volVectorField;
    location    "0.00127";
    object      wallShearStress;
}
// * * * * * * * * * * * * * * * * * * * * * * * * * * * * * * * * * * * * * //

dimensions      [1 -1 -2 0 0 0 0];


internalField   uniform (0 0 0);

boundaryField
{
    inlet
    {
        type            calculated;
        value           uniform (0 0 0);
    }
    object
    {
        type            calculated;
        value           nonuniform List<vector> 
300
(
(-2.6570166 -0.8510318114 2.586473396e-14)
(-2.510762387 -1.386494871 4.677854697e-14)
(-2.522803596 -2.138891648 4.938749717e-14)
(-2.531076834 -2.919373708 1.452522379e-14)
(-2.543722758 -3.702354653 2.738568028e-14)
(-2.56184419 -4.480087743 2.492039107e-14)
(-2.586057552 -5.249213433 5.12908793e-14)
(-2.616889247 -6.008070871 6.445699008e-14)
(-2.654799996 -6.75589345 6.975746041e-14)
(-2.700170765 -7.492475137 7.835092183e-14)
(-2.753293387 -8.217987744 6.025375776e-14)
(-2.814370648 -8.932859103 5.151544203e-14)
(-2.883523857 -9.637683315 4.010082463e-14)
(-2.960804806 -10.3331522 3.461082837e-14)
(-3.046209549 -11.0200033 2.719128983e-14)
(-3.139692051 -11.69898124 1.708885343e-14)
(-3.241176639 -12.37081021 1.424570453e-16)
(-3.350568615 -13.03617551 -2.043140911e-15)
(-3.467762907 -13.6957123 -4.716141751e-15)
(-3.592650707 -14.34999952 -4.159790227e-15)
(-3.72512451 -14.99955819 -4.751657119e-15)
(-3.865081712 -15.64485251 -8.662644033e-15)
(-4.012427025 -16.28629289 -1.095660032e-14)
(-4.16707411 -16.92424029 -5.12187059e-15)
(-4.328946624 -17.55901162 -8.350804992e-16)
(-4.497978752 -18.19088518 2.878912882e-16)
(-4.674115521 -18.82010641 1.039826168e-15)
(-4.857313018 -19.44689397 2.382400197e-15)
(-5.047538329 -20.071445 6.185250757e-15)
(-5.244769588 -20.6939407 8.488847231e-15)
(-5.44899581 -21.31455156 7.482484152e-15)
(-5.660216704 -21.93344207 6.780387953e-15)
(-5.878441996 -22.55077471 5.987425287e-15)
(-6.103690656 -23.1667136 5.343184194e-15)
(-6.335989269 -23.78142693 4.447440012e-15)
(-6.575369808 -24.39508823 3.8925452e-15)
(-6.821866098 -25.00787548 2.079957287e-15)
(-7.075509428 -25.61996842 -2.466670519e-15)
(-7.33632234 -26.23154178 -1.213550774e-15)
(-7.604312108 -26.8427565 3.88297015e-16)
(-7.879463343 -27.45374648 4.046628727e-15)
(-8.161731566 -28.06460267 5.30114826e-15)
(-8.451039025 -28.67535591 4.53840641e-15)
(-8.747273957 -29.28596072 3.952409884e-15)
(-9.050293797 -29.89628313 1.356465393e-15)
(-9.359932272 -30.50609611 1.218363975e-15)
(-9.676007895 -31.11508299 1.901552978e-15)
(-9.998332831 -31.72284747 2.206861651e-15)
(-10.3267212 -32.32893017 3.312814846e-15)
(-10.66099587 -32.93282771 8.204182091e-15)
(-11.00099411 -33.53401389 7.508949408e-15)
(-11.3465716 -34.13196023 9.724409821e-15)
(-11.69760561 -34.72615597 7.814090359e-15)
(-12.05399719 -35.31612608 6.237299243e-15)
(-12.41567186 -35.90144508 9.262432078e-15)
(-12.78258102 -36.48175014 7.544722062e-15)
(-13.15470238 -37.05675012 6.229835258e-15)
(-13.53203994 -37.62623258 4.773364131e-15)
(-13.91462453 -38.19006801 4.055936244e-15)
(-14.30251395 -38.74821371 2.548714759e-15)
(-14.69579187 -39.30071394 2.993893547e-15)
(-15.09456643 -39.84769954 3.099914765e-15)
(-15.49896658 -40.38938421 2.067883392e-15)
(-15.90913486 -40.92605788 6.428923528e-18)
(-16.32521775 -41.45807351 -1.972216528e-16)
(-16.7473508 -41.98582976 -1.100466598e-15)
(-17.17564039 -42.50974071 -1.345683498e-15)
(-17.61014494 -43.03019982 -1.201356147e-15)
(-18.05085954 -43.54753649 -2.0075328e-15)
(-18.4977087 -44.06197471 -3.479679857e-15)
(-18.95055147 -44.57360161 -3.51677724e-15)
(-19.40919434 -45.08235412 -6.744085199e-16)
(-19.87341122 -45.58802687 -2.99164161e-16)
(-20.3429632 -46.09029804 -2.074283775e-15)
(-20.81761515 -46.58876168 -1.48733512e-15)
(-21.29715024 -47.08296596 -1.626210944e-15)
(-21.78138095 -47.57245095 -3.129533538e-15)
(-22.27015843 -48.05678351 -5.568170612e-15)
(-22.76337754 -48.53558828 -6.695156057e-15)
(-23.26098286 -49.00856966 -5.309916165e-15)
(-23.76297364 -49.47553449 -3.884806443e-15)
(-24.26940704 -49.93640571 -1.425049781e-15)
(-24.78040104 -50.39123419 -1.650684752e-16)
(-25.29613367 -50.84020899 -5.823715645e-16)
(-25.81683281 -51.28365736 8.093452752e-16)
(-26.34275213 -51.72203208 6.179714525e-16)
(-26.87413215 -52.15587041 1.681867134e-16)
(-27.41115305 -52.58572735 -2.396893416e-16)
(-27.9538954 -53.01208559 4.314857309e-16)
(-28.50232092 -53.43527296 1.614409892e-15)
(-29.05627393 -53.85540979 9.494900411e-16)
(-29.61549696 -54.2723896 1.32811848e-15)
(-30.17965588 -54.68588771 3.029565942e-15)
(-30.74837546 -55.09539602 2.809795711e-15)
(-31.32128201 -55.50028648 3.75160862e-15)
(-31.89804538 -55.89989194 2.437466818e-15)
(-32.47841258 -56.29359072 8.047958588e-16)
(-33.06222355 -56.68088049 -4.795637366e-17)
(-33.64941011 -57.06142606 -2.28770799e-16)
(-34.23997085 -57.43507209 -4.370737084e-16)
(-34.83393621 -57.80179522 -1.474570957e-15)
(-35.43134699 -58.16167194 -1.201535875e-15)
(-36.0322392 -58.5148244 -2.62219758e-15)
(-36.63663407 -58.8613895 -6.403948517e-16)
(-37.24452957 -59.20148774 -6.378451479e-16)
(-37.85591348 -59.53521452 -4.966271129e-16)
(-38.47075187 -59.86265304 -6.554621291e-16)
(-39.08898869 -60.18381342 -9.809218438e-16)
(-39.71058375 -60.49872189 -1.440333516e-15)
(-40.33550805 -60.80735379 2.778496128e-16)
(-40.96383091 -61.10978466 -1.645856018e-15)
(-41.59571814 -61.40619748 -2.332044883e-15)
(-42.23144545 -61.69699166 -1.308275217e-15)
(-42.87129283 -61.98267392 -1.14283784e-15)
(-43.51546237 -62.26374375 -6.113527928e-16)
(-44.16402467 -62.54051087 -5.372919529e-16)
(-44.81687704 -62.81316612 -1.905978195e-15)
(-45.47373699 -63.08122894 -8.327769877e-16)
(-46.13448049 -63.34491075 -2.984961455e-16)
(-46.79817655 -63.60294086 3.029535591e-18)
(-47.46467573 -63.85458132 1.829812654e-15)
(-48.13424908 -64.09978691 2.553440734e-15)
(-48.80830908 -64.33855511 6.00016109e-16)
(-49.49135848 -64.5765763 9.341752714e-16)
(-50.18063854 -64.81430586 2.215734497e-15)
(-50.85385839 -65.02523301 3.063565813e-15)
(-51.52831533 -65.22325499 1.697639013e-15)
(-52.20441854 -65.41383564 6.435860473e-16)
(-52.88312973 -65.59892953 3.182977341e-16)
(-53.56491364 -65.77934 -1.520215932e-15)
(-54.24988377 -65.95522877 -1.103023705e-15)
(-54.93793341 -66.12640185 -1.575806941e-15)
(-55.62879779 -66.29242764 -3.613330654e-17)
(-56.32214583 -66.45276279 -7.114534372e-16)
(-57.01766474 -66.60689721 -9.195204556e-16)
(-57.71508544 -66.75439183 -1.167316595e-15)
(-58.4142358 -66.89498353 -1.800353662e-15)
(-59.11501521 -67.02854213 -1.588848456e-15)
(-59.81741138 -67.1551074 -1.376467501e-15)
(-60.52143517 -67.27478495 -5.182479981e-16)
(-61.22711426 -67.38772437 -8.836972737e-16)
(-61.93446183 -67.49405643 -1.130177385e-15)
(-62.6434659 -67.59387131 -8.596196165e-16)
(-63.35408674 -67.68720134 -5.240876802e-16)
(-64.0662518 -67.77402044 -2.385752904e-16)
(-64.77987282 -67.85426019 -3.95076366e-16)
(-65.49486577 -67.92786077 -1.765344934e-16)
(-66.21113997 -67.99475129 1.498338173e-16)
(-66.92861603 -68.05487898 -3.86260664e-17)
(-67.64722971 -68.10822704 2.880984509e-16)
(-68.36692235 -68.154782 4.175163246e-16)
(-69.08763027 -68.19454608 -2.567782242e-17)
(-69.80929871 -68.22752035 3.383776559e-16)
(-70.53187332 -68.25371056 2.552198783e-16)
(-71.25529685 -68.27312316 1.643151153e-16)
(-71.97950827 -68.28574825 -2.337739345e-16)
(-72.70445187 -68.29158619 -3.634500397e-16)
(-73.43007199 -68.29063434 -9.300194163e-16)
(-74.15630163 -68.28288218 -1.007604158e-15)
(-74.88308851 -68.26832744 -2.62148009e-16)
(-75.61037995 -68.24698267 7.834965229e-17)
(-76.33811389 -68.21883424 7.55649486e-16)
(-77.06624298 -68.18389807 3.052037656e-16)
(-77.79470625 -68.14217314 9.566322877e-17)
(-78.5234476 -68.093658 5.440269431e-18)
(-79.25241904 -68.03836535 1.209965996e-16)
(-79.98155855 -67.97629279 7.52658478e-16)
(-80.71081417 -67.90744488 -3.005994102e-16)
(-81.44013376 -67.83182907 -2.112856492e-16)
(-82.16945235 -67.7494411 -7.535054598e-16)
(-82.89871796 -67.66028046 -9.388109933e-16)
(-83.62788098 -67.56436329 -1.153822357e-15)
(-84.35687775 -67.46168507 -1.064420752e-15)
(-85.08565189 -67.35224164 -5.074260367e-17)
(-85.81414269 -67.23604897 -6.733414833e-17)
(-86.54230046 -67.11310664 4.26229335e-16)
(-87.27006759 -66.98342617 3.620038894e-16)
(-87.99737542 -66.84700136 1.047581575e-16)
(-88.72417425 -66.70384329 2.319255712e-16)
(-89.45040882 -66.55395565 2.205824006e-16)
(-90.17601597 -66.39734578 2.257576812e-16)
(-90.90094055 -66.23402292 1.873032762e-16)
(-91.62513097 -66.06399247 -3.292533539e-17)
(-92.34853086 -65.88726924 -1.893224564e-16)
(-93.07108156 -65.70386206 -2.469892395e-16)
(-93.79273446 -65.51378074 -1.193269542e-15)
(-94.51343094 -65.31703959 -1.222785808e-15)
(-95.23310954 -65.11364378 -1.193171713e-15)
(-95.95172397 -64.90360381 -1.491929091e-15)
(-96.66922702 -64.68694899 -1.44839196e-15)
(-97.38555503 -64.46368012 -1.478254012e-15)
(-98.10065342 -64.23380584 -1.862581203e-15)
(-98.814475 -63.99735888 -1.958958716e-15)
(-99.52695128 -63.75435661 -1.829758194e-15)
(-100.2380312 -63.5048137 -1.68974309e-15)
(-100.9476627 -63.24874142 -2.063760485e-15)
(-101.6558004 -62.98615465 -2.459555102e-15)
(-102.3623919 -62.71706827 -1.798371795e-15)
(-103.0673884 -62.44159247 -1.596592162e-15)
(-103.7760153 -62.18978169 -1.353282597e-15)
(-105.5186991 -61.21679809 5.928656523e-16)
(-106.3435946 -60.93067809 -1.314872634e-16)
(-106.8057864 -60.98287832 -1.63386651e-15)
(-107.1530998 -61.1547346 -1.380357028e-15)
(-107.4600612 -61.34816942 -1.318781484e-15)
(-107.7499146 -61.53588574 -1.445429216e-15)
(-108.0296691 -61.7138989 -8.886514595e-16)
(-108.3016552 -61.88368919 -1.362948511e-15)
(-108.5668686 -62.04705466 -6.710550005e-16)
(-108.8258288 -62.2051276 -1.959627661e-15)
(-109.0786515 -62.3583434 -2.485397756e-15)
(-109.3250539 -62.50660688 -3.026583046e-15)
(-109.5643732 -62.64944016 -4.395222315e-15)
(-109.7956093 -62.78612219 -3.748361802e-15)
(-110.017622 -62.91589384 -5.088632696e-15)
(-110.2292712 -63.0380999 -4.948272651e-15)
(-110.429604 -63.15233769 -4.729109319e-15)
(-110.6180505 -63.25856315 -3.189854991e-15)
(-110.794484 -63.357094 -3.362306594e-15)
(-110.9592779 -63.44858725 -3.623680218e-15)
(-111.1132329 -63.53392951 -3.740040306e-15)
(-111.2574621 -63.61412187 -3.685692446e-15)
(-111.3933094 -63.69019546 -4.201151651e-15)
(-111.5221603 -63.76308247 -3.142281518e-15)
(-111.6453396 -63.83356863 -3.602541359e-15)
(-111.7640268 -63.90226077 -2.894816941e-15)
(-111.8791661 -63.96956592 -3.668972508e-15)
(-111.9915002 -64.03574184 -5.156405462e-15)
(-112.1015312 -64.10089539 -5.140947141e-15)
(-112.2095427 -64.16502185 -5.348936417e-15)
(-112.3156733 -64.22805538 -5.830772625e-15)
(-112.4199181 -64.28987847 -5.082808074e-15)
(-112.5222 -64.35036448 -4.989529484e-15)
(-112.6223779 -64.40937431 -3.830909876e-15)
(-112.7202665 -64.46677078 -3.790563132e-15)
(-112.8156979 -64.52244634 -3.361702853e-15)
(-112.9085052 -64.57631372 -3.401356451e-15)
(-112.9985742 -64.62833548 -2.97910336e-15)
(-113.0858345 -64.6785113 -3.862166832e-15)
(-113.170258 -64.72687984 -3.590353853e-15)
(-113.2519161 -64.77354604 -3.976908372e-15)
(-113.3309303 -64.81864024 -3.133191114e-15)
(-113.4074573 -64.86230813 -2.948386725e-15)
(-113.4817085 -64.90471068 -3.942833631e-15)
(-113.5538909 -64.945988 -3.610165119e-15)
(-113.6242204 -64.98626763 -2.773199883e-15)
(-113.692881 -65.02563877 -3.637446926e-15)
(-113.7600101 -65.0641562 -3.101964293e-15)
(-113.8257365 -65.10186619 -2.989943912e-15)
(-113.8901517 -65.13879995 -2.670281038e-15)
(-113.9533576 -65.17500812 -2.969488733e-15)
(-114.0154565 -65.21055295 -3.138549934e-15)
(-114.0765544 -65.24551514 -3.312681487e-15)
(-114.1368229 -65.28002689 -3.445541695e-15)
(-114.1964521 -65.31423377 -2.961527287e-15)
(-114.2556686 -65.3483049 -2.486564549e-15)
(-114.3147337 -65.38242233 -3.277197531e-15)
(-114.3738982 -65.4167518 -2.631383845e-15)
(-114.4334449 -65.45146626 -2.368125998e-15)
(-114.4936298 -65.48670636 -2.763461311e-15)
(-114.5546702 -65.52258216 -2.232329035e-15)
(-114.6167777 -65.55919309 -1.955452242e-15)
(-114.6801232 -65.59661566 -1.819604524e-15)
(-114.7448785 -65.63493515 -1.680991713e-15)
(-114.8112033 -65.67423772 -1.393899183e-15)
(-114.8792521 -65.71462317 -1.237003516e-15)
(-114.9492237 -65.75622954 -1.77486806e-15)
(-115.0213314 -65.79921404 -1.167083515e-15)
(-115.0958368 -65.84376758 -6.779190896e-16)
(-115.1730161 -65.89008163 -1.25237688e-15)
(-115.2531329 -65.9383297 -1.070415012e-15)
(-115.3364698 -65.98867924 -1.273360682e-15)
(-115.4232602 -66.0412429 -1.471916761e-15)
(-115.5136654 -66.09607203 -1.033110378e-15)
(-115.6077981 -66.15317072 -1.025285208e-15)
(-115.7056797 -66.21248099 -8.206232858e-16)
(-115.8072789 -66.27391653 -4.089298388e-16)
(-115.9125003 -66.33736072 -3.256251167e-16)
(-116.0211989 -66.40268929 -2.328724913e-16)
(-116.1332413 -66.46980766 -7.322339389e-17)
(-116.2484927 -66.5386459 2.564037877e-16)
(-116.3668685 -66.60918711 2.97462245e-16)
(-116.4883189 -66.68144625 3.833658595e-16)
(-116.6128194 -66.75546034 -1.642131714e-16)
(-116.7404156 -66.8313053 -5.06689594e-17)
(-116.8711565 -66.90904297 -9.660209476e-18)
(-117.0050972 -66.98872243 -1.221553801e-16)
(-117.1422861 -67.07036694 -2.034032398e-16)
(-117.2827162 -67.15394832 -3.394946746e-16)
(-117.4263724 -67.23942137 -3.28528258e-16)
(-117.5731825 -67.32669728 -4.867529065e-16)
(-117.7230205 -67.41565999 -3.700611788e-16)
(-117.8757555 -67.50619978 -2.918743579e-16)
(-118.0312312 -67.59820916 -3.062349337e-16)
(-118.1893181 -67.69161869 -2.887856791e-16)
(-118.349904 -67.78638626 -3.501075569e-16)
(-118.512896 -67.88249994 -3.805265264e-16)
(-118.6782799 -67.98000767 -8.461582849e-16)
(-118.8460608 -68.0789755 -7.072477734e-16)
(-119.0127092 -68.1852034 -7.203467306e-16)
)
;
    }
    outlet
    {
        type            calculated;
        value           uniform (0 0 0);
    }
    front
    {
        type            wedge;
    }
    back
    {
        type            wedge;
    }
}


// ************************************************************************* //
