/*--------------------------------*- C++ -*----------------------------------*\
| =========                 |                                                 |
| \\      /  F ield         | OpenFOAM: The Open Source CFD Toolbox           |
|  \\    /   O peration     | Version:  v1706                                 |
|   \\  /    A nd           | Web:      www.OpenFOAM.com                      |
|    \\/     M anipulation  |                                                 |
\*---------------------------------------------------------------------------*/
FoamFile
{
    version     2.0;
    format      ascii;
    class       volScalarField;
    location    "0.00127";
    object      wallHeatFlux;
}
// * * * * * * * * * * * * * * * * * * * * * * * * * * * * * * * * * * * * * //

dimensions      [1 0 -3 0 0 0 0];


internalField   uniform 0;

boundaryField
{
    inlet
    {
        type            calculated;
        value           uniform 0;
    }
    object
    {
        type            calculated;
        value           nonuniform List<scalar> 
300
(
635108.7763
636376.0659
636840.4215
637090.4777
637229.1685
637294.8323
637306.8057
637276.6833
637212.211
637118.9283
637000.9636
636861.4597
636702.8375
636526.9645
636335.2808
636128.8864
635908.6131
635675.0813
635428.7519
635169.951
634898.9086
634615.7793
634320.6575
634013.592
633694.6014
633363.6768
633020.7846
632665.8826
632298.9076
631919.7829
631528.4204
631124.7202
630708.5601
630279.8029
629838.2888
629383.839
628916.2478
628435.2945
627940.7259
627432.2828
626909.6994
626372.7194
625821.119
625254.7269
624673.4398
624077.2501
623466.2546
622840.6523
622200.7504
621546.9467
620879.7185
620199.5938
619507.1398
618802.9443
618087.5728
617361.5704
616625.4313
615879.5781
615124.3473
614359.9851
613586.6201
612804.2659
612012.8109
611212.012
610401.5106
609580.8537
608749.5132
607906.9396
607052.6209
606186.1471
605307.2809
604415.9595
603512.3242
602596.7094
601669.5878
600731.5318
599783.1626
598825.1079
597857.9339
596882.1191
595898.014
594905.7907
593905.4111
592896.6138
591878.8892
590851.4911
589813.5006
588763.937
587701.9241
586626.8292
585538.3745
584436.6889
583322.2981
582196.079
581059.1499
579912.7359
578758.0095
577595.9244
576427.1635
575252.0875
574070.783
572883.1511
571689.1003
570488.4241
569280.9102
568066.4815
566845.0168
565616.5461
564381.1052
563138.7028
561889.1615
560632.0241
559366.2936
558090.7659
556804.1915
555505.8856
554195.3965
552873.8505
551540.7363
550199.3525
548851.2126
547496.0358
546131.879
544742.9125
543338.5738
541993.7426
540655.5598
539314.3436
537965.4228
536606.5347
535237.0789
533857.4168
532468.5645
531071.9282
529668.8072
528260.3925
526847.3747
525430.2208
524008.9309
522583.2423
521152.8332
519717.4746
518276.959
516831.2497
515380.3927
513924.6646
512464.2591
510999.3736
509530.2386
508056.983
506579.8056
505098.6263
503613.5743
502124.7439
500632.1327
499135.8322
497635.9359
496132.5447
494625.6645
493115.4573
491601.9343
490085.1976
488565.333
487042.3336
485516.2887
483987.2899
482455.3524
480920.5766
479383.0297
477842.7119
476299.7837
474754.3175
473206.3183
471655.9238
470103.1187
468548.0816
466990.8624
465431.4671
463870.012
462306.6128
460741.2833
459174.0777
457605.1303
456034.4904
454462.1849
452888.338
451312.9622
449736.0776
448157.8413
446578.2962
444997.4527
443415.3984
441832.187
440247.9057
438662.586
437076.2573
435489.0013
433900.8902
432311.974
430723.9626
429297.2847
428812.8389
428258.4248
427530.7506
426705.0373
425838.298
424957.9195
424075.1756
423194.8524
422319.9479
421453.4205
420599.1752
419762.1852
418948.2549
418163.6122
417413.9669
416703.8323
416035.9436
415410.9062
414827.2677
414281.7062
413769.5849
413285.6913
412824.6185
412381.4219
411951.8699
411532.612
411121.3684
410716.6748
410317.8326
409924.7635
409537.8129
409157.663
408785.0926
408420.9382
408066.0261
407721.0642
407386.6333
407063.0128
406750.1814
406447.9367
406155.7353
405872.8375
405598.4123
405331.6014
405071.6655
404817.9261
404569.8503
404327.0501
404089.2034
403856.047
403627.1908
403402.0985
403180.1784
402960.5705
402742.3314
402524.3906
402305.5971
402084.926
401861.3487
401633.9497
401401.9538
401164.6768
400921.541
400671.901
400415.0429
400150.1506
399876.2502
399592.2797
399297.0223
398989.2236
398667.815
398331.8308
397980.5731
397613.6818
397231.1139
396833.1671
396420.2898
395993.0421
395552.0006
395097.6282
394630.2627
394149.9703
393656.5948
393149.9296
392629.5941
392095.2823
391546.7618
390983.9267
390406.9721
389816.2128
389212.1281
388595.3132
387966.3681
387325.8711
386674.1942
386011.4918
385337.8025
384652.8704
383956.4015
)
;
    }
    outlet
    {
        type            calculated;
        value           uniform 0;
    }
    front
    {
        type            wedge;
    }
    back
    {
        type            wedge;
    }
}


// ************************************************************************* //
