/*--------------------------------*- C++ -*----------------------------------*\
| =========                 |                                                 |
| \\      /  F ield         | OpenFOAM: The Open Source CFD Toolbox           |
|  \\    /   O peration     | Version:  v1706                                 |
|   \\  /    A nd           | Web:      www.OpenFOAM.com                      |
|    \\/     M anipulation  |                                                 |
\*---------------------------------------------------------------------------*/
FoamFile
{
    version     2.0;
    format      ascii;
    class       volVectorField;
    location    "0.00018";
    object      wallShearStress;
}
// * * * * * * * * * * * * * * * * * * * * * * * * * * * * * * * * * * * * * //

dimensions      [1 -1 -2 0 0 0 0];


internalField   uniform (0 0 0);

boundaryField
{
    inlet
    {
        type            calculated;
        value           uniform (0 0 0);
    }
    object
    {
        type            calculated;
        value           nonuniform List<vector> 
150
(
(-240.3907048 0.6270548812 1.291165451e-11)
(-240.3187698 1.901345686 -4.291684939e-12)
(-240.2170233 3.174592475 7.744298397e-12)
(-240.0592849 4.437506561 7.713580804e-15)
(-239.841114 5.69232811 1.436684735e-12)
(-239.5750137 6.937201917 -1.16112574e-12)
(-239.2575558 8.169798177 -1.967743475e-12)
(-238.8889641 9.387952852 4.277122836e-15)
(-238.4697846 10.58952288 7.556686643e-13)
(-238.0007079 11.7723907 -6.658959152e-13)
(-237.4825338 12.93446975 -6.006202867e-13)
(-236.9161586 14.07370928 3.660703443e-15)
(-236.302569 15.1880984 3.479734097e-15)
(-235.6428385 16.27566968 -1.856960405e-12)
(-234.9381232 17.3345029 2.158475205e-12)
(-234.1896606 18.36272839 -2.806456378e-12)
(-233.3987655 19.35853032 1.128565393e-12)
(-232.5668287 20.32014985 -2.108455055e-12)
(-231.6953131 21.24588846 -6.597023733e-13)
(-230.785752 22.13411076 2.345401514e-15)
(-229.8397457 22.98324721 -1.47283684e-12)
(-228.8589588 23.7917974 8.400418174e-13)
(-227.8451174 24.55833181 -7.932786902e-13)
(-226.8000053 25.28149554 2.016730908e-12)
(-225.725462 25.96000922 4.816466885e-13)
(-224.6233785 26.5926726 -6.825783731e-13)
(-223.4956946 27.17836569 1.09107624e-12)
(-222.3443936 27.71605102 1.249981123e-12)
(-221.1715024 28.20477575 2.759048673e-15)
(-219.9790852 28.64367275 3.827494793e-13)
(-218.7692392 29.03196293 -5.425868063e-13)
(-217.5440931 29.36895522 1.766492791e-13)
(-216.3058039 29.65404929 2.584842912e-15)
(-215.056548 29.88673564 2.736468435e-15)
(-213.7985252 30.06659682 -7.628223693e-13)
(-212.5339478 30.19330784 -7.3137049e-13)
(-211.2650404 30.26663707 5.649929176e-13)
(-209.994036 30.2864464 5.419263417e-13)
(-208.7231691 30.25269152 9.078226779e-13)
(-207.4546766 30.16542194 -1.11409705e-12)
(-206.1907891 30.02478093 2.138059824e-15)
(-204.93373 29.83100509 3.438838014e-13)
(-203.6857117 29.58442429 7.667146447e-13)
(-202.4489285 29.28546041 6.299162411e-13)
(-201.2255568 28.93462723 2.023935597e-13)
(-200.0177484 28.53252828 1.056467855e-12)
(-198.8276224 28.07984044 2.569917355e-15)
(-197.6568051 27.57577838 5.279043815e-13)
(-196.526665 26.98414669 8.632040763e-14)
(-199.0105861 20.19036669 8.239466979e-14)
(-109.3238959 -33.77512303 -9.228157596e-14)
(-70.7381152 -30.98761392 3.123712687e-16)
(-61.97987103 -30.00324481 -3.975985299e-14)
(-59.66930054 -30.48598426 -9.394208398e-15)
(-58.59891161 -30.83183591 -1.373018057e-15)
(-57.65311551 -30.81967693 2.849595176e-15)
(-56.55347787 -30.53312723 -5.268447518e-16)
(-55.34349128 -30.10343819 1.253606435e-16)
(-54.1838713 -29.6553042 4.388951781e-16)
(-53.23447028 -29.28593809 5.663264342e-16)
(-52.60392814 -29.05832954 1.00351087e-14)
(-52.34581251 -29.00496392 1.390985708e-14)
(-52.47180331 -29.13603435 5.495993002e-15)
(-52.9694395 -29.44816575 -6.923496463e-15)
(-53.81399252 -29.93073233 5.173033462e-15)
(-54.97655985 -30.57038446 -5.34085629e-15)
(-56.42826548 -31.3534477 -1.987639651e-16)
(-58.14291422 -32.26746369 8.844421753e-15)
(-60.09782148 -33.30184163 1.05717641e-14)
(-62.2737605 -34.44802163 3.271145021e-15)
(-64.65437711 -35.69935001 6.027095939e-15)
(-67.22533214 -37.05077502 3.122875306e-15)
(-69.97345708 -38.49848325 4.856284877e-15)
(-72.88608667 -40.03951993 7.48061152e-15)
(-75.95084199 -41.67149499 6.164011625e-15)
(-79.15601687 -43.39241818 2.753567296e-15)
(-82.49190254 -45.20084012 6.819709495e-15)
(-85.95310813 -47.09634443 2.810739076e-15)
(-89.54216837 -49.08067806 2.848478301e-15)
(-93.27401555 -51.15942999 -3.905719816e-16)
(-97.18077026 -53.34447949 1.79500028e-16)
(-101.3142826 -55.656494 6.984508325e-16)
(-105.7430996 -58.12729842 2.173101936e-15)
(-110.5394363 -60.79911096 8.780801644e-16)
(-115.7525406 -63.71983224 8.154533333e-18)
(-121.3661599 -66.93121247 1.1051375e-15)
(-127.2462238 -70.44280434 2.92854386e-16)
(-133.0977911 -74.18377122 2.565359989e-16)
(-138.4385209 -77.94050418 2.963480997e-16)
(-142.5463995 -81.29804546 1.396660958e-15)
(-144.3238461 -83.58046213 1.523708499e-15)
(-142.1462146 -83.79573617 1.617365634e-15)
(-133.9791798 -80.69241038 1.22233521e-15)
(-118.066301 -73.10333289 1.821528648e-15)
(-93.79069491 -60.26393437 2.788777737e-15)
(-62.39937034 -41.85232297 1.599268602e-15)
(-28.89192328 -20.22971404 1.494874224e-15)
(-5.651230518 -4.527273141 3.334869917e-16)
(-0.2112595269 -0.3772412939 -5.511486067e-16)
(0.01267058005 -0.03636409298 -9.282204345e-17)
(0.01444190162 -0.02393398918 -1.375530744e-16)
(0.01445630706 -0.02368546377 -2.001152013e-16)
(0.01444929581 -0.0236876536 -5.474107573e-16)
(0.01444227335 -0.02369423393 -5.16689487e-16)
(0.01443561345 -0.02370058547 -4.055067207e-16)
(0.01442929735 -0.02370664008 -4.310088834e-16)
(0.01442330247 -0.02371241501 -2.691268204e-16)
(0.01441760858 -0.02371792958 -2.358830969e-16)
(0.01441219485 -0.02372319827 -6.946738633e-16)
(0.01440704266 -0.02372823394 -6.962018796e-16)
(0.01440213687 -0.02373305195 -1.230879401e-16)
(0.01439746223 -0.02373766519 -1.561037787e-16)
(0.01439300467 -0.02374208551 4.399249775e-16)
(0.01438875118 -0.02374632386 3.938022381e-16)
(0.01438468974 -0.02375039042 9.193168905e-16)
(0.01438080916 -0.02375429465 3.978653078e-16)
(0.01437709907 -0.02375804536 2.772442329e-18)
(0.01437354984 -0.02376165077 -3.92561914e-16)
(0.01437015246 -0.02376511854 -1.339882016e-15)
(0.01436689855 -0.02376845583 -1.224358751e-15)
(0.01436378014 -0.02377166932 -1.285164433e-15)
(0.01436078903 -0.02377476346 -3.312609586e-16)
(0.01435792017 -0.02377774556 2.135527143e-16)
(0.01435516768 -0.0237806233 8.787006352e-17)
(0.01435252443 -0.02378340023 1.374246368e-16)
(0.01434998506 -0.02378608102 1.560786226e-16)
(0.01434754517 -0.02378867213 1.909660684e-16)
(0.01434519838 -0.02379117618 -4.475161536e-17)
(0.0143429393 -0.02379359516 2.690375765e-18)
(0.01434076485 -0.02379593451 -3.279963718e-16)
(0.01433867074 -0.02379819802 -2.549678198e-16)
(0.01433665274 -0.0238003893 -3.273315192e-16)
(0.01433470638 -0.02380251197 -6.704442507e-17)
(0.01433282636 -0.02380456998 -1.67577045e-17)
(0.01433100569 -0.02380656815 -7.224214174e-17)
(0.01432923414 -0.02380851292 -6.880997837e-16)
(0.01432749602 -0.02381041354 -7.702961825e-16)
(0.01432576733 -0.02381228376 -1.167817686e-15)
(0.0143240125 -0.02381414353 -9.126862661e-16)
(0.01432218109 -0.02381601887 -7.075257439e-16)
(0.01432021037 -0.02381794771 -6.407025961e-16)
(0.01431802367 -0.02381997646 -5.222156778e-16)
(0.01431553585 -0.02382215245 -4.366563057e-16)
(0.01431266533 -0.0238245242 -3.993823014e-16)
(0.01430934203 -0.02382713633 -2.463521639e-16)
(0.01430550748 -0.02383002038 -3.735147428e-16)
(0.01430110908 -0.02383320104 -2.885793059e-16)
(0.01429608611 -0.02383672005 -2.15990857e-16)
(0.01429041365 -0.0238406765 1.075437982e-16)
(0.01428378736 -0.02384649397 5.121545069e-16)
)
;
    }
    outlet
    {
        type            calculated;
        value           uniform (0 0 0);
    }
    front
    {
        type            wedge;
    }
    back
    {
        type            wedge;
    }
}


// ************************************************************************* //
