/*--------------------------------*- C++ -*----------------------------------*\
| =========                 |                                                 |
| \\      /  F ield         | OpenFOAM: The Open Source CFD Toolbox           |
|  \\    /   O peration     | Version:  v1706                                 |
|   \\  /    A nd           | Web:      www.OpenFOAM.com                      |
|    \\/     M anipulation  |                                                 |
\*---------------------------------------------------------------------------*/
FoamFile
{
    version     2.0;
    format      ascii;
    class       volVectorField;
    location    "0.0022";
    object      wallShearStress;
}
// * * * * * * * * * * * * * * * * * * * * * * * * * * * * * * * * * * * * * //

dimensions      [1 -1 -2 0 0 0 0];


internalField   uniform (0 0 0);

boundaryField
{
    inlet
    {
        type            calculated;
        value           nonuniform 0();
    }
    object
    {
        type            calculated;
        value           nonuniform List<vector> 
196
(
(-0.1929774412 -0.09087595244 0.002074511831)
(-0.183601137 -0.1489251645 0.002089757453)
(-0.1849614583 -0.2308210169 0.002107948897)
(-0.1861077164 -0.3166499044 0.002131011181)
(-0.1875467514 -0.4038666406 0.002159046425)
(-0.1893125623 -0.4918058256 0.002191829095)
(-0.1914043019 -0.5802204679 0.00222901179)
(-0.1938173809 -0.6689969726 0.0022701974)
(-0.1965473573 -0.7580737741 0.002314966393)
(-0.1995904496 -0.847412173 0.002362893933)
(-0.2029435564 -0.9369841608 0.002413559363)
(-0.2066041923 -1.026766999 0.002466548622)
(-0.2105703469 -1.116740522 0.002521457524)
(-0.2148404601 -1.20688584 0.002577896927)
(-0.219413302 -1.297184702 0.002635489033)
(-0.224287954 -1.387619218 0.002693868794)
(-0.2294637293 -1.478171761 0.002752686844)
(-0.2349401657 -1.568824974 0.002811605741)
(-0.2407169637 -1.659561834 0.002870300382)
(-0.2467939984 -1.750365703 0.00292845957)
(-0.2531712558 -1.841220534 0.002985783068)
(-0.2598487987 -1.932110825 0.003041981913)
(-0.2668267648 -2.023021741 0.003096777292)
(-0.2741053909 -2.113939247 0.003149900921)
(-0.2816849537 -2.204850044 0.003201093543)
(-0.2895657874 -2.295741819 0.003250104346)
(-0.2977482501 -2.386603055 0.003296691475)
(-0.3062327357 -2.477423363 0.003340620097)
(-0.3150196414 -2.5681931 0.003381662033)
(-0.3241093624 -2.658903763 0.003419597827)
(-0.3335023441 -2.749547707 0.00345421257)
(-0.34319901 -2.840118273 0.003485297013)
(-0.3531998088 -2.930609801 0.003512647556)
(-0.3635051784 -3.021017455 0.003536065337)
(-0.3741155931 -3.111337386 0.003555355827)
(-0.3850314753 -3.201566554 0.003570332789)
(-0.3962532464 -3.291702649 0.003580809601)
(-0.4077813809 -3.381744263 0.003586600067)
(-0.419616281 -3.471690602 0.003587525912)
(-0.4317584412 -3.561541629 0.003583410589)
(-0.4442083265 -3.651297964 0.003574081752)
(-0.4569663514 -3.740960777 0.003559368723)
(-0.470032957 -3.830531774 0.003539096195)
(-0.4834085879 -3.920013051 0.003513099945)
(-0.4970938058 -4.009407413 0.003481217421)
(-0.5110889944 -4.098717851 0.003443278421)
(-0.5253946693 -4.187947744 0.003399124845)
(-0.5400113392 -4.277100933 0.003348591157)
(-0.5549395028 -4.366181435 0.003291513011)
(-0.5701796327 -4.455193521 0.003227726668)
(-0.5857322757 -4.544141561 0.00315708151)
(-0.601597956 -4.633030336 0.00307941598)
(-0.6177772501 -4.721864526 0.002994568345)
(-0.6342707139 -4.810649044 0.002902384328)
(-0.6510788762 -4.899389067 0.002802696645)
(-0.6682023418 -4.988089282 0.002695348807)
(-0.6856417003 -5.076754905 0.002580185088)
(-0.7033976335 -5.165391013 0.002457036224)
(-0.7214708077 -5.254002852 0.002325755874)
(-0.7398617684 -5.342595226 0.002186179781)
(-0.7585712052 -5.431173435 0.002038141139)
(-0.7775997942 -5.519742147 0.001881477986)
(-0.796948264 -5.608306244 0.001716031525)
(-0.8166172665 -5.696870676 0.001541642129)
(-0.836607449 -5.785440003 0.001358146445)
(-0.8569196651 -5.874018846 0.001165386547)
(-0.8775546211 -5.962611639 0.0009631909743)
(-0.8985130485 -6.051222939 0.0007514099633)
(-0.9197956775 -6.13985662 0.0005298728501)
(-0.9414032658 -6.228516868 0.0002984068268)
(-0.9633366012 -6.317207805 5.684794297e-05)
(-0.9855964194 -6.405932867 -0.0001949649378)
(-1.008183594 -6.494695864 -0.0004571934164)
(-1.031098874 -6.58350037 -0.0007300243984)
(-1.054342951 -6.672349459 -0.001013609685)
(-1.077916785 -6.76124632 -0.001308122294)
(-1.101821127 -6.850194068 -0.001613734496)
(-1.126056752 -6.939195283 -0.001930614669)
(-1.150624368 -7.028252882 -0.002258936814)
(-1.175524899 -7.117369203 -0.002598850022)
(-1.200759003 -7.206546412 -0.00295053778)
(-1.226327519 -7.295786815 -0.003314178864)
(-1.252231166 -7.385092057 -0.00368991818)
(-1.278470908 -7.474464236 -0.004077958369)
(-1.305047269 -7.563904693 -0.004478467476)
(-1.33196112 -7.65341491 -0.004891600427)
(-1.359213151 -7.742996078 -0.005317538289)
(-1.386804202 -7.832649347 -0.005756452535)
(-1.414734847 -7.922375662 -0.006208507408)
(-1.443005767 -8.01217539 -0.006673861433)
(-1.471617794 -8.102049528 -0.007152703058)
(-1.500571454 -8.191997914 -0.007645210951)
(-1.52986756 -8.282021348 -0.008151570235)
(-1.559506586 -8.372119417 -0.00867193778)
(-1.589489197 -8.462292113 -0.009206460384)
(-1.619816098 -8.552539234 -0.009755314404)
(-1.650487787 -8.642860508 -0.01031867227)
(-1.681504669 -8.733254804 -0.01089672836)
(-1.712867491 -8.823721849 -0.01148961685)
(-1.744576619 -8.91426028 -0.01209751412)
(-1.776632573 -9.00486931 -0.01272059328)
(-1.809035796 -9.095547664 -0.01335900074)
(-1.841786808 -9.186293891 -0.01401291338)
(-1.874885865 -9.27710638 -0.01468249006)
(-1.908333398 -9.367983618 -0.01536787905)
(-1.942129905 -9.458923935 -0.01606927092)
(-1.97627534 -9.549924949 -0.01678682603)
(-2.010770246 -9.640984869 -0.01752069948)
(-2.045614783 -9.732101213 -0.01827099764)
(-2.080809256 -9.823271953 -0.01903788386)
(-2.116353634 -9.914494311 -0.01982154883)
(-2.152248263 -10.00576539 -0.02062209905)
(-2.188493215 -10.09708322 -0.021439707)
(-2.225088532 -10.18844414 -0.02227447258)
(-2.262034083 -10.27984515 -0.02312656108)
(-2.299329987 -10.37128331 -0.02399612657)
(-2.336976191 -10.46275529 -0.02488327808)
(-2.374972641 -10.55425758 -0.02578816124)
(-2.413319125 -10.64578669 -0.0267108655)
(-2.452015317 -10.73733861 -0.02765155824)
(-2.491061022 -10.82890962 -0.02861033962)
(-2.530456098 -10.9204957 -0.02958737277)
(-2.570199972 -11.01209266 -0.03058267881)
(-2.610292176 -11.10369584 -0.03159642295)
(-2.650732361 -11.19530128 -0.03262872036)
(-2.691520068 -11.28690421 -0.03367967586)
(-2.732654482 -11.37849973 -0.03474931875)
(-2.774135003 -11.47008281 -0.03583781164)
(-2.815960927 -11.56164865 -0.03694516913)
(-2.858131258 -11.65319128 -0.0380714725)
(-2.900645448 -11.74470618 -0.03921684437)
(-2.943502061 -11.83618693 -0.0403813162)
(-2.986700432 -11.92762806 -0.04156497941)
(-3.030239298 -12.01902362 -0.04276789437)
(-3.074117121 -12.1103672 -0.04399002517)
(-3.118332863 -12.20165226 -0.04523151566)
(-3.162885159 -12.29287259 -0.04649231251)
(-3.207772477 -12.38402108 -0.0477724938)
(-3.25299286 -12.4750904 -0.04907213379)
(-3.298544959 -12.56607417 -0.050391182)
(-3.344426553 -12.65696392 -0.0517296828)
(-3.390635806 -12.74775213 -0.05308756452)
(-3.437170701 -12.8384309 -0.05446491157)
(-3.484028956 -12.92899213 -0.05586159006)
(-3.531208252 -13.01942747 -0.05727766737)
(-3.578705985 -13.10972709 -0.05871313179)
(-3.626519854 -13.19988321 -0.06016787736)
(-3.674646749 -13.28988617 -0.06164194192)
(-3.723083782 -13.37972599 -0.06313511353)
(-3.771828009 -13.46939296 -0.06464739433)
(-3.820876146 -13.55887689 -0.06617868755)
(-3.870224784 -13.64816734 -0.06772888798)
(-3.919870521 -13.73725348 -0.06929796633)
(-3.969809301 -13.82612393 -0.0708858043)
(-4.020037496 -13.91476791 -0.07249229735)
(-4.070550884 -14.00317305 -0.07411722216)
(-4.121345353 -14.0913274 -0.07576056831)
(-4.172416158 -14.17921836 -0.0774221775)
(-4.223758739 -14.26683364 -0.07910177226)
(-4.275368083 -14.35415977 -0.08079927287)
(-4.32723908 -14.44118301 -0.08251442996)
(-4.379366347 -14.527889 -0.08424708484)
(-4.431744114 -14.61426389 -0.08599710152)
(-4.484366732 -14.70029286 -0.08776421488)
(-4.537227762 -14.7859602 -0.08954814297)
(-4.590321219 -14.87125061 -0.09134867602)
(-4.64364011 -14.95614771 -0.09316558242)
(-4.697177186 -15.04063425 -0.09499869937)
(-4.750925571 -15.12469405 -0.09684767928)
(-4.804877151 -15.2083086 -0.09871222155)
(-4.859023932 -15.29145913 -0.100592002)
(-4.913357024 -15.37412629 -0.1024867099)
(-4.967868072 -15.45629125 -0.1043960963)
(-5.022547327 -15.53793287 -0.1063197368)
(-5.077384551 -15.61902923 -0.1082574412)
(-5.132369779 -15.69955843 -0.1102088075)
(-5.18749134 -15.77949662 -0.1121735035)
(-5.242737442 -15.85881905 -0.1141512186)
(-5.298095299 -15.93750032 -0.1161414504)
(-5.353551515 -16.01551273 -0.1181439084)
(-5.409091168 -16.09282685 -0.1201580404)
(-5.464698304 -16.1694116 -0.1221835938)
(-5.520356304 -16.24523494 -0.124220094)
(-5.576046148 -16.32026055 -0.1262671229)
(-5.631747453 -16.39445012 -0.1283242411)
(-5.687437264 -16.46776138 -0.1303910058)
(-5.743090675 -16.54014889 -0.132467022)
(-5.798679233 -16.61156184 -0.1345516889)
(-5.854170365 -16.68194313 -0.1366446596)
(-5.909527866 -16.75123007 -0.13874564)
(-5.964708567 -16.81934997 -0.1408541257)
(-6.019662121 -16.8862201 -0.1429697476)
(-6.074327935 -16.95174351 -0.1450924696)
(-6.128632308 -17.01580723 -0.1472223563)
(-6.182479308 -17.07827425 -0.1493598451)
(-6.235735529 -17.13898011 -0.1515060641)
)
;
    }
    outlet
    {
        type            calculated;
        value           nonuniform 0();
    }
    front
    {
        type            wedge;
    }
    back
    {
        type            wedge;
    }
    procBoundary1to0
    {
        type            processor;
        value           uniform (0 0 0);
    }
    procBoundary1to2
    {
        type            processor;
        value           uniform (0 0 0);
    }
    procBoundary1to3
    {
        type            processor;
        value           uniform (0 0 0);
    }
}


// ************************************************************************* //
