/*--------------------------------*- C++ -*----------------------------------*\
| =========                 |                                                 |
| \\      /  F ield         | OpenFOAM: The Open Source CFD Toolbox           |
|  \\    /   O peration     | Version:  v1706                                 |
|   \\  /    A nd           | Web:      www.OpenFOAM.com                      |
|    \\/     M anipulation  |                                                 |
\*---------------------------------------------------------------------------*/
FoamFile
{
    version     2.0;
    format      ascii;
    class       volVectorField;
    location    "0.00216";
    object      wallShearStress;
}
// * * * * * * * * * * * * * * * * * * * * * * * * * * * * * * * * * * * * * //

dimensions      [1 -1 -2 0 0 0 0];


internalField   uniform (0 0 0);

boundaryField
{
    inlet
    {
        type            calculated;
        value           nonuniform 0();
    }
    object
    {
        type            calculated;
        value           nonuniform List<vector> 
204
(
(-6.288075549 -17.1985516 -0.1533978033)
(-6.33905739 -17.25456979 -0.155561458)
(-6.38752053 -17.30836481 -0.1577487588)
(-6.430052338 -17.35990219 -0.1599737282)
(-6.467703147 -17.41434507 -0.1623006092)
(-6.504284037 -17.48003511 -0.1646651548)
(-6.538730469 -17.55451511 -0.1670434164)
(-6.572265443 -17.63443544 -0.1694349657)
(-6.605793152 -17.71794595 -0.1718392335)
(-6.639701857 -17.80417069 -0.1742554699)
(-6.674139631 -17.89266843 -0.176682805)
(-6.709157149 -17.98319771 -0.1791202928)
(-6.744768613 -18.07561206 -0.1815671538)
(-6.780976806 -18.16981826 -0.1840225529)
(-6.81778183 -18.26575309 -0.1864855365)
(-6.855184158 -18.36337421 -0.1889553873)
(-6.89318529 -18.4626536 -0.1914310786)
(-6.931788641 -18.56357596 -0.1939117973)
(-6.970998388 -18.66613332 -0.1963965994)
(-7.010819746 -18.77032488 -0.1988848266)
(-7.051260304 -18.87615656 -0.201375528)
(-7.092327654 -18.98363854 -0.2038678643)
(-7.134030684 -19.0927849 -0.2063610298)
(-7.176378951 -19.20361399 -0.208854218)
(-7.219383749 -19.3161481 -0.2113465734)
(-7.263056051 -19.43041126 -0.2138371173)
(-7.307408846 -19.54643171 -0.21632524)
(-7.352454506 -19.66423818 -0.2188102242)
(-7.398207558 -19.78386474 -0.2212911311)
(-7.444682866 -19.90534609 -0.2237672902)
(-7.491895748 -20.02871933 -0.2262378798)
(-7.53986224 -20.15402362 -0.2287021581)
(-7.58859999 -20.28130204 -0.2311594165)
(-7.638126714 -20.41059776 -0.2336089038)
(-7.688460982 -20.54195726 -0.23604989)
(-7.739622702 -20.67542972 -0.2384816015)
(-7.791632104 -20.81106536 -0.2409035996)
(-7.844510611 -20.94891796 -0.2433151212)
(-7.898280095 -21.08904205 -0.2457155054)
(-7.952964093 -21.23149664 -0.2481042646)
(-8.008586659 -21.37634188 -0.2504804719)
(-8.065173041 -21.52364099 -0.2528436273)
(-8.122748841 -21.67345843 -0.2551932262)
(-8.18134192 -21.82586396 -0.2575284985)
(-8.240980995 -21.98092926 -0.2598491128)
(-8.301695042 -22.138727 -0.2621544892)
(-8.363515408 -22.29933564 -0.2644441256)
(-8.426474238 -22.46283584 -0.2667173245)
(-8.490605351 -22.62931182 -0.2689738086)
(-8.555943847 -22.79885072 -0.2712130867)
(-8.622525717 -22.97154321 -0.273434752)
(-8.69039048 -23.14748673 -0.2756382409)
(-8.759577829 -23.32678041 -0.2778230529)
(-8.830129351 -23.50952747 -0.2799888336)
(-8.90208999 -23.69583852 -0.282135383)
(-8.975504838 -23.88582539 -0.2842622022)
(-9.050421988 -24.07960681 -0.2863690612)
(-9.1268923 -24.27730836 -0.2884556537)
(-9.204969701 -24.47906154 -0.2905213925)
(-9.284709421 -24.68500262 -0.2925663067)
(-9.366170781 -24.89527623 -0.2945899395)
(-9.449415323 -25.11003355 -0.2965923062)
(-9.534508553 -25.32943341 -0.298572923)
(-9.621520534 -25.55364514 -0.3005315953)
(-9.710522324 -25.78284198 -0.3024682612)
(-9.801592368 -26.01721366 -0.3043828249)
(-9.894811575 -26.25695446 -0.3062750983)
(-9.990267269 -26.50227415 -0.3081448226)
(-10.08805185 -26.75339431 -0.3099920623)
(-10.18826323 -27.01054884 -0.3118166022)
(-10.2910067 -27.27398722 -0.3136185977)
(-10.3963924 -27.54397145 -0.3153977451)
(-10.5045415 -27.82078666 -0.317154189)
(-10.61558223 -28.10473528 -0.3188877681)
(-10.72965275 -28.39613933 -0.3205987616)
(-10.84690061 -28.69534375 -0.3222870121)
(-10.96748803 -29.00272444 -0.3239527205)
(-11.09158804 -29.31868037 -0.3255960558)
(-11.21939034 -29.6436466 -0.3272169784)
(-11.35110178 -29.97809417 -0.3288156323)
(-11.48694645 -30.32253109 -0.3303921902)
(-11.62717351 -30.67751855 -0.3319466978)
(-11.77205394 -31.04366152 -0.3334796404)
(-11.92189162 -31.42163349 -0.3349911862)
(-12.07702164 -31.81217124 -0.3364815483)
(-12.23782105 -32.21609535 -0.3379510972)
(-12.40471007 -32.63431237 -0.3394000227)
(-12.57816861 -33.06784648 -0.3408287717)
(-12.75874225 -33.51784509 -0.3422376507)
(-12.94705404 -33.98560372 -0.34362711)
(-13.14382936 -34.47260854 -0.34499768)
(-13.34991651 -34.98056901 -0.3463499986)
(-13.56632008 -35.51147094 -0.3476843807)
(-13.79424296 -36.06764239 -0.3490016524)
(-14.03514772 -36.65184396 -0.3503024295)
(-14.29085197 -37.26741165 -0.3515875648)
(-14.56365116 -37.91841727 -0.3528578858)
(-14.85652709 -38.60994208 -0.3541144963)
(-15.17347992 -39.34847571 -0.3553581785)
(-15.5200942 -40.14250843 -0.3565903871)
(-15.90466046 -41.00343561 -0.3578122639)
(-16.34093401 -41.94654785 -0.3590243314)
(-16.85767233 -42.98963479 -0.3602230488)
(-17.54827146 -44.13426571 -0.3613904202)
(-18.45033839 -45.19411471 -0.3610861857)
(-19.23272321 -46.09985991 -0.3603697752)
(-20.01301471 -46.86020746 -0.3596130149)
(-20.81318061 -47.49206845 -0.3588138832)
(-21.62914511 -48.02629979 -0.3579716333)
(-22.45665427 -48.48512579 -0.3570860165)
(-23.29229398 -48.88390365 -0.3561575784)
(-24.1335444 -49.2330417 -0.3551868021)
(-24.97858936 -49.53956514 -0.3541745104)
(-25.8261022 -49.80824637 -0.3531218341)
(-26.67506487 -50.04237097 -0.3520299101)
(-27.52464535 -50.24424694 -0.3509000391)
(-28.37412687 -50.41555039 -0.3497334321)
(-29.22285468 -50.55753349 -0.3485313465)
(-30.07021583 -50.67117801 -0.347295275)
(-30.91561883 -50.75727871 -0.3460265717)
(-31.75848741 -50.81650379 -0.3447265517)
(-32.5982636 -50.84944385 -0.3433968368)
(-33.43439137 -50.85662521 -0.3420387525)
(-34.26633912 -50.83854561 -0.340653884)
(-35.09356964 -50.79566167 -0.3392435332)
(-35.91556779 -50.72842593 -0.3378091322)
(-36.73183577 -50.63727885 -0.336352088)
(-37.54187818 -50.5226511 -0.3348740169)
(-38.3452248 -50.38497721 -0.3333762187)
(-39.14141483 -50.22468883 -0.3318599995)
(-39.93002979 -50.04223456 -0.3303270477)
(-40.71068414 -49.83805 -0.3287785562)
(-41.48324776 -49.61255033 -0.3272158274)
(-42.25124232 -49.35969603 -0.3256404876)
(-43.06319906 -49.11258309 -0.324057547)
(-43.84395868 -48.85515655 -0.3224654087)
(-44.59841618 -48.57226008 -0.3208644478)
(-45.33879967 -48.26664033 -0.3192560166)
(-46.06650041 -47.94018828 -0.3176412603)
(-46.78193426 -47.59352074 -0.3160213151)
(-47.48512558 -47.22723354 -0.3143971839)
(-48.17593782 -46.84194362 -0.3127702043)
(-48.85418417 -46.43827937 -0.3111413623)
(-49.51965493 -46.01685661 -0.3095116224)
(-50.17215453 -45.57828343 -0.3078822235)
(-50.81149694 -45.12315246 -0.306253822)
(-51.43750241 -44.65203559 -0.3046275482)
(-52.05001297 -44.16549407 -0.3030043435)
(-52.64890122 -43.66409185 -0.3013852872)
(-53.23406261 -43.14839344 -0.2997708772)
(-53.80540315 -42.61895155 -0.2981622176)
(-54.36285107 -42.07631714 -0.2965600426)
(-54.90635924 -41.52104597 -0.2949650923)
(-55.43585021 -40.95371184 -0.2933780731)
(-55.95131012 -40.3748404 -0.2917999569)
(-56.45274945 -39.7849616 -0.290231083)
(-56.9401861 -39.18459523 -0.2886724201)
(-57.41364163 -38.57425122 -0.2871247668)
(-57.87315931 -37.9544348 -0.2855884966)
(-58.31878516 -37.32564118 -0.2840641072)
(-58.75058098 -36.68835505 -0.2825524445)
(-59.16861811 -36.04305259 -0.2810539436)
(-59.57297213 -35.3901951 -0.2795690923)
(-59.96373289 -34.7302349 -0.278098357)
(-60.34099673 -34.06361304 -0.2766422356)
(-60.70486408 -33.39075447 -0.2752013877)
(-61.05544661 -32.71207835 -0.2737759368)
(-61.39286054 -32.0279864 -0.2723665049)
(-61.71722453 -31.338869 -0.2709734347)
(-62.02866619 -30.64510626 -0.269597067)
(-62.32731893 -29.94706623 -0.2682377193)
(-62.61331795 -29.24510686 -0.2668960115)
(-62.88680648 -28.53957009 -0.2655719057)
(-63.14792845 -27.83079403 -0.2642659204)
(-63.3968302 -27.1190975 -0.262978037)
(-63.633667 -26.40479487 -0.2617088272)
(-63.85858923 -25.6881878 -0.2604584759)
(-64.07175664 -24.9695665 -0.259227186)
(-64.27332641 -24.24921433 -0.2580154048)
(-64.46346335 -23.52740045 -0.256823008)
(-64.64233214 -22.80439167 -0.255650214)
(-64.81009931 -22.08043949 -0.254497436)
(-64.96692568 -21.35578526 -0.2533647986)
(-65.11298636 -20.63066508 -0.2522521255)
(-65.24844945 -19.90530786 -0.2511598621)
(-65.37348351 -19.17992978 -0.2500881218)
(-65.48826318 -18.45474031 -0.2490370072)
(-65.59295948 -17.72994358 -0.2480066069)
(-65.68774527 -17.00573141 -0.2469972981)
(-65.77279687 -16.28229153 -0.2460088437)
(-65.84828358 -15.55980484 -0.2450413545)
(-65.91437631 -14.83844119 -0.2440951646)
(-65.97125151 -14.11836376 -0.2431700183)
(-66.01908144 -13.39973256 -0.2422663195)
(-66.05803952 -12.68270118 -0.2413840749)
(-66.08829587 -11.96740944 -0.2405233402)
(-66.11002046 -11.2539991 -0.2396838682)
(-66.12338714 -10.54259974 -0.2388660435)
(-66.12856452 -9.833341778 -0.2380698453)
(-66.12572137 -9.126339819 -0.2372953282)
(-66.11502636 -8.42171229 -0.2365425384)
(-66.09664855 -7.719582795 -0.2358115112)
(-66.07142625 -7.02021627 -0.2351025853)
(-66.26729916 -6.394024715 -0.234415479)
)
;
    }
    outlet
    {
        type            calculated;
        value           uniform (0 0 0);
    }
    front
    {
        type            wedge;
    }
    back
    {
        type            wedge;
    }
    procBoundary3to1
    {
        type            processor;
        value           uniform (0 0 0);
    }
    procBoundary3to2
    {
        type            processor;
        value           uniform (0 0 0);
    }
}


// ************************************************************************* //
