/*--------------------------------*- C++ -*----------------------------------*\
| =========                 |                                                 |
| \\      /  F ield         | OpenFOAM: The Open Source CFD Toolbox           |
|  \\    /   O peration     | Version:  v1706                                 |
|   \\  /    A nd           | Web:      www.OpenFOAM.com                      |
|    \\/     M anipulation  |                                                 |
\*---------------------------------------------------------------------------*/
FoamFile
{
    version     2.0;
    format      ascii;
    class       volVectorField;
    location    "0.00218";
    object      wallShearStress;
}
// * * * * * * * * * * * * * * * * * * * * * * * * * * * * * * * * * * * * * //

dimensions      [1 -1 -2 0 0 0 0];


internalField   uniform (0 0 0);

boundaryField
{
    inlet
    {
        type            calculated;
        value           nonuniform 0();
    }
    object
    {
        type            calculated;
        value           nonuniform List<vector> 
196
(
(-0.1930674254 -0.09093997039 0.002073705306)
(-0.1836788678 -0.1490270651 0.002088949684)
(-0.1850329072 -0.2309729504 0.002107142655)
(-0.186171977 -0.31684946 0.002130207913)
(-0.1876037409 -0.4041095223 0.002158247072)
(-0.1893624631 -0.492087424 0.002191034197)
(-0.1914474314 -0.5805362932 0.002228221553)
(-0.1938541268 -0.6693428245 0.002269411762)
(-0.1965781393 -0.7584458159 0.002314185087)
(-0.1996156953 -0.8478069597 0.002362116553)
(-0.2029636857 -0.9373986407 0.002412785425)
(-0.206619608 -1.027198501 0.002465777613)
(-0.2105814282 -1.117186731 0.00252068895)
(-0.2148475599 -1.207344769 0.002577130346)
(-0.2194167449 -1.297654662 0.002634724089)
(-0.2242880363 -1.388098783 0.00269310524)
(-0.2294607192 -1.478659737 0.002751924556)
(-0.2349343044 -1.569320362 0.002810844734)
(-0.2407084663 -1.660063802 0.002869540818)
(-0.2467830555 -1.750873555 0.002927701761)
(-0.2531580348 -1.841733684 0.00298502748)
(-0.2598334449 -1.932628769 0.003041229166)
(-0.2668094028 -2.023544034 0.003096028159)
(-0.2740861257 -2.114465483 0.003149156322)
(-0.2816638718 -2.205379838 0.003200354547)
(-0.2895429577 -2.296274791 0.003249372161)
(-0.2977237245 -2.387138814 0.003295967445)
(-0.3062065505 -2.4779615 0.003339905699)
(-0.3149918172 -2.568733177 0.003380958869)
(-0.3240799057 -2.659445306 0.00341890762)
(-0.3334712471 -2.750090202 0.003453537159)
(-0.3431662517 -2.840661164 0.003484638348)
(-0.3531653557 -2.931152489 0.003512007694)
(-0.363468985 -3.0215593 0.003535446436)
(-0.3740776025 -3.11187771 0.003554760144)
(-0.3849916203 -3.202104642 0.003569762676)
(-0.3962114501 -3.29223776 0.0035802675)
(-0.4077375577 -3.38227563 0.003586088508)
(-0.4195703376 -3.472217446 0.003587047511)
(-0.4317102775 -3.562063163 0.003582968044)
(-0.4441578368 -3.651813401 0.003573677842)
(-0.4569134256 -3.741469339 0.003559006302)
(-0.4699774821 -3.831032707 0.003538778196)
(-0.483350449 -3.920505624 0.003512829371)
(-0.4970328876 -4.009890934 0.00348099735)
(-0.5110251826 -4.099191674 0.003443111999)
(-0.5253278524 -4.188411275 0.003399015287)
(-0.5399414097 -4.277553639 0.003348541743)
(-0.5548663589 -4.366622851 0.003291527085)
(-0.57010318 -4.455623255 0.003227807641)
(-0.5856524285 -4.544559299 0.003157232849)
(-0.6015146392 -4.633435846 0.003079641211)
(-0.6176904005 -4.722257665 0.002994871053)
(-0.634180282 -4.811029757 0.002902768151)
(-0.6509848277 -4.899757389 0.002803165277)
(-0.668104659 -4.988445342 0.002695905994)
(-0.6855403839 -5.077098923 0.002580834622)
(-0.7032927035 -5.165723304 0.00245778195)
(-0.7213623055 -5.254323821 0.002326601674)
(-0.7397497579 -5.342905371 0.002187129582)
(-0.7584557742 -5.431473345 0.002039198908)
(-0.7774810557 -5.520032499 0.001882647729)
(-0.7968263578 -5.608587806 0.001717317276)
(-0.8164923603 -5.697144301 0.00154304795)
(-0.83647974 -5.785706631 0.001359676422)
(-0.8567893809 -5.874279504 0.001167044782)
(-0.8774220216 -5.962867442 0.0009649815836)
(-0.8983784269 -6.051475089 0.0007533370643)
(-0.9196593618 -6.140106408 0.000531940562)
(-0.94126562 -6.228765677 0.0003006192638)
(-0.9631980272 -6.317457115 5.920920046e-05)
(-0.9854573579 -6.406184254 -0.0001924507949)
(-1.008044526 -6.49495101 -0.0004545223649)
(-1.030960324 -6.583761064 -0.0007271924552)
(-1.054205484 -6.672617607 -0.001010612941)
(-1.077781013 -6.761523951 -0.001304956916)
(-1.10168771 -6.850483339 -0.001610396744)
(-1.125926396 -6.939498491 -0.001927100919)
(-1.150497829 -7.028572472 -0.002255243572)
(-1.175402984 -7.117707773 -0.002594973962)
(-1.200642573 -7.206906727 -0.002946475744)
(-1.226217487 -7.296171813 -0.003309927892)
(-1.252128502 -7.385504857 -0.003685475556)
(-1.278376636 -7.47490815 -0.004073321614)
(-1.304962473 -7.56438323 -0.004473634399)
(-1.331886941 -7.653931785 -0.004886569167)
(-1.35915079 -7.743555218 -0.005312307328)
(-1.386754917 -7.833254895 -0.005751020741)
(-1.414699959 -7.923031983 -0.006202874074)
(-1.442986655 -8.012887073 -0.006668026318)
(-1.471615897 -8.102821385 -0.007146666405)
(-1.500588271 -8.192834983 -0.007638973531)
(-1.529904647 -8.282928889 -0.008145133387)
(-1.559565557 -8.373102908 -0.008665303464)
(-1.589571721 -8.463357245 -0.009199631226)
(-1.619923898 -8.553691902 -0.009748293717)
(-1.650622638 -8.644106804 -0.0103114641)
(-1.681668394 -8.734601002 -0.01088933749)
(-1.71306196 -8.825174395 -0.0114820489)
(-1.744803744 -8.915825775 -0.01208977554)
(-1.776894304 -9.006554492 -0.01271269138)
(-1.809334118 -9.097359392 -0.01335094372)
(-1.842123736 -9.18823912 -0.01400471039)
(-1.875263438 -9.279192144 -0.01467415117)
(-1.908753675 -9.370217004 -0.0153594153)
(-1.942594957 -9.461312056 -0.0160606943)
(-1.976787249 -9.552474922 -0.01677814951)
(-2.011331093 -9.643703783 -0.01751193702)
(-2.046226643 -9.734996105 -0.0182621642)
(-2.081474192 -9.826349778 -0.01902899535)
(-2.117073689 -9.917761913 -0.01981262208)
(-2.153025454 -10.00922947 -0.02061315181)
(-2.189329521 -10.1007503 -0.02143075791)
(-2.225985892 -10.19232056 -0.02226554111)
(-2.262994382 -10.28393699 -0.02311766747)
(-2.300355052 -10.37559642 -0.02398729177)
(-2.338067782 -10.4672952 -0.02487452367)
(-2.376132439 -10.55902952 -0.02577950936)
(-2.414548729 -10.65079552 -0.02670233877)
(-2.453316232 -10.74258883 -0.02764317958)
(-2.492434653 -10.83440531 -0.02860213221)
(-2.531903738 -10.92624052 -0.02957935988)
(-2.571722798 -11.0180898 -0.0305748837)
(-2.611891237 -11.10994803 -0.03158886866)
(-2.652408574 -11.20181073 -0.03262142959)
(-2.693274208 -11.29367261 -0.0336726708)
(-2.734487174 -11.38552823 -0.03474262088)
(-2.776046715 -11.477372 -0.03583144155)
(-2.817951964 -11.56919851 -0.03693914631)
(-2.860201755 -11.66100123 -0.03806581514)
(-2.902795363 -11.752775 -0.03921156913)
(-2.945731172 -11.84451278 -0.04037643798)
(-2.989008325 -11.93620848 -0.04156051114)
(-3.03262537 -12.02785548 -0.04276384676)
(-3.07658057 -12.11944674 -0.0439864065)
(-3.120872685 -12.21097503 -0.04522833149)
(-3.165500146 -12.30243352 -0.04648956549)
(-3.210461213 -12.39381438 -0.04777018337)
(-3.255753718 -12.48510965 -0.049070256)
(-3.301376103 -12.57631227 -0.05038972924)
(-3.347325931 -12.66741311 -0.05172864361)
(-3.393601154 -12.75840398 -0.05308692336)
(-3.440199544 -12.84927635 -0.05446464858)
(-3.487118607 -12.94002147 -0.05586168089)
(-3.534355814 -13.03063036 -0.05727808299)
(-3.581908356 -13.12109258 -0.05871383831)
(-3.629773729 -13.21139974 -0.06016883593)
(-3.677948626 -13.30154161 -0.06164310857)
(-3.726429966 -13.39150766 -0.06313643907)
(-3.775214617 -13.48128763 -0.06464882422)
(-3.824299118 -13.57087083 -0.06618016191)
(-3.87367989 -13.66024634 -0.06773034149)
(-3.923353366 -13.74940288 -0.06929932823)
(-3.97331534 -13.83832865 -0.07088699845)
(-4.023562043 -13.92701251 -0.07249324225)
(-4.074089122 -14.01544173 -0.07411783107)
(-4.124892348 -14.10360407 -0.07576074928)
(-4.175966873 -14.19148667 -0.07742183361)
(-4.227308046 -14.27907703 -0.07910080174)
(-4.278910779 -14.36636153 -0.08079756928)
(-4.3307699 -14.4533263 -0.08251188249)
(-4.382879984 -14.53995692 -0.08424357848)
(-4.435235232 -14.62623952 -0.08599251738)
(-4.487829983 -14.71215934 -0.08775843057)
(-4.540657806 -14.79770076 -0.08954103287)
(-4.593712739 -14.88284865 -0.09134011165)
(-4.646987831 -14.96758681 -0.0931554328)
(-4.700475893 -15.05189827 -0.09498683148)
(-4.754170128 -15.13576717 -0.09683395847)
(-4.808062517 -15.2191754 -0.09869651197)
(-4.862145182 -15.3021046 -0.1005741671)
(-4.916409363 -15.38453592 -0.1024666127)
(-4.970846856 -15.46645105 -0.1043736)
(-5.025448079 -15.54782947 -0.1062947054)
(-5.080202979 -15.62864991 -0.1082297395)
(-5.13510179 -15.70889111 -0.110178302)
(-5.190133057 -15.78853001 -0.1121400625)
(-5.245285217 -15.8675426 -0.1141147131)
(-5.300545729 -15.9459043 -0.1161017542)
(-5.355901456 -16.02358827 -0.1181008986)
(-5.411337742 -16.10056595 -0.1201115979)
(-5.466838916 -16.17680717 -0.1221336034)
(-5.522388648 -16.25228082 -0.1241664453)
(-5.577968215 -16.32695153 -0.1262097101)
(-5.633557541 -16.40078196 -0.1282629636)
(-5.689133982 -16.47373081 -0.1303257685)
(-5.744672947 -16.54575362 -0.1323977356)
(-5.800146301 -16.61680057 -0.1344782698)
(-5.855521792 -16.68681554 -0.1365670305)
(-5.910763531 -16.7557368 -0.1386637298)
(-5.965828666 -16.82349261 -0.1407678694)
(-6.020667163 -16.8900012 -0.1428790867)
(-6.075218734 -16.95516653 -0.1449973515)
(-6.129409976 -17.01887651 -0.1471227337)
(-6.183145245 -17.08099498 -0.1492556758)
(-6.236291421 -17.1413583 -0.1513973093)
)
;
    }
    outlet
    {
        type            calculated;
        value           nonuniform 0();
    }
    front
    {
        type            wedge;
    }
    back
    {
        type            wedge;
    }
    procBoundary1to0
    {
        type            processor;
        value           uniform (0 0 0);
    }
    procBoundary1to2
    {
        type            processor;
        value           uniform (0 0 0);
    }
    procBoundary1to3
    {
        type            processor;
        value           uniform (0 0 0);
    }
}


// ************************************************************************* //
