/*--------------------------------*- C++ -*----------------------------------*\
| =========                 |                                                 |
| \\      /  F ield         | OpenFOAM: The Open Source CFD Toolbox           |
|  \\    /   O peration     | Version:  v1706                                 |
|   \\  /    A nd           | Web:      www.OpenFOAM.com                      |
|    \\/     M anipulation  |                                                 |
\*---------------------------------------------------------------------------*/
FoamFile
{
    version     2.0;
    format      ascii;
    class       volScalarField;
    location    "0.00136";
    object      wallHeatFlux;
}
// * * * * * * * * * * * * * * * * * * * * * * * * * * * * * * * * * * * * * //

dimensions      [1 0 -3 0 0 0 0];


internalField   uniform 0;

boundaryField
{
    inlet
    {
        type            calculated;
        value           uniform 0;
    }
    object
    {
        type            calculated;
        value           nonuniform List<scalar> 
300
(
635108.777
636376.0666
636840.4222
637090.4784
637229.1692
637294.833
637306.8064
637276.684
637212.2117
637118.929
637000.9643
636861.4604
636702.8382
636526.9652
636335.2815
636128.8871
635908.6138
635675.082
635428.7526
635169.9517
634898.9093
634615.78
634320.6582
634013.5927
633694.6021
633363.6775
633020.7853
632665.8833
632298.9083
631919.7836
631528.4212
631124.7209
630708.5608
630279.8037
629838.2895
629383.8397
628916.2486
628435.2953
627940.7266
627432.2835
626909.7002
626372.7202
625821.1197
625254.7276
624673.4406
624077.2509
623466.2554
622840.6531
622200.7512
621546.9475
620879.7193
620199.5946
619507.1406
618802.9451
618087.5736
617361.5712
616625.4321
615879.5789
615124.3481
614359.9859
613586.6209
612804.2667
612012.8117
611212.0128
610401.5113
609580.8544
608749.5139
607906.9404
607052.6216
606186.1479
605307.2817
604415.9602
603512.3249
602596.7101
601669.5885
600731.5325
599783.1633
598825.1087
597857.9346
596882.1198
595898.0147
594905.7914
593905.4118
592896.6145
591878.8899
590851.4918
589813.5013
588763.9377
587701.9248
586626.8299
585538.3752
584436.6896
583322.2989
582196.0797
581059.1506
579912.7366
578758.0102
577595.9251
576427.1642
575252.0882
574070.7837
572883.1517
571689.1009
570488.4247
569280.9108
568066.4822
566845.0174
565616.5467
564381.1058
563138.7035
561889.1621
560632.0247
559366.2943
558090.7665
556804.1922
555505.8863
554195.3972
552873.8512
551540.737
550199.3531
548851.2132
547496.0365
546131.8797
544742.9131
543338.5744
541993.7432
540655.5604
539314.3441
537965.4234
536606.5353
535237.0795
533857.4174
532468.5651
531071.9288
529668.8078
528260.3931
526847.3753
525430.2214
524008.9315
522583.2428
521152.8338
519717.4752
518276.9596
516831.2503
515380.3932
513924.6651
512464.2597
510999.3742
509530.2392
508056.9835
506579.8062
505098.6268
503613.5749
502124.7444
500632.1332
499135.8327
497635.9364
496132.5452
494625.665
493115.4578
491601.9348
490085.1981
488565.3335
487042.3341
485516.2892
483987.2904
482455.3529
480920.5771
479383.0302
477842.7124
476299.7841
474754.318
473206.3188
471655.9243
470103.1191
468548.082
466990.8628
465431.4675
463870.0125
462306.6132
460741.2838
459174.0781
457605.1308
456034.4908
454462.1853
452888.3384
451312.9626
449736.078
448157.8417
446578.2966
444997.4531
443415.3988
441832.1874
440247.9061
438662.5864
437076.2577
435489.0016
433900.8906
432311.9744
430723.963
429297.285
428812.8393
428258.4252
427530.751
426705.0376
425838.2983
424957.9198
424075.1759
423194.8527
422319.9482
421453.4209
420599.1755
419762.1855
418948.2552
418163.6125
417413.9672
416703.8326
416035.9439
415410.9065
414827.2679
414281.7064
413769.5851
413285.6915
412824.6188
412381.4222
411951.8701
411532.6122
411121.3686
410716.675
410317.8329
409924.7638
409537.8131
409157.6632
408785.0928
408420.9384
408066.0263
407721.0644
407386.6334
407063.0128
406750.1814
406447.9367
406155.7352
405872.8375
405598.4121
405331.6012
405071.6653
404817.9259
404569.8501
404327.0498
404089.2031
403856.0466
403627.1903
403402.098
403180.1778
402960.5698
402742.3306
402524.3897
402305.5961
402084.925
401861.3476
401633.9486
401401.9527
401164.6757
400921.5399
400671.8998
400415.0418
400150.1494
399876.249
399592.2785
399297.021
398989.2221
398667.8134
398331.829
397980.5711
397613.6795
397231.1115
396833.1644
396420.2869
395993.039
395551.9972
395097.6247
394630.259
394149.9664
393656.5906
393149.9252
392629.5893
392095.2773
391546.7565
390983.9211
390406.9662
389816.2066
389212.1216
388595.3064
387966.3611
387325.8637
386674.1866
386011.4838
385337.7942
384652.8617
383956.3923
)
;
    }
    outlet
    {
        type            calculated;
        value           uniform 0;
    }
    front
    {
        type            wedge;
    }
    back
    {
        type            wedge;
    }
}


// ************************************************************************* //
