/*--------------------------------*- C++ -*----------------------------------*\
| =========                 |                                                 |
| \\      /  F ield         | OpenFOAM: The Open Source CFD Toolbox           |
|  \\    /   O peration     | Version:  v1706                                 |
|   \\  /    A nd           | Web:      www.OpenFOAM.com                      |
|    \\/     M anipulation  |                                                 |
\*---------------------------------------------------------------------------*/
FoamFile
{
    version     2.0;
    format      ascii;
    class       volVectorField;
    location    "0.00136";
    object      wallShearStress;
}
// * * * * * * * * * * * * * * * * * * * * * * * * * * * * * * * * * * * * * //

dimensions      [1 -1 -2 0 0 0 0];


internalField   uniform (0 0 0);

boundaryField
{
    inlet
    {
        type            calculated;
        value           uniform (0 0 0);
    }
    object
    {
        type            calculated;
        value           nonuniform List<vector> 
300
(
(-2.657016612 -0.8510318156 2.589761546e-14)
(-2.510762399 -1.386494878 4.725892944e-14)
(-2.522803608 -2.138891659 5.010325252e-14)
(-2.531076845 -2.919373722 1.450993534e-14)
(-2.543722769 -3.702354671 2.75992472e-14)
(-2.561844202 -4.480087764 2.569703565e-14)
(-2.586057563 -5.249213457 5.140577616e-14)
(-2.616889258 -6.008070899 6.445729899e-14)
(-2.654800007 -6.75589348 6.973443921e-14)
(-2.700170776 -7.49247517 7.858231686e-14)
(-2.753293399 -8.21798778 6.006194501e-14)
(-2.814370659 -8.932859142 5.147004136e-14)
(-2.883523868 -9.637683357 3.994725178e-14)
(-2.960804818 -10.33315224 3.449322239e-14)
(-3.046209561 -11.02000335 2.73164875e-14)
(-3.139692063 -11.69898129 1.719478088e-14)
(-3.241176652 -12.37081026 2.877886728e-17)
(-3.350568628 -13.03617556 -2.025226308e-15)
(-3.46776292 -13.69571236 -4.695066605e-15)
(-3.59265072 -14.34999957 -4.113503386e-15)
(-3.725124524 -14.99955825 -4.651255911e-15)
(-3.865081726 -15.64485258 -8.615498219e-15)
(-4.012427039 -16.28629296 -9.755958433e-15)
(-4.167074125 -16.92424036 -4.815531218e-15)
(-4.328946639 -17.55901168 -6.890833456e-16)
(-4.497978768 -18.19088525 3.727978155e-16)
(-4.674115536 -18.82010648 1.07988194e-15)
(-4.857313033 -19.44689404 2.420829804e-15)
(-5.047538344 -20.07144507 6.356656098e-15)
(-5.244769603 -20.69394077 9.624837529e-15)
(-5.448995825 -21.31455163 7.703906988e-15)
(-5.660216718 -21.93344215 6.920704698e-15)
(-5.878442011 -22.55077478 5.987929206e-15)
(-6.10369067 -23.16671367 5.102789268e-15)
(-6.335989282 -23.781427 4.19377453e-15)
(-6.575369821 -24.3950883 3.598589036e-15)
(-6.821866109 -25.00787555 1.757632974e-15)
(-7.075509439 -25.61996848 -2.605638991e-15)
(-7.33632235 -26.23154184 -1.167195031e-15)
(-7.604312117 -26.84275655 5.283810637e-16)
(-7.87946335 -27.45374653 4.13213963e-15)
(-8.161731573 -28.06460272 5.383113102e-15)
(-8.45103903 -28.67535596 4.682523125e-15)
(-8.747273961 -29.28596076 4.107912271e-15)
(-9.050293801 -29.89628317 1.58377238e-15)
(-9.359932275 -30.50609615 1.458729192e-15)
(-9.676007899 -31.11508302 2.140594175e-15)
(-9.998332836 -31.7228475 2.442441397e-15)
(-10.32672121 -32.3289302 3.655238968e-15)
(-10.66099587 -32.93282773 8.679611231e-15)
(-11.00099412 -33.53401392 7.635273235e-15)
(-11.34657161 -34.13196025 9.732958993e-15)
(-11.69760562 -34.72615599 7.888460949e-15)
(-12.0539972 -35.3161261 6.25254173e-15)
(-12.41567187 -35.90144512 9.532126315e-15)
(-12.78258104 -36.48175017 7.60842704e-15)
(-13.1547024 -37.05675016 6.221213162e-15)
(-13.53203996 -37.62623263 4.656963967e-15)
(-13.91462456 -38.19006806 3.972747862e-15)
(-14.30251397 -38.74821377 2.311684797e-15)
(-14.6957919 -39.300714 2.988372194e-15)
(-15.09456646 -39.8476996 3.064324097e-15)
(-15.49896661 -40.38938428 1.979649046e-15)
(-15.90913489 -40.92605795 -1.334638179e-16)
(-16.32521778 -41.45807358 -2.943557431e-16)
(-16.74735083 -41.98582984 -1.140726796e-15)
(-17.17564042 -42.50974079 -1.261217402e-15)
(-17.61014497 -43.0301999 -1.205887269e-15)
(-18.05085957 -43.54753657 -2.026698161e-15)
(-18.49770874 -44.06197479 -3.343457705e-15)
(-18.95055151 -44.57360169 -3.246145758e-15)
(-19.40919438 -45.0823542 -2.888200454e-16)
(-19.87341125 -45.58802695 -3.049915104e-16)
(-20.34296323 -46.09029813 -2.107619833e-15)
(-20.81761519 -46.58876177 -1.553113814e-15)
(-21.29715028 -47.08296605 -1.727697325e-15)
(-21.781381 -47.57245104 -3.254921882e-15)
(-22.27015848 -48.05678361 -5.699388411e-15)
(-22.76337759 -48.53558838 -7.123901634e-15)
(-23.26098291 -49.00856977 -5.451287541e-15)
(-23.76297369 -49.4755346 -4.011226882e-15)
(-24.2694071 -49.93640582 -1.81729802e-15)
(-24.7804011 -50.39123431 -4.951011952e-16)
(-25.29613373 -50.84020911 -5.787691961e-16)
(-25.81683287 -51.28365748 5.433774352e-16)
(-26.34275219 -51.7220322 6.01343062e-16)
(-26.8741322 -52.15587053 2.117527646e-16)
(-27.41115311 -52.58572747 -2.193842459e-16)
(-27.95389546 -53.0120857 4.862648772e-16)
(-28.50232097 -53.43527307 1.425430681e-15)
(-29.05627398 -53.8554099 9.736786166e-16)
(-29.61549701 -54.2723897 1.349866821e-15)
(-30.17965593 -54.6858878 3.474344236e-15)
(-30.74837551 -55.09539611 2.853430923e-15)
(-31.32128206 -55.50028658 3.609236417e-15)
(-31.89804543 -55.89989204 2.525828451e-15)
(-32.47841264 -56.29359082 8.571226328e-16)
(-33.06222361 -56.6808806 -2.403211929e-17)
(-33.64941017 -57.06142617 -2.489063056e-16)
(-34.23997091 -57.43507221 -4.526503821e-16)
(-34.83393628 -57.80179534 -1.731011674e-15)
(-35.43134706 -58.16167206 -1.254773364e-15)
(-36.03223928 -58.51482452 -2.593683687e-15)
(-36.63663415 -58.86138963 -8.378868964e-16)
(-37.24452966 -59.20148787 -5.570355521e-16)
(-37.85591357 -59.53521465 -4.027355569e-16)
(-38.47075196 -59.86265318 -6.5706169e-16)
(-39.08898877 -60.18381356 -1.064617777e-15)
(-39.71058384 -60.49872203 -1.533833991e-15)
(-40.33550814 -60.80735392 2.254125294e-16)
(-40.963831 -61.1097848 -1.722593092e-15)
(-41.59571822 -61.40619762 -2.416971562e-15)
(-42.23144553 -61.69699179 -1.39196765e-15)
(-42.87129291 -61.98267404 -1.277730136e-15)
(-43.51546245 -62.26374387 -7.436383656e-16)
(-44.16402475 -62.54051099 -6.379778948e-16)
(-44.81687712 -62.81316623 -2.021217518e-15)
(-45.47373707 -63.08122906 -9.380461002e-16)
(-46.13448058 -63.34491086 -2.191221388e-16)
(-46.79817664 -63.60294098 9.807607125e-17)
(-47.46467582 -63.85458144 1.681812503e-15)
(-48.13424918 -64.09978704 2.411444339e-15)
(-48.80830919 -64.33855524 6.727539769e-16)
(-49.49135859 -64.57657645 1.00915874e-15)
(-50.18063865 -64.81430601 2.346639687e-15)
(-50.8538585 -65.02523316 3.140060408e-15)
(-51.52831545 -65.22325514 1.648800702e-15)
(-52.20441865 -65.41383579 5.782911567e-16)
(-52.88312985 -65.59892968 2.175797006e-16)
(-53.56491376 -65.77934014 -1.36938175e-15)
(-54.24988389 -65.95522892 -1.218180141e-15)
(-54.93793353 -66.12640199 -1.864007382e-15)
(-55.62879791 -66.29242779 -5.252338655e-16)
(-56.32214595 -66.45276293 -8.961910732e-16)
(-57.01766486 -66.60689735 -1.044950564e-15)
(-57.71508556 -66.75439198 -1.314296465e-15)
(-58.41423592 -66.89498368 -1.839417444e-15)
(-59.11501534 -67.02854228 -1.712337813e-15)
(-59.81741152 -67.15510755 -1.486701935e-15)
(-60.52143531 -67.2747851 -7.999483793e-16)
(-61.2271144 -67.38772452 -8.922362032e-16)
(-61.93446196 -67.49405658 -1.163181444e-15)
(-62.64346604 -67.59387146 -8.857472589e-16)
(-63.35408689 -67.68720149 -5.74513179e-16)
(-64.06625194 -67.77402059 -2.677636763e-16)
(-64.77987296 -67.85426035 -3.876697008e-16)
(-65.49486592 -67.92786093 -1.478838779e-16)
(-66.21114013 -67.99475145 1.729952397e-16)
(-66.92861618 -68.05487914 -3.726614392e-19)
(-67.64722986 -68.1082272 3.402514008e-16)
(-68.36692251 -68.15478216 4.49304988e-16)
(-69.08763043 -68.19454624 -2.218384122e-16)
(-69.80929887 -68.22752051 3.88886757e-16)
(-70.53187348 -68.25371072 2.630373297e-16)
(-71.25529701 -68.27312332 -1.668234279e-16)
(-71.97950843 -68.28574841 -2.192156603e-16)
(-72.70445204 -68.29158635 -3.498974316e-16)
(-73.43007216 -68.2906345 -9.119747392e-16)
(-74.1563018 -68.28288234 -9.93899705e-16)
(-74.88308868 -68.2683276 -5.018891392e-16)
(-75.61038012 -68.24698283 -1.450673236e-16)
(-76.33811406 -68.2188344 9.859192559e-16)
(-77.06624316 -68.18389823 2.831255497e-16)
(-77.79470643 -68.1421733 8.810119212e-18)
(-78.52344778 -68.09365816 -4.410886686e-17)
(-79.25241923 -68.03836551 1.197068473e-16)
(-79.98155873 -67.97629295 2.965398902e-16)
(-80.71081436 -67.90744504 -9.537257493e-17)
(-81.44013395 -67.83182923 -2.834087599e-16)
(-82.16945254 -67.74944126 -1.057042489e-15)
(-82.89871815 -67.66028063 -1.006836284e-15)
(-83.62788118 -67.56436345 -1.22480798e-15)
(-84.35687795 -67.46168523 -1.062325906e-15)
(-85.08565209 -67.35224181 -2.805082602e-16)
(-85.81414289 -67.23604913 -7.266126647e-17)
(-86.54230067 -67.11310681 3.878267464e-16)
(-87.2700678 -66.98342634 3.620321322e-16)
(-87.99737564 -66.84700153 1.501943268e-16)
(-88.72417447 -66.70384345 3.344819381e-16)
(-89.45040904 -66.55395582 3.340197234e-16)
(-90.17601619 -66.39734595 2.337030317e-16)
(-90.90094078 -66.23402309 2.329282117e-16)
(-91.6251312 -66.06399263 3.870532898e-17)
(-92.34853108 -65.88726941 -1.03042048e-16)
(-93.07108179 -65.70386223 -1.653868732e-16)
(-93.79273469 -65.51378091 -7.94546203e-16)
(-94.51343118 -65.31703976 -1.192345377e-15)
(-95.23310978 -65.11364394 -1.159655052e-15)
(-95.95172421 -64.90360398 -1.48622638e-15)
(-96.66922726 -64.68694916 -1.468434015e-15)
(-97.38555527 -64.46368029 -1.504650807e-15)
(-98.10065367 -64.23380601 -2.484855521e-15)
(-98.81447526 -63.99735904 -2.009339606e-15)
(-99.52695153 -63.75435678 -1.861771644e-15)
(-100.2380315 -63.50481387 -1.727862869e-15)
(-100.947663 -63.24874159 -2.341826423e-15)
(-101.6558007 -62.98615482 -1.973547717e-15)
(-102.3623922 -62.71706843 -1.829203105e-15)
(-103.0673887 -62.44159263 -1.609282534e-15)
(-103.7760155 -62.18978185 -1.355535419e-15)
(-105.5186994 -61.21679825 3.968519756e-16)
(-106.3435949 -60.93067826 -1.204300836e-16)
(-106.8057867 -60.98287848 -1.738402925e-15)
(-107.1531001 -61.15473477 -1.429612922e-15)
(-107.4600615 -61.3481696 -1.609632289e-15)
(-107.749915 -61.53588593 -1.499896055e-15)
(-108.0296694 -61.7138991 -9.424020091e-16)
(-108.3016555 -61.88368939 -1.39786456e-15)
(-108.566869 -62.04705487 -9.259243959e-16)
(-108.8258292 -62.20512781 -2.080415937e-15)
(-109.0786519 -62.35834362 -2.388683225e-15)
(-109.3250543 -62.50660711 -3.138989013e-15)
(-109.5643736 -62.6494404 -4.493003478e-15)
(-109.7956097 -62.78612244 -3.837042322e-15)
(-110.0176224 -62.91589409 -4.766727493e-15)
(-110.2292716 -63.03810016 -5.380584318e-15)
(-110.4296045 -63.15233796 -4.930248875e-15)
(-110.618051 -63.25856343 -3.544005258e-15)
(-110.7944845 -63.35709429 -3.482243799e-15)
(-110.9592784 -63.44858755 -3.729824958e-15)
(-111.1132334 -63.53392982 -3.824080641e-15)
(-111.2574627 -63.61412218 -3.693191002e-15)
(-111.3933099 -63.69019579 -4.210108608e-15)
(-111.5221609 -63.76308281 -2.98230238e-15)
(-111.6453402 -63.83356897 -3.620660174e-15)
(-111.7640275 -63.90226112 -2.926331844e-15)
(-111.8791668 -63.96956629 -3.677178858e-15)
(-111.9915009 -64.03574221 -5.1728075e-15)
(-112.1015319 -64.10089577 -5.118066273e-15)
(-112.2095434 -64.16502225 -5.351107292e-15)
(-112.315674 -64.22805579 -6.214664383e-15)
(-112.4199188 -64.28987889 -5.339005575e-15)
(-112.5222008 -64.35036491 -5.21084426e-15)
(-112.6223787 -64.40937476 -4.064604036e-15)
(-112.7202673 -64.46677124 -3.960605047e-15)
(-112.8156988 -64.52244682 -3.440473863e-15)
(-112.9085061 -64.57631421 -3.44068857e-15)
(-112.9985751 -64.62833599 -3.018292525e-15)
(-113.0858354 -64.67851183 -3.746035906e-15)
(-113.170259 -64.72688038 -3.556623215e-15)
(-113.2519172 -64.77354661 -3.989152759e-15)
(-113.3309313 -64.81864082 -2.942323909e-15)
(-113.4074584 -64.86230873 -2.958657386e-15)
(-113.4817096 -64.90471129 -4.003838683e-15)
(-113.5538921 -64.94598864 -3.686507376e-15)
(-113.6242215 -64.98626828 -2.86677576e-15)
(-113.6928822 -65.02563945 -3.740464293e-15)
(-113.7600113 -65.06415689 -3.050666573e-15)
(-113.8257378 -65.10186691 -3.098903014e-15)
(-113.890153 -65.13880069 -2.744852307e-15)
(-113.953359 -65.17500889 -3.001183627e-15)
(-114.015458 -65.21055374 -3.086227679e-15)
(-114.0765559 -65.24551597 -3.275303182e-15)
(-114.1368244 -65.28002774 -3.460596093e-15)
(-114.1964537 -65.31423466 -2.948896572e-15)
(-114.2556702 -65.34830582 -2.456658262e-15)
(-114.3147354 -65.38242328 -3.386015081e-15)
(-114.3739 -65.41675278 -2.609036678e-15)
(-114.4334467 -65.45146727 -2.352591423e-15)
(-114.4936316 -65.48670739 -2.816204489e-15)
(-114.5546721 -65.52258322 -2.126209089e-15)
(-114.6167796 -65.55919417 -1.794942545e-15)
(-114.6801252 -65.59661676 -1.764850375e-15)
(-114.7448805 -65.63493628 -1.675416523e-15)
(-114.8112054 -65.67423886 -1.402252565e-15)
(-114.8792543 -65.71462434 -1.418591969e-15)
(-114.9492259 -65.75623073 -1.758524632e-15)
(-115.0213336 -65.79921526 -1.09001919e-15)
(-115.0958391 -65.84376883 -6.268963123e-16)
(-115.1730185 -65.89008293 -1.20855441e-15)
(-115.2531353 -65.93833105 -1.034631847e-15)
(-115.3364723 -65.98868063 -1.324083818e-15)
(-115.4232628 -66.04124434 -1.498388012e-15)
(-115.5136681 -66.09607353 -1.090185145e-15)
(-115.6078009 -66.15317228 -1.128006806e-15)
(-115.7056826 -66.21248261 -8.186754384e-16)
(-115.8072819 -66.2739182 -4.262104893e-16)
(-115.9125034 -66.33736245 -3.430149026e-16)
(-116.0212021 -66.40269107 -5.583989571e-17)
(-116.1332446 -66.46980951 -1.218732306e-16)
(-116.2484961 -66.5386478 2.363961328e-16)
(-116.366872 -66.60918907 3.227760548e-16)
(-116.4883226 -66.68144827 3.652334722e-16)
(-116.6128231 -66.75546243 -9.439842324e-17)
(-116.7404194 -66.83130745 6.970809307e-18)
(-116.8711604 -66.9090452 1.504717066e-16)
(-117.0051013 -66.98872472 -1.266169892e-16)
(-117.1422904 -67.07036931 -4.243530397e-16)
(-117.2827205 -67.15395077 -4.431950089e-16)
(-117.4263768 -67.2394239 -3.298934398e-16)
(-117.5731871 -67.32669988 -5.251671554e-16)
(-117.7230253 -67.41566266 -3.406827373e-16)
(-117.8757604 -67.50620252 -2.771891299e-16)
(-118.0312362 -67.59821198 -2.845948394e-16)
(-118.1893232 -67.69162158 -2.675148369e-16)
(-118.3499093 -67.78638922 -2.987988285e-16)
(-118.5129015 -67.88250298 -3.88618035e-16)
(-118.6782856 -67.9800108 -9.119274507e-16)
(-118.8460666 -68.07897872 -7.374605139e-16)
(-119.0127151 -68.18520674 -7.442645345e-16)
)
;
    }
    outlet
    {
        type            calculated;
        value           uniform (0 0 0);
    }
    front
    {
        type            wedge;
    }
    back
    {
        type            wedge;
    }
}


// ************************************************************************* //
