/*--------------------------------*- C++ -*----------------------------------*\
| =========                 |                                                 |
| \\      /  F ield         | OpenFOAM: The Open Source CFD Toolbox           |
|  \\    /   O peration     | Version:  v1706                                 |
|   \\  /    A nd           | Web:      www.OpenFOAM.com                      |
|    \\/     M anipulation  |                                                 |
\*---------------------------------------------------------------------------*/
FoamFile
{
    version     2.0;
    format      ascii;
    class       volVectorField;
    location    "0.00217";
    object      wallShearStress;
}
// * * * * * * * * * * * * * * * * * * * * * * * * * * * * * * * * * * * * * //

dimensions      [1 -1 -2 0 0 0 0];


internalField   uniform (0 0 0);

boundaryField
{
    inlet
    {
        type            calculated;
        value           nonuniform 0();
    }
    object
    {
        type            calculated;
        value           nonuniform List<vector> 
204
(
(-6.288467375 -17.19947385 -0.1534783467)
(-6.33948613 -17.25560787 -0.1556442363)
(-6.387983446 -17.30951103 -0.1578337677)
(-6.430546118 -17.36114871 -0.1600609729)
(-6.468225927 -17.41568711 -0.1623901349)
(-6.504834141 -17.481467 -0.1647569488)
(-6.539305117 -17.55602956 -0.1671374506)
(-6.572861829 -17.63602495 -0.1695312099)
(-6.606408527 -17.71960296 -0.1719376552)
(-6.640333486 -17.80588763 -0.1743560343)
(-6.674784777 -17.89443771 -0.1767854753)
(-6.70981307 -17.98501171 -0.1792250303)
(-6.745432558 -18.07746316 -0.1816739182)
(-6.781646018 -18.1716988 -0.1841313023)
(-6.818453549 -18.26765541 -0.1865962277)
(-6.855855621 -18.36529062 -0.1890679758)
(-6.893853735 -18.46457642 -0.191545519)
(-6.93245131 -18.56549751 -0.194028043)
(-6.971652531 -18.66804592 -0.1965146032)
(-7.01146262 -18.77222086 -0.1990045405)
(-7.051889183 -18.87802829 -0.2014969037)
(-7.09293983 -18.98547843 -0.203990853)
(-7.134623471 -19.09458539 -0.2064855823)
(-7.176949688 -19.20536759 -0.2089802851)
(-7.219929807 -19.3178474 -0.2114741056)
(-7.263574835 -19.43204892 -0.2139660651)
(-7.307897799 -19.54800048 -0.216455554)
(-7.352911117 -19.66573093 -0.2189418553)
(-7.398629361 -19.78527444 -0.2214240305)
(-7.445067448 -19.90666585 -0.2239014092)
(-7.492240749 -20.02994238 -0.2263731704)
(-7.540165359 -20.15514336 -0.2288385726)
(-7.588858989 -20.282312 -0.2312969078)
(-7.638339419 -20.41149166 -0.2337474254)
(-7.688625287 -20.54272899 -0.2361893961)
(-7.739736571 -20.67607334 -0.2386220471)
(-7.791693574 -20.81157513 -0.2410449405)
(-7.844517796 -20.94928832 -0.2434573142)
(-7.898231184 -21.08926767 -0.2458585081)
(-7.952857353 -21.23157236 -0.2482480357)
(-8.008420441 -21.37626278 -0.2506249708)
(-8.064945775 -21.52340236 -0.2529888146)
(-8.122459041 -21.67305576 -0.2553390636)
(-8.180988184 -21.82529299 -0.2576749488)
(-8.240562008 -21.98018594 -0.2599961399)
(-8.301209573 -22.13780751 -0.2623020585)
(-8.362962315 -22.2982364 -0.2645922034)
(-8.425852465 -22.4615535 -0.2668658784)
(-8.489913931 -22.62784324 -0.2691228075)
(-8.555181902 -22.79719304 -0.2713625008)
(-8.621692457 -22.96969377 -0.2735845528)
(-8.689485205 -23.14544313 -0.2757884011)
(-8.758599927 -23.32454047 -0.2779735465)
(-8.829078299 -23.50708926 -0.2801396358)
(-8.900965353 -23.69320033 -0.2822864704)
(-8.974306271 -23.88298576 -0.2844135526)
(-9.049149232 -24.07656451 -0.286520654)
(-9.125545184 -24.2740624 -0.2886074693)
(-9.20354814 -24.47561114 -0.2906734124)
(-9.283213415 -24.68134725 -0.2927185139)
(-9.364600418 -24.89141557 -0.294742318)
(-9.447770775 -25.10596751 -0.2967448413)
(-9.532790075 -25.32516214 -0.2987256009)
(-9.619728465 -25.54916898 -0.3006844034)
(-9.70865709 -25.77816152 -0.302621188)
(-9.799654477 -26.01232969 -0.30453586)
(-9.892801622 -26.25186799 -0.306428232)
(-9.988185936 -26.49698644 -0.3082980461)
(-10.08589991 -26.7479068 -0.3101453678)
(-10.18604154 -27.00486322 -0.3119699824)
(-10.28871622 -27.26810541 -0.3137720463)
(-10.39403418 -27.53789559 -0.315551256)
(-10.50211671 -27.81451916 -0.317307757)
(-10.61309212 -28.09827879 -0.3190413883)
(-10.72709872 -28.38949677 -0.3207524295)
(-10.84428415 -28.68851834 -0.3224407235)
(-10.96481079 -28.99571966 -0.3241064715)
(-11.08885179 -29.31150004 -0.3257498426)
(-11.21659701 -29.63629489 -0.3273707972)
(-11.34825345 -29.97057557 -0.3289694792)
(-11.48404538 -30.3148505 -0.3305460611)
(-11.62422213 -30.66968127 -0.3321005883)
(-11.76905487 -31.03567328 -0.333633546)
(-11.91884769 -31.41350048 -0.3351451016)
(-12.07393589 -31.80390012 -0.336635468)
(-12.23469673 -32.2076933 -0.3381050146)
(-12.40155066 -32.62578709 -0.3395539306)
(-12.57497782 -33.05920623 -0.3409826619)
(-12.75552401 -33.50909866 -0.3423915139)
(-12.94381253 -33.9767605 -0.3437809356)
(-13.14056898 -34.46367845 -0.3451514562)
(-13.34664189 -34.97156256 -0.3465037119)
(-13.56303603 -35.50239914 -0.3478380158)
(-13.79095448 -36.05851675 -0.3491551921)
(-14.03185993 -36.64267637 -0.3504558541)
(-14.28757006 -37.25821431 -0.3517408522)
(-14.56038028 -37.90920244 -0.3530110107)
(-14.85327215 -38.60072184 -0.3542674298)
(-15.17024529 -39.33926143 -0.355510887)
(-15.51688324 -40.13330997 -0.3567428317)
(-15.90147456 -40.99425972 -0.3579643988)
(-16.3377716 -41.93739488 -0.3591761025)
(-16.85452883 -42.98049173 -0.360374397)
(-17.54513607 -44.1251045 -0.3615413088)
(-18.44710918 -45.18487769 -0.3612361931)
(-19.22933925 -46.09046796 -0.3605187171)
(-20.00950476 -46.85067908 -0.3597608637)
(-20.80956508 -47.48245349 -0.3589606141)
(-21.62543992 -48.01665 -0.3581172248)
(-22.45287239 -48.47548852 -0.357230451)
(-23.28844681 -48.87431999 -0.3563008422)
(-24.12964258 -49.22354643 -0.3553288845)
(-24.9746433 -49.53018744 -0.3543154045)
(-25.82212224 -49.79901074 -0.3532615358)
(-26.67106145 -50.0332981 -0.3521684187)
(-27.52062896 -50.23535452 -0.3510373565)
(-28.37010813 -50.40685369 -0.3498695629)
(-29.2188443 -50.54904589 -0.3486662979)
(-30.0662246 -50.66291131 -0.3474290567)
(-30.91165763 -50.74924346 -0.3461591956)
(-31.75456722 -50.80870945 -0.344858032)
(-32.59439545 -50.84189896 -0.3435271897)
(-33.43058639 -50.84933754 -0.3421679963)
(-34.26260849 -50.8315222 -0.3407820389)
(-35.08992462 -50.78890891 -0.3393706211)
(-35.9120197 -50.72194966 -0.3379351765)
(-36.72839598 -50.63108434 -0.336477114)
(-37.53855814 -50.51674313 -0.3349980512)
(-38.34203601 -50.37936009 -0.3334992895)
(-39.13836891 -50.21936644 -0.331982136)
(-39.92713858 -50.03721041 -0.3304482805)
(-40.70796021 -49.83332722 -0.328898917)
(-41.48070684 -49.60812991 -0.327335349)
(-42.24884664 -49.35577182 -0.3257592042)
(-43.05978564 -49.10824675 -0.3241754045)
(-43.84180668 -48.85123605 -0.3225825403)
(-44.596652 -48.56886603 -0.3209808868)
(-45.33737494 -48.26365988 -0.3193718021)
(-46.06539691 -47.93760733 -0.317756432)
(-46.7811477 -47.591329 -0.3161359126)
(-47.48465657 -47.22541992 -0.3145112465)
(-48.17578835 -46.84049591 -0.3128837712)
(-48.85435624 -46.43718447 -0.3112544725)
(-49.52015022 -46.01610082 -0.3096243146)
(-50.17297429 -45.57785273 -0.3079945364)
(-50.81264213 -45.12303279 -0.3063657934)
(-51.43897375 -44.65221296 -0.3047392157)
(-52.05181118 -44.16595489 -0.3031157441)
(-52.65102709 -43.66482304 -0.3014964577)
(-53.23651709 -43.14938255 -0.2998818536)
(-53.80818739 -42.62018681 -0.2982730356)
(-54.36596641 -42.07778746 -0.2966707373)
(-54.90980707 -41.52274073 -0.2950756985)
(-55.43963358 -40.95562044 -0.2934886251)
(-55.95543044 -40.37695405 -0.2919104884)
(-56.45720844 -39.7872717 -0.290341627)
(-56.94498566 -39.18709365 -0.2887830094)
(-57.41878369 -38.57693015 -0.2872354337)
(-57.8786458 -37.95728666 -0.2856992729)
(-58.32461785 -37.32865857 -0.2841750239)
(-58.75676151 -36.69153065 -0.2826635324)
(-59.17514786 -36.04637917 -0.2811652329)
(-59.5798522 -35.3936654 -0.2796806125)
(-59.97096406 -34.73384164 -0.2782101371)
(-60.34857941 -34.06734887 -0.276754304)
(-60.7127983 -33.39461198 -0.2753137724)
(-61.06373199 -32.71605001 -0.2738886649)
(-61.40149628 -32.03206459 -0.2724796032)
(-61.72620939 -31.343046 -0.2710869292)
(-62.03799848 -30.64937425 -0.2697109833)
(-62.33699655 -29.95141731 -0.2683520821)
(-62.62333836 -29.24953305 -0.2670108453)
(-62.8971667 -28.54406336 -0.2656872339)
(-63.15862512 -27.8353463 -0.2643817662)
(-63.40785954 -27.12370069 -0.2630944227)
(-63.64502487 -26.40944089 -0.2618257747)
(-63.87027111 -25.69286857 -0.2605760064)
(-64.0837577 -24.97427399 -0.2593453202)
(-64.28564149 -24.25394058 -0.2581341629)
(-64.47608699 -23.53213757 -0.2569424094)
(-64.65525861 -22.80913186 -0.2557702776)
(-64.82332263 -22.08517506 -0.2546181803)
(-64.98043963 -21.36050866 -0.2534862416)
(-65.12678452 -20.63536891 -0.2523742843)
(-65.26252521 -19.90998485 -0.2512827537)
(-65.38783008 -19.18457283 -0.2502117626)
(-65.50287363 -18.45934253 -0.2491614131)
(-65.60782673 -17.73449823 -0.2481317935)
(-65.70286214 -17.01023196 -0.2471232805)
(-65.78815608 -16.28673166 -0.2461356365)
(-65.86387774 -15.56417843 -0.2451689719)
(-65.93019797 -14.84274234 -0.2442236206)
(-65.98729316 -14.12258678 -0.2432993264)
(-66.03533552 -13.40387201 -0.242396493)
(-66.07449843 -12.68675181 -0.2415151269)
(-66.10495199 -11.97136625 -0.2406552834)
(-66.12686614 -11.25785732 -0.2398167147)
(-66.14041473 -10.54635482 -0.2389998056)
(-66.1457664 -9.836989417 -0.238204535)
(-66.14308988 -9.129875937 -0.2374309573)
(-66.1325539 -8.425133043 -0.2366791185)
(-66.11432753 -7.722884589 -0.2359490537)
(-66.08924964 -7.02339595 -0.235241102)
(-66.28530464 -6.397127024 -0.2345549779)
)
;
    }
    outlet
    {
        type            calculated;
        value           uniform (0 0 0);
    }
    front
    {
        type            wedge;
    }
    back
    {
        type            wedge;
    }
    procBoundary3to1
    {
        type            processor;
        value           uniform (0 0 0);
    }
    procBoundary3to2
    {
        type            processor;
        value           uniform (0 0 0);
    }
}


// ************************************************************************* //
