/*--------------------------------*- C++ -*----------------------------------*\
| =========                 |                                                 |
| \\      /  F ield         | OpenFOAM: The Open Source CFD Toolbox           |
|  \\    /   O peration     | Version:  v1706                                 |
|   \\  /    A nd           | Web:      www.OpenFOAM.com                      |
|    \\/     M anipulation  |                                                 |
\*---------------------------------------------------------------------------*/
FoamFile
{
    version     2.0;
    format      ascii;
    class       volVectorField;
    location    "0.00162";
    object      wallShearStress;
}
// * * * * * * * * * * * * * * * * * * * * * * * * * * * * * * * * * * * * * //

dimensions      [1 -1 -2 0 0 0 0];


internalField   uniform (0 0 0);

boundaryField
{
    inlet
    {
        type            calculated;
        value           nonuniform 0();
    }
    object
    {
        type            calculated;
        value           nonuniform List<vector> 
204
(
(-10.53214984 -28.90446198 -2.432403529e-16)
(-10.58806578 -28.92097354 1.674423744e-17)
(-10.63935643 -28.9318663 1.48930204e-16)
(-10.68131919 -28.93658869 4.586223071e-16)
(-10.7154182 -28.94396253 -8.781377596e-17)
(-10.74261371 -28.96289745 -2.335713512e-16)
(-10.76581524 -28.99692425 1.293654548e-16)
(-10.78765668 -29.04113365 1.385955159e-16)
(-10.80912299 -29.09162843 -1.822698984e-17)
(-10.83096484 -29.14647486 4.728705808e-17)
(-10.85343258 -29.20462425 6.267407951e-16)
(-10.87659261 -29.26549495 1.411095535e-15)
(-10.9004174 -29.32871913 1.72118729e-15)
(-10.92487648 -29.39403062 1.402420003e-15)
(-10.94994731 -29.46125423 9.46368539e-16)
(-10.97564318 -29.53026532 6.106472706e-16)
(-11.0019719 -29.60101106 2.76060266e-16)
(-11.02880566 -29.67347358 7.84415932e-17)
(-11.05614398 -29.7474645 1.282226795e-16)
(-11.08406591 -29.82292559 2.014682067e-16)
(-11.11257818 -29.89995675 3.764976867e-17)
(-11.14158921 -29.97855438 1.544803577e-16)
(-11.17105042 -30.05859707 3.022595647e-16)
(-11.2010072 -30.14000346 4.02650737e-16)
(-11.23148717 -30.22279062 1.948743681e-16)
(-11.26248701 -30.30696799 1.437328979e-16)
(-11.29400141 -30.39253889 6.950332079e-17)
(-11.32602521 -30.47949904 1.524151994e-16)
(-11.358558 -30.56784665 3.241417796e-16)
(-11.39160146 -30.65757917 2.407269073e-16)
(-11.42515854 -30.74869692 -5.954704759e-17)
(-11.45923134 -30.84120211 -4.29212109e-16)
(-11.49382051 -30.93509832 -3.150550581e-16)
(-11.52892622 -31.03038373 -3.089966165e-16)
(-11.56454186 -31.12705522 -1.197827982e-16)
(-11.60068845 -31.22511219 -3.217256564e-17)
(-11.6373381 -31.32459599 -6.497190832e-17)
(-11.67439909 -31.42550453 -3.468062234e-16)
(-11.71196107 -31.52771216 -2.038275366e-16)
(-11.75015195 -31.6310391 -2.559643044e-17)
(-11.78917304 -31.73582207 1.062769009e-16)
(-11.82878096 -31.84247953 6.365846527e-17)
(-11.86883303 -31.950794 2.629376716e-16)
(-11.90908656 -32.06058011 -1.20443245e-16)
(-11.95020332 -32.17152999 -1.496199984e-16)
(-11.99178204 -32.28414717 2.77759703e-17)
(-12.03382244 -32.39808347 6.055534704e-17)
(-12.07689191 -32.51336902 3.130819513e-16)
(-12.12068046 -32.6308781 2.782574542e-16)
(-12.16498624 -32.75023889 -2.596650437e-17)
(-12.20994065 -32.8713856 -4.357678291e-17)
(-12.25564484 -32.99441946 -1.717160056e-16)
(-12.30212223 -33.11946408 -3.941163793e-17)
(-12.34925882 -33.24658495 5.968988522e-17)
(-12.39705768 -33.37561175 1.045387418e-16)
(-12.4461028 -33.50656156 1.625521456e-16)
(-12.49594306 -33.64001513 1.630623075e-16)
(-12.54704608 -33.77575788 3.817043017e-16)
(-12.59928914 -33.91449123 2.404773981e-16)
(-12.65209866 -34.05625444 1.888808211e-16)
(-12.70656129 -34.20041948 8.46916045e-17)
(-12.76244154 -34.34814214 1.122521471e-16)
(-12.81937895 -34.49929658 1.255851042e-16)
(-12.87764952 -34.65381374 -7.624586228e-18)
(-12.93743711 -34.81194487 1.81623441e-17)
(-12.99882567 -34.97392289 9.036420053e-17)
(-13.06189304 -35.13997841 2.927856262e-16)
(-13.12673878 -35.31038218 2.716630203e-16)
(-13.19326974 -35.48544382 1.768189109e-16)
(-13.26138207 -35.66508308 2.342098315e-16)
(-13.33193837 -35.84918326 1.312839254e-16)
(-13.40455369 -36.03874345 1.19101569e-16)
(-13.47915715 -36.23354726 8.704283818e-17)
(-13.55692477 -36.43387625 1.95473207e-16)
(-13.6375328 -36.64120999 9.21537411e-17)
(-13.72055807 -36.8556163 6.942169688e-17)
(-13.80621668 -37.07708318 3.745778302e-16)
(-13.8949042 -37.30585512 4.683521587e-16)
(-13.98690862 -37.54244261 2.754364234e-16)
(-14.0824358 -37.78740667 8.689119891e-17)
(-14.18173154 -38.04137115 1.509510132e-16)
(-14.28470556 -38.30518947 2.189455562e-16)
(-14.3906932 -38.57884411 7.742164834e-16)
(-14.5021037 -38.86153909 4.515214874e-16)
(-14.6190062 -39.15652222 2.553493463e-16)
(-14.74099469 -39.46421664 4.462424053e-16)
(-14.86903082 -39.78527972 2.240998721e-16)
(-15.003142 -40.12140518 1.25236797e-16)
(-15.14361019 -40.47324294 -5.694328525e-17)
(-15.29171081 -40.8417613 -3.676205031e-16)
(-15.4480509 -41.2289849 -4.606424488e-16)
(-15.61315619 -41.63678345 -2.324304119e-16)
(-15.78740588 -42.06697277 -5.488770068e-16)
(-15.97294471 -42.52084634 -7.043060373e-16)
(-16.17110328 -43.0021388 -2.02506623e-16)
(-16.38289905 -43.51429258 -2.767023719e-17)
(-16.61123791 -44.06044459 9.663572627e-17)
(-16.85866589 -44.64643306 3.077414398e-16)
(-17.12998531 -45.27869243 2.898878751e-16)
(-17.42938736 -45.96712056 1.636096321e-16)
(-17.76799848 -46.72218968 2.539367808e-16)
(-18.15793815 -47.56485729 2.621755533e-16)
(-18.63661537 -48.51358468 2.794727626e-16)
(-19.29840361 -49.59269914 2.553866315e-16)
(-20.21228678 -50.63020007 2.581710692e-16)
(-21.08140534 -51.59581501 2.038201937e-16)
(-21.95733297 -52.44210933 1.488124469e-16)
(-22.85439532 -53.15893759 2.184137745e-16)
(-23.76331707 -53.76745131 2.036677543e-16)
(-24.67983114 -54.28375308 1.768409516e-16)
(-25.59969855 -54.72586856 9.844326779e-17)
(-26.51954183 -55.10197324 1.446965744e-16)
(-27.43808979 -55.42258695 -1.535090925e-16)
(-28.35207641 -55.69189612 1.098865986e-16)
(-29.26376462 -55.91004756 1.077297752e-16)
(-30.17531324 -56.08604951 2.357667322e-16)
(-31.08378213 -56.22587069 2.570723777e-16)
(-31.98414686 -56.32981669 2.343545532e-16)
(-32.87628782 -56.39155219 1.453066047e-16)
(-33.76552455 -56.41745041 -2.978516435e-17)
(-34.65136578 -56.41488472 4.724198571e-17)
(-35.52851605 -56.38370668 1.78374838e-16)
(-36.39665611 -56.31695372 2.002179343e-16)
(-37.26080882 -56.22470741 1.560101061e-16)
(-38.11360783 -56.10420606 1.256717952e-16)
(-38.96061917 -55.94523962 8.0567239e-17)
(-39.85165633 -55.79243109 9.670597223e-17)
(-40.70441627 -55.62305839 1.307488864e-16)
(-41.5309039 -55.41431726 1.385260106e-16)
(-42.34126092 -55.17014895 9.236543324e-17)
(-43.14653351 -54.90369896 8.640469073e-18)
(-43.93988262 -54.61523898 -5.821159104e-17)
(-44.72038169 -54.303492 1.919904379e-17)
(-45.48936166 -53.97230737 -1.967478828e-17)
(-46.24306418 -53.61447589 9.202615887e-17)
(-46.98736642 -53.23673156 2.235115019e-16)
(-47.71597525 -52.83878765 2.449687526e-16)
(-48.43088259 -52.4159334 3.935088809e-16)
(-49.13668207 -51.97662041 1.973777319e-16)
(-49.8286959 -51.52041092 1.95386864e-16)
(-50.50631548 -51.05062736 5.222982848e-18)
(-51.16579905 -50.55605343 1.334882457e-16)
(-51.81566778 -50.04630235 1.790717073e-16)
(-52.4527123 -49.52338139 1.912096863e-16)
(-53.07339895 -48.98716496 3.22285747e-16)
(-53.67672348 -48.43275107 3.339105273e-16)
(-54.26559725 -47.8642377 3.113095718e-16)
(-54.83927572 -47.27958415 1.782581136e-16)
(-55.39968492 -46.68258692 2.164771769e-17)
(-55.94665277 -46.07334289 1.437745141e-16)
(-56.47802402 -45.4531405 2.464795032e-16)
(-56.99535477 -44.82221002 2.236315797e-16)
(-57.49645975 -44.18134364 2.098640398e-16)
(-57.98113957 -43.53235803 1.77074985e-16)
(-58.44989773 -42.8687413 8.294288083e-17)
(-58.90522275 -42.19639696 1.305732605e-16)
(-59.34611348 -41.51375558 2.313682078e-16)
(-59.77351678 -40.82592563 3.072008963e-16)
(-60.18530948 -40.12878787 3.502435462e-16)
(-60.58306722 -39.42622004 2.826702754e-16)
(-60.96584709 -38.71477563 3.64708589e-16)
(-61.33544618 -38.00038522 2.435007559e-16)
(-61.68888746 -37.27633785 2.223223467e-16)
(-62.03027332 -36.55030521 3.143564195e-16)
(-62.35620556 -35.81711626 2.867241551e-16)
(-62.66974424 -35.08014046 2.479776672e-16)
(-62.96989888 -34.3414954 1.698788429e-16)
(-63.25529024 -33.59771431 1.448801296e-16)
(-63.52754518 -32.84981373 1.409141065e-16)
(-63.78735132 -32.10140138 2.423971986e-16)
(-64.03238779 -31.34756959 2.040892841e-16)
(-64.2658032 -30.5919511 1.691872963e-16)
(-64.48706034 -29.83510754 1.490125775e-16)
(-64.696181 -29.07740294 1.736626223e-16)
(-64.8931517 -28.31875982 1.540648041e-16)
(-65.07815481 -27.55950762 1.315620083e-16)
(-65.25127289 -26.799672 1.429000872e-16)
(-65.41279035 -26.0396059 1.770438529e-16)
(-65.56293175 -25.27936288 1.569056034e-16)
(-65.70199958 -24.51941694 1.225596584e-16)
(-65.83010285 -23.75988981 9.783278919e-17)
(-65.94749651 -23.00112244 1.203655751e-16)
(-66.05436497 -22.2431913 1.096576022e-16)
(-66.15099559 -21.48648195 8.61107785e-17)
(-66.23753295 -20.73109668 9.840583778e-17)
(-66.31422859 -19.97736221 1.108844484e-16)
(-66.38123767 -19.22531545 1.172133087e-16)
(-66.43882956 -18.47524543 4.798343005e-17)
(-66.48718633 -17.72717672 -4.266089935e-17)
(-66.52661081 -16.98137361 -2.723047544e-17)
(-66.55730176 -16.23790479 3.129736808e-18)
(-66.57953447 -15.49702921 -6.520652533e-18)
(-66.59349634 -14.75880119 -2.405944455e-17)
(-66.59945229 -14.02344376 2.978052776e-17)
(-66.59761078 -13.29096584 4.825066618e-17)
(-66.5882523 -12.56160682 5.269113245e-17)
(-66.57156736 -11.83533441 3.680359532e-17)
(-66.5478659 -11.11240812 3.294525881e-17)
(-66.51730805 -10.39275827 2.897154153e-17)
(-66.48021727 -9.676629773 3.129030002e-17)
(-66.4367454 -8.963916939 5.28659346e-17)
(-66.38723954 -8.254914637 5.19858422e-17)
(-66.3323213 -7.549531253 6.576871178e-17)
(-66.50121634 -6.912537374 4.828892841e-17)
)
;
    }
    outlet
    {
        type            calculated;
        value           uniform (0 0 0);
    }
    front
    {
        type            wedge;
    }
    back
    {
        type            wedge;
    }
    procBoundary3to1
    {
        type            processor;
        value           uniform (0 0 0);
    }
    procBoundary3to2
    {
        type            processor;
        value           uniform (0 0 0);
    }
}


// ************************************************************************* //
