/*--------------------------------*- C++ -*----------------------------------*\
| =========                 |                                                 |
| \\      /  F ield         | OpenFOAM: The Open Source CFD Toolbox           |
|  \\    /   O peration     | Version:  v1706                                 |
|   \\  /    A nd           | Web:      www.OpenFOAM.com                      |
|    \\/     M anipulation  |                                                 |
\*---------------------------------------------------------------------------*/
FoamFile
{
    version     2.0;
    format      ascii;
    class       volVectorField;
    location    "0.0026";
    object      wallShearStress;
}
// * * * * * * * * * * * * * * * * * * * * * * * * * * * * * * * * * * * * * //

dimensions      [1 -1 -2 0 0 0 0];


internalField   uniform (0 0 0);

boundaryField
{
    inlet
    {
        type            calculated;
        value           uniform (0 0 0);
    }
    object
    {
        type            calculated;
        value           nonuniform List<vector> 
300
(
(-1.248207586 -0.7950003455 5.192993897e-15)
(-1.186186452 -1.297561159 -1.685803488e-15)
(-1.203421105 -2.008120259 -1.610435833e-14)
(-1.223411884 -2.750234703 -3.39859696e-15)
(-1.249641071 -3.499849228 -6.30697523e-15)
(-1.282427392 -4.249573273 -2.245624652e-14)
(-1.321922996 -4.995979381 -3.238956096e-14)
(-1.368290798 -5.737155736 -3.212158987e-14)
(-1.421703994 -6.472011204 -1.835892175e-14)
(-1.482331085 -7.200008135 -1.695934569e-14)
(-1.550323416 -7.921022229 -1.543342e-14)
(-1.625806593 -8.635244349 -8.699482357e-15)
(-1.708874957 -9.343096967 -6.366050593e-15)
(-1.799588442 -10.0451575 -9.865027774e-15)
(-1.89797129 -10.7420863 -1.200947953e-14)
(-2.004012584 -11.43456116 -1.124775313e-14)
(-2.117668706 -12.12322 -1.16354241e-14)
(-2.238867959 -12.80861494 -1.107687946e-14)
(-2.367517389 -13.49118061 -1.133980639e-14)
(-2.503511369 -14.17121806 -1.190273324e-14)
(-2.646741177 -14.84889576 -1.17089856e-14)
(-2.797104301 -15.52426518 -8.988656163e-15)
(-2.954512377 -16.19728837 -5.173412866e-15)
(-3.11889684 -16.86787226 -6.466902263e-15)
(-3.2902118 -17.53590427 -7.585413084e-15)
(-3.468434317 -18.20128526 -1.050886127e-14)
(-3.653562152 -18.86395485 -1.305867025e-14)
(-3.845609654 -19.52390763 -1.176897741e-14)
(-4.044602314 -20.18119903 -1.095697934e-14)
(-4.250570547 -20.83594088 -1.223739246e-14)
(-4.463543522 -21.48828854 -1.753861347e-14)
(-4.683543644 -22.13842171 -1.682762815e-14)
(-4.91058257 -22.78652244 -1.88638615e-14)
(-5.144659194 -23.4327533 -1.588367317e-14)
(-5.385760095 -24.07724036 -1.453660614e-14)
(-5.633862022 -24.72006223 -1.5330819e-14)
(-5.88893597 -25.36124811 -1.376976422e-14)
(-6.150951675 -26.0007832 -1.434684068e-14)
(-6.419881509 -26.63861978 -1.644261739e-14)
(-6.695703199 -27.27469154 -1.600765468e-14)
(-6.978400634 -27.90892663 -1.565656102e-14)
(-7.267963056 -28.54125828 -1.43905474e-14)
(-7.564382504 -29.17162965 -1.385709231e-14)
(-7.86765032 -29.79999345 -1.166138844e-14)
(-8.177753411 -30.42630644 -1.083121136e-14)
(-8.494671059 -31.05052024 -1.038897452e-14)
(-8.818373403 -31.67257184 -1.122357401e-14)
(-9.148822168 -32.29237683 -1.059682881e-14)
(-9.485973035 -32.90982534 -1.107861442e-14)
(-9.829780713 -33.52478865 -1.369445356e-14)
(-10.180203 -34.13712627 -1.587059542e-14)
(-10.53720556 -34.74670258 -1.269175254e-14)
(-10.90076312 -35.35339713 -1.202425662e-14)
(-11.27085886 -35.95711475 -9.588037264e-15)
(-11.64748105 -36.55778832 -9.053852792e-15)
(-12.03061813 -37.15537451 -8.996734033e-15)
(-12.42025224 -37.74984011 -8.114732378e-15)
(-12.81635517 -38.34114979 -7.666403547e-15)
(-13.21888533 -38.92924899 -6.156229875e-15)
(-13.62778984 -39.5140566 -6.940906008e-15)
(-14.04300808 -40.09545957 -5.673081734e-15)
(-14.46447971 -40.67332465 -5.42366191e-15)
(-14.89215134 -41.24751374 -4.285632435e-15)
(-15.3259815 -41.81790205 -3.674894493e-15)
(-15.76594171 -42.38439404 -3.150583147e-15)
(-16.21201132 -42.94692562 -3.568041935e-15)
(-16.66417111 -43.50546273 -4.578491734e-15)
(-17.12239268 -44.05998125 -5.273555669e-15)
(-17.58662962 -44.61044258 -3.914207728e-15)
(-18.05681835 -45.15678296 -2.920179798e-15)
(-18.53287775 -45.69889078 -1.985842874e-15)
(-19.01472187 -46.23661828 -2.181166141e-15)
(-19.50227501 -46.76980563 -1.3244336e-15)
(-19.99548374 -47.29831134 -7.025400089e-16)
(-20.49432572 -47.82204793 -3.860159932e-16)
(-20.99880403 -48.34099253 -9.426419672e-16)
(-21.50893587 -48.85518871 -2.740602322e-15)
(-22.02473114 -49.36471757 -2.58388188e-15)
(-22.54617015 -49.86964988 -2.987798671e-15)
(-23.07318677 -50.36999169 -3.757167481e-15)
(-23.60566567 -50.86564709 -2.762709642e-15)
(-24.14346465 -51.35642871 -2.355397462e-15)
(-24.68643843 -51.84207989 -2.583833783e-15)
(-25.23447253 -52.32234529 -2.47561633e-15)
(-25.7875071 -52.79704228 -2.167319297e-15)
(-26.34553705 -53.26610068 -1.55476912e-15)
(-26.90859692 -53.72957691 -1.156345143e-15)
(-27.47671983 -54.18759965 -1.65337782e-16)
(-28.04989404 -54.64028628 6.949880678e-16)
(-28.62803592 -55.08766156 3.975810197e-16)
(-29.21098614 -55.52960072 1.512061709e-15)
(-29.7985373 -55.96583721 2.08358947e-15)
(-30.39048038 -56.3960267 1.491914492e-15)
(-30.98665136 -56.81984477 8.602733064e-16)
(-31.5869611 -57.23707821 1.40833158e-15)
(-32.19139257 -57.64766451 9.429647995e-16)
(-32.79997838 -58.05168366 5.436691212e-16)
(-33.41275386 -58.44928393 3.186236364e-16)
(-34.02972022 -58.84060231 -9.49695075e-17)
(-34.65082862 -59.22570455 -6.336353513e-16)
(-35.27597513 -59.60455046 -1.825063905e-15)
(-35.90501749 -59.97701385 -9.823928153e-16)
(-36.53778618 -60.34290172 -1.760564587e-15)
(-37.17410721 -60.70199195 -1.235646537e-15)
(-37.81382219 -61.05406645 -1.766002966e-15)
(-38.45682071 -61.39897185 -1.493739629e-15)
(-39.10305645 -61.7366552 -1.208275182e-15)
(-39.75254458 -62.06717717 -2.575947547e-16)
(-40.40534585 -62.39070444 -1.579867493e-16)
(-41.06152026 -62.70744217 -7.264300963e-17)
(-41.7210691 -63.01754297 8.643496827e-16)
(-42.3839048 -63.32103616 1.007852143e-15)
(-43.04982427 -63.61775899 -7.855469874e-17)
(-43.71856253 -63.90740656 -3.315604308e-16)
(-44.38984681 -64.18961313 -5.120869325e-16)
(-45.06350471 -64.46411577 -7.499577907e-16)
(-45.73952201 -64.73088732 -5.873859229e-17)
(-46.41803277 -64.99016513 -3.556300706e-16)
(-47.09921208 -65.24231233 -1.600428469e-15)
(-47.78318814 -65.48766347 -1.867910638e-15)
(-48.46995459 -65.72636186 -1.579869412e-15)
(-49.15939844 -65.95835585 -1.730284321e-15)
(-49.85138127 -66.18349119 -1.763784707e-15)
(-50.54585563 -66.40178283 -2.963650198e-15)
(-51.24272569 -66.61304901 -1.360508016e-15)
(-51.94246972 -66.81780939 -1.123214141e-15)
(-52.64677158 -67.01675263 -3.751054953e-16)
(-53.36402979 -67.22162102 -1.292512756e-15)
(-54.0779639 -67.41291972 -1.309520804e-15)
(-54.78040967 -67.58168529 -1.77022006e-15)
(-55.48247136 -67.73991784 -1.581414251e-15)
(-56.18555707 -67.89060716 -1.442184789e-15)
(-56.89014638 -68.03434025 -1.594381947e-15)
(-57.59632114 -68.17114424 -2.40114599e-15)
(-58.30398345 -68.30088394 -3.462624241e-15)
(-59.01302362 -68.42345414 -2.771550206e-15)
(-59.72329539 -68.53873884 -2.342649402e-15)
(-60.43467436 -68.64665869 -2.016078854e-15)
(-61.14702419 -68.74713034 -1.278960234e-15)
(-61.86021121 -68.84007952 -1.028338263e-15)
(-62.57412281 -68.9254581 -1.195474053e-15)
(-63.28864017 -69.0032138 -1.181060701e-15)
(-64.00364303 -69.07329852 -9.055704781e-16)
(-64.71902974 -69.13568491 -2.793970449e-16)
(-65.4346944 -69.19034211 9.504025934e-18)
(-66.15052897 -69.23724091 -4.807256468e-16)
(-66.86642999 -69.27636041 -1.417227558e-16)
(-67.58230719 -69.30769428 1.597402039e-16)
(-68.29806235 -69.33122805 -2.307837784e-16)
(-69.01359844 -69.34695193 -3.261914696e-16)
(-69.72883849 -69.35487714 -6.180263306e-16)
(-70.44368395 -69.35499551 -8.131737015e-16)
(-71.15806219 -69.34732534 -8.223687438e-16)
(-71.87188386 -69.33186861 -8.179190442e-16)
(-72.58507658 -69.30864713 -8.57308058e-16)
(-73.29756653 -69.27768012 -8.681630438e-16)
(-74.00927157 -69.23897821 -1.197528514e-15)
(-74.72011912 -69.19256261 -1.015114828e-15)
(-75.43003024 -69.13844809 -1.115092462e-15)
(-76.13892126 -69.07664594 -1.281138369e-15)
(-76.8467164 -69.00717429 -1.271650467e-15)
(-77.55333426 -68.93004428 -1.513441351e-15)
(-78.25867308 -68.84525092 -1.48886855e-15)
(-78.96266639 -68.75282409 -1.388186435e-15)
(-79.66522017 -68.65276536 -1.030325101e-15)
(-80.36624708 -68.54508838 -6.978029124e-16)
(-81.06567132 -68.42981583 -4.806469728e-16)
(-81.76340592 -68.3069612 -6.139141689e-16)
(-82.4593708 -68.17654752 -1.177333143e-15)
(-83.15349203 -68.03860044 -8.654696157e-16)
(-83.84569641 -67.89315132 -1.185807879e-15)
(-84.53591079 -67.74022973 -1.538422429e-15)
(-85.22406249 -67.57986641 -1.855198162e-15)
(-85.91008959 -67.4120988 -1.102617325e-15)
(-86.59390868 -67.23694644 -1.061279095e-15)
(-87.27545285 -67.05444469 -1.290626737e-15)
(-87.95465649 -66.86463093 -9.124704035e-16)
(-88.63144128 -66.66753088 -1.095069025e-15)
(-89.3057323 -66.46316972 -1.329421938e-15)
(-89.97746043 -66.25158213 -1.485576517e-15)
(-90.64654295 -66.03279083 -1.544550601e-15)
(-91.31290613 -65.80682426 -1.357690807e-15)
(-91.97648387 -65.57372143 -1.837921135e-15)
(-92.63719298 -65.33350495 -1.897558003e-15)
(-93.29495609 -65.08620545 -1.869688936e-15)
(-93.94970427 -64.83186076 -1.880070695e-15)
(-94.60136188 -64.5705045 -1.592701438e-15)
(-95.24986692 -64.30218089 -1.045457959e-15)
(-95.89514742 -64.02692934 -7.83881194e-16)
(-96.53713134 -63.74479238 -8.407354042e-16)
(-97.17575726 -63.45581227 -5.230638768e-16)
(-97.81096807 -63.16003517 -8.76991768e-16)
(-98.44269058 -62.85749826 -1.085285846e-15)
(-99.07087276 -62.54825316 -8.601442219e-16)
(-99.69546248 -62.2323531 -9.732796336e-16)
(-100.3163928 -61.90983796 -1.29604555e-15)
(-100.9336109 -61.58076126 -1.516700284e-15)
(-101.5470597 -61.24516965 -1.841253928e-15)
(-102.1566869 -60.90314266 -2.10440457e-15)
(-102.7657299 -60.56926807 -1.960185945e-15)
(-103.5518836 -60.11481394 -2.142808443e-15)
(-103.9778836 -59.87688239 -1.936686502e-15)
(-104.210204 -59.82364121 -2.120005656e-15)
(-104.364915 -59.85952873 -2.403816948e-15)
(-104.4886488 -59.92550221 -2.716162697e-15)
(-104.5997947 -59.99704651 -3.003070185e-15)
(-104.7051524 -60.06643216 -3.428551766e-15)
(-104.8071799 -60.1323338 -2.930451972e-15)
(-104.9068583 -60.19528151 -2.767355364e-15)
(-105.0046751 -60.25603722 -3.084870927e-15)
(-105.1009338 -60.31517665 -2.776265021e-15)
(-105.1958632 -60.37307882 -2.594777015e-15)
(-105.289635 -60.4299827 -3.056428717e-15)
(-105.382387 -60.48604598 -2.82485073e-15)
(-105.4742001 -60.54136094 -3.151170624e-15)
(-105.5651352 -60.5959942 -3.174426044e-15)
(-105.6552396 -60.64999561 -2.844495971e-15)
(-105.744552 -60.70340705 -2.794661381e-15)
(-105.8330947 -60.75625684 -2.776661751e-15)
(-105.9208729 -60.80855868 -2.855107919e-15)
(-106.0078997 -60.86033048 -2.878938687e-15)
(-106.0941769 -60.91158181 -2.915828519e-15)
(-106.1797155 -60.96232885 -2.751274611e-15)
(-106.2645208 -61.01258364 -2.645566184e-15)
(-106.3485901 -61.06235154 -2.548903417e-15)
(-106.4319368 -61.11164874 -2.710705332e-15)
(-106.5145697 -61.16048792 -2.388127652e-15)
(-106.5965113 -61.20889113 -2.435573446e-15)
(-106.6777801 -61.25687628 -2.275992996e-15)
(-106.7583847 -61.30445149 -2.404741422e-15)
(-106.8383408 -61.35162701 -2.082440882e-15)
(-106.9176584 -61.39840832 -1.946211877e-15)
(-106.9963474 -61.44479624 -2.084658243e-15)
(-107.0743809 -61.49076404 -1.974378336e-15)
(-107.15172 -61.53627545 -2.440001628e-15)
(-107.2283111 -61.58128149 -2.00320594e-15)
(-107.3040846 -61.62572343 -2.214177703e-15)
(-107.3789424 -61.66952468 -1.880418557e-15)
(-107.4527571 -61.71258971 -2.168975496e-15)
(-107.5253977 -61.75482469 -2.043025943e-15)
(-107.5967133 -61.79612751 -2.083978284e-15)
(-107.6665586 -61.83640629 -2.410850248e-15)
(-107.7347831 -61.87557225 -2.362452593e-15)
(-107.8012354 -61.91354093 -2.206874357e-15)
(-107.8657935 -61.95025349 -2.059226551e-15)
(-107.9283497 -61.98566559 -2.050900095e-15)
(-107.9888347 -62.01976315 -2.056525765e-15)
(-108.0472043 -62.05255111 -2.006347067e-15)
(-108.1034385 -62.08404932 -1.884544574e-15)
(-108.1575615 -62.11430566 -1.523733168e-15)
(-108.2096315 -62.14338943 -1.386873489e-15)
(-108.2597469 -62.17139094 -1.900921846e-15)
(-108.3080096 -62.19839709 -1.86686772e-15)
(-108.3545489 -62.22450728 -2.046180057e-15)
(-108.3995147 -62.24982706 -2.117696267e-15)
(-108.4430727 -62.27446707 -2.208316704e-15)
(-108.4853856 -62.29852993 -2.049629029e-15)
(-108.5266046 -62.32210356 -2.38478644e-15)
(-108.5668876 -62.34527615 -2.075517142e-15)
(-108.6063738 -62.36811978 -1.929767982e-15)
(-108.6451995 -62.39070323 -1.7964515e-15)
(-108.6834787 -62.41307916 -1.649481747e-15)
(-108.7212982 -62.4352806 -1.649240446e-15)
(-108.7587411 -62.45733866 -1.509029267e-15)
(-108.7958645 -62.4792688 -1.77474958e-15)
(-108.8327201 -62.50108559 -1.933901727e-15)
(-108.8693378 -62.52279157 -2.060640037e-15)
(-108.9057238 -62.54437465 -1.881182952e-15)
(-108.9418825 -62.56582414 -2.513349472e-15)
(-108.9778092 -62.5871277 -2.336591698e-15)
(-109.0135009 -62.6082755 -2.439203067e-15)
(-109.0489257 -62.62924042 -2.382054968e-15)
(-109.0840528 -62.64999913 -2.639826166e-15)
(-109.1188538 -62.6705306 -2.289380048e-15)
(-109.1533048 -62.69081949 -2.610946805e-15)
(-109.187374 -62.710847 -2.62943286e-15)
(-109.2210202 -62.73058743 -2.448969282e-15)
(-109.2542165 -62.75002567 -2.502494709e-15)
(-109.286929 -62.76914263 -2.228701842e-15)
(-109.319137 -62.78792898 -2.399563593e-15)
(-109.3508147 -62.8063728 -2.388745494e-15)
(-109.3819292 -62.82445564 -2.383007244e-15)
(-109.4124633 -62.84216986 -2.512232333e-15)
(-109.4423936 -62.85950368 -1.869259749e-15)
(-109.4717104 -62.87645481 -1.89737441e-15)
(-109.500399 -62.89301796 -2.04632436e-15)
(-109.528437 -62.90918074 -1.987229892e-15)
(-109.555814 -62.92493838 -1.875180208e-15)
(-109.5825224 -62.94028943 -1.713466761e-15)
(-109.6085657 -62.9552387 -1.486794972e-15)
(-109.6339266 -62.96977628 -1.592372269e-15)
(-109.6585951 -62.98389785 -1.911291409e-15)
(-109.682568 -62.9976024 -1.672788455e-15)
(-109.7058499 -63.01089504 -1.793351411e-15)
(-109.7284396 -63.02377726 -1.817695068e-15)
(-109.7503271 -63.03624313 -1.734040941e-15)
(-109.7715174 -63.04829662 -1.957414606e-15)
(-109.7920078 -63.05993676 -1.901753188e-15)
(-109.8118031 -63.07117617 -1.977264397e-15)
(-109.8303308 -63.08275443 -2.000059675e-15)
)
;
    }
    outlet
    {
        type            calculated;
        value           uniform (0 0 0);
    }
    front
    {
        type            wedge;
    }
    back
    {
        type            wedge;
    }
}


// ************************************************************************* //
