/*--------------------------------*- C++ -*----------------------------------*\
| =========                 |                                                 |
| \\      /  F ield         | OpenFOAM: The Open Source CFD Toolbox           |
|  \\    /   O peration     | Version:  v1706                                 |
|   \\  /    A nd           | Web:      www.OpenFOAM.com                      |
|    \\/     M anipulation  |                                                 |
\*---------------------------------------------------------------------------*/
FoamFile
{
    version     2.0;
    format      ascii;
    class       volScalarField;
    location    "0.0026";
    object      wallHeatFlux;
}
// * * * * * * * * * * * * * * * * * * * * * * * * * * * * * * * * * * * * * //

dimensions      [1 0 -3 0 0 0 0];


internalField   uniform 0;

boundaryField
{
    inlet
    {
        type            calculated;
        value           uniform 0;
    }
    object
    {
        type            calculated;
        value           nonuniform List<scalar> 
300
(
632645.7838
634409.4916
635500.3108
636399.269
637195.4627
637921.8881
638595.0366
639224.7227
639817.4775
640377.9741
640909.6945
641415.2882
641896.7624
642355.625
642792.9648
643209.5419
643605.8496
643982.1844
644338.7136
644675.5234
644992.6793
645290.2517
645568.3467
645827.1141
646066.7313
646287.4058
646489.3414
646672.7212
646837.6902
646984.3373
647112.692
647222.7217
647314.3466
647387.4466
647441.8899
647477.5413
647494.2866
647492.038
647470.7317
647430.3327
647370.8132
647292.1543
647194.3274
647077.2924
646941.0024
646785.3992
646610.4348
646416.0847
646202.3289
645969.2012
645716.7288
645444.9924
645154.0398
644843.9148
644514.634
644166.1831
643798.5112
643411.5742
643005.3239
642579.7795
642134.9368
641670.8773
641187.6849
640685.4543
640164.2676
639624.1397
639065.0767
638487.0285
637889.9197
637273.8025
636638.7022
635984.7517
635312.0974
634620.9236
633911.3484
633183.3584
632436.8518
631671.6727
630887.6327
630084.6026
629262.5779
628421.8253
627562.6335
626685.4176
625790.4663
624877.8657
623947.5808
622999.3393
622032.8548
621048.0013
620044.8963
619023.9939
617985.8615
616931.1148
615860.1941
614773.2552
613670.1862
612550.6848
611414.4831
610261.4522
609091.6399
607905.3169
606702.8622
605484.7489
604251.4151
603003.3
601740.5597
600463.0922
599170.6085
597862.6446
596538.8863
595199.2438
593844.1837
592474.4277
591090.8604
589694.1607
588284.5024
586861.3268
585423.8085
583971.1649
582503.0841
581019.7301
579521.5166
578008.4268
576480.8903
574937.3786
573374.2877
571763.7281
570164.4995
568597.8486
567026.2393
565442.8389
563846.1425
562236.0103
560612.7928
558976.8766
557328.6808
555668.5312
553996.761
552313.6476
550619.5296
548914.6334
547199.2494
545473.6373
543738.0157
541992.5945
540237.5963
538473.2872
536699.7703
534917.2868
533126.0119
531326.1223
529517.7692
527701.052
525876.2068
524043.3239
522202.5172
520353.956
518497.7753
516634.1219
514763.2266
512885.1689
511000.1809
509108.4511
507210.1749
505305.5375
503394.7064
501477.8907
499555.1666
497626.7582
495692.8068
493753.4683
491808.8806
489859.1913
487904.4841
485944.9541
483980.8129
482012.1177
480039.0799
478061.9122
476080.6992
474095.6961
472107.0843
470115.011
468119.6449
466121.1793
464119.7853
462115.6369
460108.8918
458099.6933
456088.1904
454074.5486
452058.8451
450041.2825
448021.9854
446001.0799
443978.6815
441954.9503
439930.0295
437904.1217
436734.9674
436536.2536
436425.726
436251.6278
436018.1262
435750.2399
435465.4663
435172.6968
434875.8899
434576.6026
434275.4793
433972.8937
433669.1865
433364.6594
433059.5388
432754.0619
432448.4583
432143.0122
431837.9081
431533.3034
431229.3942
430926.3122
430624.2604
430323.3359
430023.5998
429725.1415
429427.9773
429132.1914
428837.7687
428544.6768
428252.9175
427962.5645
427673.7139
427386.4557
427100.9743
426817.5425
426536.589
426258.5417
425983.892
425713.2434
425447.1905
425186.4286
424931.5533
424683.1027
424441.5946
424207.4018
423980.8689
423762.1266
423551.1578
423347.8356
423151.953
422963.1709
422780.9922
422604.8684
422434.2082
422268.4622
422106.9933
421949.169
421794.4427
421642.2688
421492.2483
421343.964
421197.0557
421051.284
420906.4293
420762.4222
420619.1667
420476.605
420334.7468
420193.685
420053.5223
419914.3206
419776.1804
419639.2194
419503.6295
419369.5209
419236.9903
419106.182
418977.1873
418850.1779
418725.2343
418602.4169
418481.8291
418363.5195
418247.6162
418134.157
418023.1611
417914.6661
417808.7513
417705.4722
417604.8175
417506.7944
417411.4128
417318.7472
417228.7857
417141.5008
417056.9133
416974.9942
416895.7998
416818.9339
)
;
    }
    outlet
    {
        type            calculated;
        value           uniform 0;
    }
    front
    {
        type            wedge;
    }
    back
    {
        type            wedge;
    }
}


// ************************************************************************* //
