/*--------------------------------*- C++ -*----------------------------------*\
| =========                 |                                                 |
| \\      /  F ield         | OpenFOAM: The Open Source CFD Toolbox           |
|  \\    /   O peration     | Version:  v1706                                 |
|   \\  /    A nd           | Web:      www.OpenFOAM.com                      |
|    \\/     M anipulation  |                                                 |
\*---------------------------------------------------------------------------*/
FoamFile
{
    version     2.0;
    format      ascii;
    class       volVectorField;
    location    "0.00217";
    object      wallShearStress;
}
// * * * * * * * * * * * * * * * * * * * * * * * * * * * * * * * * * * * * * //

dimensions      [1 -1 -2 0 0 0 0];


internalField   uniform (0 0 0);

boundaryField
{
    inlet
    {
        type            calculated;
        value           nonuniform 0();
    }
    object
    {
        type            calculated;
        value           nonuniform List<vector> 
196
(
(-0.193270449 -0.09099646327 0.00207329417)
(-0.1838730029 -0.1491181225 0.002088538055)
(-0.1852239779 -0.2311108408 0.002106731217)
(-0.1863594547 -0.3170336012 0.00212979663)
(-0.1877876642 -0.4043375722 0.002157835636)
(-0.1895430177 -0.4923565955 0.002190622117)
(-0.1916248703 -0.580843698 0.002227808217)
(-0.1940287345 -0.6696856055 0.002268996489)
(-0.1967502115 -0.7588212085 0.002313767171)
(-0.1997855257 -0.8482123226 0.002361695299)
(-0.2031315583 -0.9378314703 0.002412360173)
(-0.2067857916 -1.027656437 0.002465347764)
(-0.2107461736 -1.117667558 0.002520253977)
(-0.2150110981 -1.207846413 0.002576689814)
(-0.2195792865 -1.298175185 0.002634277656)
(-0.2244497713 -1.388636381 0.002692652668)
(-0.2296218178 -1.479212731 0.002751465715)
(-0.2350949176 -1.569887193 0.002810379602)
(-0.2408687271 -1.660643026 0.002869069482)
(-0.2469430799 -1.751463839 0.002927224416)
(-0.2533179229 -1.842333796 0.002984544431)
(-0.2599932827 -1.933237576 0.003040740819)
(-0.2669692629 -2.024160497 0.003095535024)
(-0.2742460689 -2.115088651 0.003148659003)
(-0.2818239479 -2.20600884 0.003199853743)
(-0.2897032069 -2.296908836 0.003248868658)
(-0.2978841785 -2.387777181 0.003295462114)
(-0.3063672332 -2.478603536 0.003339399488)
(-0.3151527458 -2.569378288 0.003380452804)
(-0.3242410911 -2.660092953 0.003418402796)
(-0.3336326951 -2.750739897 0.003453034739)
(-0.3433279633 -2.841312459 0.003484139558)
(-0.3533273275 -2.931804974 0.003511513819)
(-0.3636312101 -3.022212594 0.00353495882)
(-0.3742400704 -3.112531456 0.003554280183)
(-0.3851543174 -3.202758502 0.003569291814)
(-0.3963743598 -3.292891406 0.003579807229)
(-0.4079006608 -3.382928743 0.003585640368)
(-0.4197336123 -3.472869704 0.003586613082)
(-0.4318736994 -3.562714241 0.003582548949)
(-0.444321379 -3.652462967 0.003573275739)
(-0.457077059 -3.742117049 0.003558622887)
(-0.4701411748 -3.831678197 0.003538415202)
(-0.4835141671 -3.921148516 0.003512488564)
(-0.4971965947 -4.010530828 0.003480680523)
(-0.5111888403 -4.09982815 0.00344282098)
(-0.5254914198 -4.189043894 0.003398751927)
(-0.5401048442 -4.27818194 0.003348307925)
(-0.5550296162 -4.367246356 0.003291324718)
(-0.5702662141 -4.456241472 0.003227638659)
(-0.5858151926 -4.545171724 0.003157099204)
(-0.6016770856 -4.634041967 0.00307954488)
(-0.6178524814 -4.722856969 0.002994814034)
(-0.6343419499 -4.811621734 0.002902752458)
(-0.6511460364 -4.900341539 0.002803192947)
(-0.6682653642 -4.989021183 0.002695979077)
(-0.6857005437 -5.077665997 0.002580955182)
(-0.7034522801 -5.166281185 0.002457952067)
(-0.7215212655 -5.254872124 0.002326823434)
(-0.7399080739 -5.34344376 0.002187405079)
(-0.7586134256 -5.432001538 0.002039530247)
(-0.7776380303 -5.520550281 0.001883037016)
(-0.7969826527 -5.609095032 0.001717766616)
(-0.8166479836 -5.697640907 0.001543559443)
(-0.8366347119 -5.786192641 0.001360252161)
(-0.8569437354 -5.874755034 0.001167686846)
(-0.8775758075 -5.963332709 0.0009656920391)
(-0.8985317097 -6.051930415 0.0007541179484)
(-0.9198122248 -6.140552228 0.0005327938872)
(-0.9414181658 -6.22920254 0.0003015470127)
(-0.9633503792 -6.317885689 6.021331463e-05)
(-0.9856096615 -6.406605332 -0.0001913684236)
(-1.00819695 -6.495365508 -0.0004533599012)
(-1.031113062 -6.584170028 -0.0007259481187)
(-1.054358756 -6.673022211 -0.00100928503)
(-1.077935067 -6.761925499 -0.001303543808)
(-1.101842819 -6.850883268 -0.001608896906)
(-1.126082865 -6.939898366 -0.001925512919)
(-1.150655994 -7.028973989 -0.002253566089)
(-1.17556321 -7.118112759 -0.002593205806)
(-1.200805259 -7.207317138 -0.002944615858)
(-1.226383064 -7.296589731 -0.003307975361)
(-1.252297434 -7.385932491 -0.003683429641)
(-1.278549423 -7.47534783 -0.004071181733)
(-1.305139648 -7.564837411 -0.004471400163)
(-1.332069072 -7.654403041 -0.004884240394)
(-1.35933848 -7.744046238 -0.005309884051)
(-1.386948806 -7.833768485 -0.005748503225)
(-1.41490072 -7.923571059 -0.006200262833)
(-1.443194999 -8.013454661 -0.006665322133)
(-1.471832568 -8.103420616 -0.007143870326)
(-1.500814048 -8.193469088 -0.007636086894)
(-1.530140343 -8.283601199 -0.008142157828)
(-1.55981202 -8.373816848 -0.008662240943)
(-1.589829831 -8.464116328 -0.009196484047)
(-1.620194567 -8.554499726 -0.009745064524)
(-1.650906807 -8.644967046 -0.01030815589)
(-1.681967034 -8.735517411 -0.01088595362)
(-1.713376071 -8.826150786 -0.01147859313)
(-1.74513435 -8.916866022 -0.01208625199)
(-1.777242452 -9.00766252 -0.01270910455)
(-1.809700879 -9.098539165 -0.01334729855)
(-1.842510198 -9.189494639 -0.01400101217)
(-1.875670706 -9.280527427 -0.01467040561)
(-1.909182866 -9.371636081 -0.0153556285)
(-1.9430472 -9.462818954 -0.01605687274)
(-1.977263676 -9.554073653 -0.01677430004)
(-2.01183284 -9.64539833 -0.01750806686)
(-2.046754845 -9.736790405 -0.01825828093)
(-2.082029976 -9.828247708 -0.01902510688)
(-2.117658171 -9.919767271 -0.01980873661)
(-2.153639735 -10.01134596 -0.02060927783)
(-2.18997468 -10.10298151 -0.02142690414)
(-2.226662979 -10.19466994 -0.02226171649)
(-2.263704418 -10.28640785 -0.02311388108)
(-2.301099018 -10.37819188 -0.0239835528)
(-2.338846612 -10.47001818 -0.02487084139)
(-2.37694702 -10.56188275 -0.02577589302)
(-2.415399887 -10.65378147 -0.02669879755)
(-2.45420473 -10.74570971 -0.02763972253)
(-2.493361182 -10.83766306 -0.02859876818)
(-2.532868915 -10.92963676 -0.0295760974)
(-2.572727153 -11.02162585 -0.03057173095)
(-2.612935211 -11.11362484 -0.03158583334)
(-2.653492512 -11.20562891 -0.03261851882)
(-2.69439835 -11.29763237 -0.03366989105)
(-2.735651653 -11.38962937 -0.03473997786)
(-2.77725155 -11.48161394 -0.03582894006)
(-2.819197054 -11.57358021 -0.03693679021)
(-2.861486875 -11.66552123 -0.03806360716)
(-2.904120159 -11.75743137 -0.03920951077)
(-2.947095156 -11.84930313 -0.04037452943)
(-2.990410877 -11.94112995 -0.04155875111)
(-3.034065728 -12.03290474 -0.04276223242)
(-3.078057834 -12.12461998 -0.04398493333)
(-3.122385813 -12.21626798 -0.04522699315)
(-3.167047954 -12.30784142 -0.04648835375)
(-3.212042374 -12.39933202 -0.04776908797)
(-3.257366766 -12.49073134 -0.04906926455)
(-3.303019431 -12.58203189 -0.05038882717)
(-3.348997798 -12.67322411 -0.05172781402)
(-3.395299684 -12.76429939 -0.05308614698)
(-3.441922733 -12.85524878 -0.05446390368)
(-3.488864327 -12.94606318 -0.05586094325)
(-3.536121822 -13.03673325 -0.05727732579)
(-3.583692292 -13.12724822 -0.05871303215)
(-3.631573134 -13.2175994 -0.06016794879)
(-3.679760941 -13.30777627 -0.06164210579)
(-3.728252547 -13.3977681 -0.06313528338)
(-3.777044741 -13.4875644 -0.06464747574)
(-3.826133992 -13.57715431 -0.06617857814)
(-3.875516662 -13.66652678 -0.06772847743)
(-3.925189137 -13.75567043 -0.0692971364)
(-3.975147172 -13.84457341 -0.07088442898)
(-4.025386971 -13.93322454 -0.07249024299)
(-4.075904167 -14.02161109 -0.07411434768)
(-4.126694525 -14.10972091 -0.0757567254)
(-4.177753203 -14.19754121 -0.07741721094)
(-4.229075569 -14.2850596 -0.07909552027)
(-4.280656564 -14.37226264 -0.0807915674)
(-4.332491056 -14.45913665 -0.08250509718)
(-4.38457367 -14.54566744 -0.08423594553)
(-4.436898667 -14.63184141 -0.08598397155)
(-4.489460458 -14.71764408 -0.08774890584)
(-4.54225269 -14.80306016 -0.08953046266)
(-4.595269491 -14.88807486 -0.09132842902)
(-4.648504007 -14.97267236 -0.09314257068)
(-4.701949155 -15.05683609 -0.09497272289)
(-4.75559825 -15.1405506 -0.09681853681)
(-4.809443391 -15.22379822 -0.09867971124)
(-4.863476828 -15.30656103 -0.1005559221)
(-4.91768993 -15.38882066 -0.1024468593)
(-4.972074631 -15.47055928 -0.1043522754)
(-5.026621488 -15.55175685 -0.106271748)
(-5.081320593 -15.63239258 -0.1082050898)
(-5.136162327 -15.71244576 -0.1101519021)
(-5.191135387 -15.79189378 -0.1121118567)
(-5.246228362 -15.87071317 -0.114084648)
(-5.301428866 -15.94887985 -0.1160697789)
(-5.356723916 -16.02636748 -0.1180669646)
(-5.412099015 -16.10314802 -0.1200756598)
(-5.467538647 -16.17919179 -0.1220956185)
(-5.52302664 -16.25446817 -0.124126374)
(-5.57854443 -16.32894228 -0.1261675157)
(-5.634072095 -16.40257726 -0.128218613)
(-5.689587146 -16.47533227 -0.1302792315)
(-5.745065146 -16.54716333 -0.1323489854)
(-5.800478114 -16.61802105 -0.1344272832)
(-5.855793944 -16.68784974 -0.1365137876)
(-5.910976898 -16.75658812 -0.1386082138)
(-5.965984266 -16.82416485 -0.1407100671)
(-6.020766153 -16.89049853 -0.1428189881)
(-6.075262409 -16.95549351 -0.1449349496)
(-6.129399763 -17.01903807 -0.1470580243)
(-6.183082698 -17.08099637 -0.149188657)
(-6.236178221 -17.1412051 -0.151327981)
)
;
    }
    outlet
    {
        type            calculated;
        value           nonuniform 0();
    }
    front
    {
        type            wedge;
    }
    back
    {
        type            wedge;
    }
    procBoundary1to0
    {
        type            processor;
        value           uniform (0 0 0);
    }
    procBoundary1to2
    {
        type            processor;
        value           uniform (0 0 0);
    }
    procBoundary1to3
    {
        type            processor;
        value           uniform (0 0 0);
    }
}


// ************************************************************************* //
