/*--------------------------------*- C++ -*----------------------------------*\
| =========                 |                                                 |
| \\      /  F ield         | OpenFOAM: The Open Source CFD Toolbox           |
|  \\    /   O peration     | Version:  v1706                                 |
|   \\  /    A nd           | Web:      www.OpenFOAM.com                      |
|    \\/     M anipulation  |                                                 |
\*---------------------------------------------------------------------------*/
FoamFile
{
    version     2.0;
    format      ascii;
    class       volVectorField;
    location    "0.00245";
    object      wallShearStress;
}
// * * * * * * * * * * * * * * * * * * * * * * * * * * * * * * * * * * * * * //

dimensions      [1 -1 -2 0 0 0 0];


internalField   uniform (0 0 0);

boundaryField
{
    inlet
    {
        type            calculated;
        value           nonuniform 0();
    }
    object
    {
        type            calculated;
        value           nonuniform List<vector> 
196
(
(-0.3871814677 -0.1908972139 -7.148148727e-15)
(-0.367160178 -0.3124984832 -2.128909716e-14)
(-0.3696051143 -0.4839377009 -3.730677661e-14)
(-0.3715023414 -0.663289609 -2.378399273e-14)
(-0.3739302612 -0.8451370819 -2.061923064e-14)
(-0.3769687553 -1.028022639 2.750579287e-15)
(-0.3806229026 -1.211377281 1.202872068e-14)
(-0.3848887883 -1.394920155 1.335596198e-14)
(-0.3897618817 -1.57848682 1.775386482e-14)
(-0.3952383341 -1.76196732 1.114193676e-14)
(-0.4013150817 -1.945280283 1.222812235e-14)
(-0.4079897257 -2.128360863 3.738267452e-15)
(-0.4152603926 -2.311154744 -6.636770161e-16)
(-0.423125611 -2.493614932 2.488468832e-17)
(-0.4315842121 -2.675700011 -8.509390755e-16)
(-0.4406352494 -2.857373117 -2.896124574e-15)
(-0.4502779395 -3.038601375 -7.320527191e-15)
(-0.4605116093 -3.219355461 -1.5994107e-14)
(-0.47133566 -3.399609432 -2.139634697e-14)
(-0.4827495328 -3.579340479 -2.100483543e-14)
(-0.4947526869 -3.758528832 -2.667005626e-14)
(-0.5073445787 -3.937157602 -2.439773025e-14)
(-0.5205246483 -4.115212667 -1.744560505e-14)
(-0.5342923087 -4.292682561 -1.170442217e-14)
(-0.5486469368 -4.469558326 -4.480574584e-15)
(-0.5635878683 -4.645833378 -1.276398048e-15)
(-0.5791143954 -4.821503384 -9.973190071e-18)
(-0.5952257661 -4.99656613 -7.873510153e-17)
(-0.6119211783 -5.171021302 8.423971911e-17)
(-0.6291997905 -5.344870436 -1.550909158e-15)
(-0.6470607158 -5.518116698 1.027970466e-16)
(-0.6655030263 -5.69076474 1.35767141e-15)
(-0.6845257591 -5.86282058 9.89427335e-16)
(-0.7041279143 -6.034291418 -3.26740727e-16)
(-0.7243084634 -6.205185522 -1.692043491e-15)
(-0.7450663479 -6.375512063 -7.880868325e-18)
(-0.7664004858 -6.545281004 -7.944951446e-17)
(-0.7883097703 -6.714502928 1.774154847e-16)
(-0.8107930795 -6.883188995 6.674928216e-16)
(-0.8338492686 -7.051350709 2.48611323e-15)
(-0.8574771767 -7.218999895 2.206161566e-16)
(-0.8816756311 -7.38614859 1.945673262e-16)
(-0.9064434405 -7.552808894 -3.230655442e-16)
(-0.9317793977 -7.718992885 1.465602972e-16)
(-0.9576822856 -7.884712604 1.386752983e-15)
(-0.9841508608 -8.049979851 6.421649464e-16)
(-1.011183872 -8.214806247 -3.000542848e-17)
(-1.038780038 -8.379203039 4.720199901e-16)
(-1.066938064 -8.543181147 -2.63712986e-16)
(-1.095656624 -8.706751025 -1.02412033e-15)
(-1.124934368 -8.869922616 8.119544849e-17)
(-1.154769919 -9.032705426 4.013497888e-16)
(-1.185161862 -9.195108272 1.280745404e-15)
(-1.216108726 -9.357139235 9.741505948e-16)
(-1.247609073 -9.518806317 3.180332726e-15)
(-1.279661316 -9.680115967 8.374725958e-16)
(-1.312263925 -9.841074742 -5.373225889e-18)
(-1.345415244 -10.00168795 -1.591327738e-15)
(-1.379113648 -10.1619607 -1.564081303e-15)
(-1.413357346 -10.32189657 -3.741451988e-16)
(-1.448144664 -10.48149954 5.682590933e-17)
(-1.48347371 -10.64077168 1.993497761e-16)
(-1.519342639 -10.79971507 5.103028437e-16)
(-1.555749523 -10.95833087 1.187071675e-16)
(-1.592692366 -11.11661954 -3.448020538e-17)
(-1.630169164 -11.27458106 -5.888153681e-16)
(-1.668177812 -11.43221442 -1.394637996e-15)
(-1.706716238 -11.5895185 -8.592525964e-16)
(-1.745782228 -11.74649089 -4.348765717e-16)
(-1.78537353 -11.90312887 -4.261543248e-16)
(-1.825487982 -12.05943001 -1.367511836e-15)
(-1.866123212 -12.21539018 -7.504998699e-16)
(-1.907276902 -12.37100556 -7.316458277e-16)
(-1.948946724 -12.52627188 -7.692761614e-18)
(-1.991130248 -12.68118422 1.119362353e-16)
(-2.033825059 -12.83573752 -1.689864885e-16)
(-2.077028749 -12.98992664 6.890169445e-16)
(-2.120738765 -13.14374558 1.433561655e-16)
(-2.164952716 -13.29718921 4.21942799e-16)
(-2.209668073 -13.45025145 2.157289332e-16)
(-2.254882282 -13.60292612 7.278977462e-16)
(-2.30059291 -13.75520758 6.587505778e-16)
(-2.346797317 -13.9070893 5.365405981e-16)
(-2.393493037 -14.05856557 4.887819407e-17)
(-2.440677481 -14.20963006 1.10326975e-16)
(-2.488348113 -14.36027686 8.666068698e-16)
(-2.536502336 -14.51049987 2.3974091e-16)
(-2.585137648 -14.66029345 2.028285866e-17)
(-2.63425145 -14.80965184 4.359804506e-17)
(-2.683841118 -14.95856898 -1.712186296e-17)
(-2.733904187 -15.10703999 2.196542063e-16)
(-2.784437933 -15.2550587 -2.04951363e-16)
(-2.835439931 -15.40262071 -6.000534184e-16)
(-2.886907429 -15.54972003 -6.319259153e-16)
(-2.938837869 -15.696352 -1.022023923e-15)
(-2.991228694 -15.84251199 -6.713807792e-17)
(-3.044077255 -15.98819521 -3.197803593e-16)
(-3.097380824 -16.13339655 1.065397341e-16)
(-3.15113689 -16.27811225 -9.13794828e-18)
(-3.205342575 -16.42233695 2.750043204e-16)
(-3.259995377 -16.56606721 4.746949089e-17)
(-3.315092519 -16.7092986 6.578478508e-17)
(-3.370631225 -16.85202672 5.414269296e-17)
(-3.426608672 -16.9942472 6.332708088e-17)
(-3.483022168 -17.13595666 -4.2137219e-16)
(-3.539868878 -17.27715087 -1.532390855e-16)
(-3.597145787 -17.41782528 -4.379136645e-17)
(-3.654850159 -17.55797652 -1.648047741e-16)
(-3.71297887 -17.69760002 6.292254057e-16)
(-3.771529137 -17.8366924 6.169360221e-16)
(-3.83049774 -17.97524894 1.042534161e-15)
(-3.889881575 -18.11326531 1.275171208e-15)
(-3.949677752 -18.25073841 4.778861783e-16)
(-4.009882775 -18.38766269 -3.723900274e-16)
(-4.070493387 -18.52403375 -9.600258908e-16)
(-4.131506439 -18.65984789 -1.198302584e-15)
(-4.192918498 -18.79510033 -2.00255143e-15)
(-4.254726064 -18.92978603 -7.376319929e-16)
(-4.316925689 -19.06390033 8.334812586e-16)
(-4.379513647 -19.19743784 4.821288096e-16)
(-4.442486419 -19.3303938 1.476292034e-16)
(-4.505840203 -19.46276285 1.417569491e-16)
(-4.569571167 -19.59453934 9.079913107e-17)
(-4.633675306 -19.72571718 -5.193602897e-17)
(-4.698148849 -19.85629147 2.474346736e-16)
(-4.762987631 -19.98625582 -1.338595947e-16)
(-4.828187524 -20.11560416 -3.988111636e-16)
(-4.893744175 -20.24432957 -1.906883781e-15)
(-4.959653456 -20.37242645 -1.133814537e-15)
(-5.025910662 -20.49988692 -7.598194398e-17)
(-5.092511537 -20.62670519 -1.058845231e-16)
(-5.159451313 -20.75287349 6.264111694e-17)
(-5.226725293 -20.87838464 1.253488945e-16)
(-5.294328671 -21.0032311 8.78942738e-17)
(-5.36225647 -21.12740522 1.890769928e-17)
(-5.430503711 -21.25089914 2.620295224e-16)
(-5.499065318 -21.37370504 2.527377422e-17)
(-5.567935892 -21.49581405 2.420633177e-17)
(-5.637109994 -21.61721752 3.336024635e-17)
(-5.706582445 -21.73790775 4.184042533e-17)
(-5.776347241 -21.85787459 3.123817448e-16)
(-5.84639877 -21.97710925 1.436815508e-16)
(-5.916731212 -22.0956026 -9.386709339e-17)
(-5.987338462 -22.21334484 4.191750364e-18)
(-6.05821462 -22.33032662 -3.562551126e-16)
(-6.129352801 -22.44653628 -9.408445002e-17)
(-6.200747074 -22.56196489 3.301094061e-17)
(-6.272390698 -22.6766017 2.28267842e-16)
(-6.344276768 -22.7904353 1.682174656e-16)
(-6.416398439 -22.90345478 2.410151503e-17)
(-6.488748498 -23.01564843 1.002178854e-16)
(-6.561319777 -23.12700485 -3.75327844e-18)
(-6.634104652 -23.23751179 -2.717730049e-16)
(-6.707095324 -23.34715638 -3.00273218e-17)
(-6.78028419 -23.45592686 -2.590321769e-16)
(-6.853662872 -23.56380951 9.298589423e-17)
(-6.927223085 -23.67079077 1.696607353e-17)
(-7.000955982 -23.77685634 -3.018545125e-16)
(-7.074853102 -23.88199301 8.364060468e-18)
(-7.148905078 -23.9861854 -6.859752489e-18)
(-7.223102567 -24.08941841 4.184438373e-17)
(-7.29743547 -24.19167526 3.460750749e-16)
(-7.371894055 -24.29294071 1.192580217e-16)
(-7.44646792 -24.39319786 -8.110648383e-19)
(-7.521146006 -24.49242845 4.522333463e-16)
(-7.595917462 -24.59061499 1.081622541e-16)
(-7.670770355 -24.687738 1.048064448e-16)
(-7.7456925 -24.78377712 5.950174567e-16)
(-7.820671749 -24.87871329 7.705618561e-16)
(-7.895694608 -24.97252379 9.490281904e-16)
(-7.970747313 -25.06518581 8.832108083e-16)
(-8.045815118 -25.15667489 6.212630935e-16)
(-8.120883687 -25.24696817 6.630848349e-16)
(-8.195936729 -25.33603821 2.46965601e-16)
(-8.270957315 -25.42385676 1.354736373e-16)
(-8.345928012 -25.51039471 3.714985088e-17)
(-8.420829726 -25.59562022 -1.869607334e-16)
(-8.495642429 -25.67949956 -1.915414867e-16)
(-8.570344971 -25.7619976 -7.569489965e-17)
(-8.644914228 -25.84307522 6.67502379e-18)
(-8.719325344 -25.92269042 7.754028906e-17)
(-8.793551309 -26.00079747 5.428536999e-17)
(-8.867563748 -26.07734921 1.516282596e-16)
(-8.941330228 -26.15229062 1.745327678e-16)
(-9.01481565 -26.22556263 9.194421647e-17)
(-9.087980849 -26.29709933 4.351074464e-16)
(-9.160782134 -26.36682802 3.083400731e-16)
(-9.233169917 -26.43466625 1.648289638e-16)
(-9.305087092 -26.50051992 -4.846701649e-17)
(-9.376468407 -26.56428334 -2.296734459e-16)
(-9.447236 -26.62583161 -3.657728434e-16)
(-9.517297237 -26.68501954 -1.915418106e-16)
(-9.586538608 -26.74167343 -4.327665536e-17)
(-9.654818461 -26.7955846 -2.359975339e-16)
(-9.721951981 -26.84649309 -1.138747486e-16)
(-9.787686559 -26.89407357 -2.575974693e-17)
)
;
    }
    outlet
    {
        type            calculated;
        value           nonuniform 0();
    }
    front
    {
        type            wedge;
    }
    back
    {
        type            wedge;
    }
    procBoundary1to0
    {
        type            processor;
        value           uniform (0 0 0);
    }
    procBoundary1to2
    {
        type            processor;
        value           uniform (0 0 0);
    }
    procBoundary1to3
    {
        type            processor;
        value           uniform (0 0 0);
    }
}


// ************************************************************************* //
