# Wall shear stress
# Time           	patch            	min              	max              
1.0000000000e-05	object	(1.2951884124e-02 -2.2471179441e-02 -3.6196617664e-16)	(2.7817533063e-02 -1.0127373025e-04 8.9631601491e-16)
2.0000000000e-05	object	(1.5666308599e-02 -2.7181248418e-02 -6.4141104184e-16)	(3.2592219920e-02 -1.4847976909e-04 9.9699339381e-16)
3.0000000000e-05	object	(1.4921829924e-02 -2.5886422778e-02 -9.1811120301e-16)	(3.1068696422e-02 -1.3242547458e-04 9.9807982254e-16)
4.0000000000e-05	object	(1.4748568442e-02 -2.5582680456e-02 -1.2388657654e-15)	(3.0762853829e-02 -1.1924428902e-04 9.8825303398e-16)
5.0000000000e-05	object	(1.4671900561e-02 -2.5446299313e-02 -1.1875851022e-15)	(3.0585489480e-02 -1.1257029580e-04 1.0076322806e-15)
6.0000000000e-05	object	(1.4585829765e-02 -2.5293167638e-02 -1.8188462843e-15)	(3.0395744989e-02 -1.0845615131e-04 9.8555053731e-16)
7.0000000000e-05	object	(1.4507548111e-02 -2.5153165316e-02 -1.6523916218e-15)	(3.0225525448e-02 -1.0555645813e-04 1.0074499915e-15)
8.0000000000e-05	object	(1.4436965463e-02 -2.5026146616e-02 -2.6297161404e-15)	(3.0070987147e-02 -1.0335975702e-04 9.7470106331e-16)
9.0000000000e-05	object	(1.4371949542e-02 -2.4908455353e-02 -4.5727713684e-15)	(2.9928061034e-02 -1.0160851288e-04 9.9724376935e-16)
1.0000000000e-04	object	(1.4311503878e-02 -2.4798414471e-02 -5.4013446299e-15)	(2.9794739714e-02 -1.0016743180e-04 9.7085193159e-16)
1.1000000000e-04	object	(1.4254092283e-02 -2.4694846289e-02 -3.0209916807e-15)	(2.9669511725e-02 -9.8957247022e-05 9.7129793242e-16)
1.2000000000e-04	object	(1.4199145591e-02 -2.4596806918e-02 -1.9950723973e-15)	(2.9551178103e-02 -1.0362925917e-04 9.9227822986e-16)
1.3000000000e-04	object	(-8.5055056448e+01 -1.8856728715e+01 -4.0575984961e-15)	(2.4227589322e-02 3.2575389289e+01 5.0241472346e-15)
1.4000000000e-04	object	(-7.5966110134e+01 -3.0454325338e+01 -6.2288534803e-15)	(4.5959172190e-01 3.2853083028e+01 5.9390605862e-15)
1.5000000000e-04	object	(-7.0842215413e+01 -3.2087829367e+01 -1.1080922534e-14)	(2.8056938123e-01 2.6741363797e+01 6.8964219825e-15)
1.6000000000e-04	object	(-6.6436061165e+01 -3.1114764700e+01 -1.2747874120e-14)	(1.4044618243e-02 1.1245025040e+01 3.4242034960e-15)
1.7000000000e-04	object	(-6.2620057499e+01 -3.0666254375e+01 -1.3498932465e-14)	(1.3973523796e-02 1.2509361174e+01 3.0411459103e-15)
1.8000000000e-04	object	(-5.9599276137e+01 -3.0063936116e+01 -1.8068437484e-14)	(2.5279256536e+00 1.7717637910e+01 3.7674143960e-14)
1.9000000000e-04	object	(-5.6597553882e+01 -3.1045776222e+01 -2.7609697961e-14)	(1.3359985154e+00 1.9243946055e+01 3.6505161647e-15)
2.0000000000e-04	object	(-5.6073804550e+01 -3.0611998923e+01 -2.9479851489e-14)	(1.3849715446e-02 1.0521826855e+01 1.3426401101e-14)
2.1000000000e-04	object	(-5.3173399939e+01 -2.8346042801e+01 -2.7573151669e-14)	(1.3808665831e-02 1.3602167826e+01 1.2653037550e-14)
2.2000000000e-04	object	(-4.5427000897e+01 -2.6368195378e+01 -2.5828147270e-14)	(-6.5871704581e-01 1.1987993930e+01 1.1977485668e-14)
2.3000000000e-04	object	(-4.3237429753e+01 -2.8351096674e+01 -2.4051143920e-14)	(-7.3467302418e-01 -2.7428527018e-01 1.1068879819e-14)
2.4000000000e-04	object	(-4.0133024209e+01 -3.0398280825e+01 -2.1951992256e-14)	(-7.9575150045e-01 -2.8383293330e-01 9.9732950672e-15)
2.5000000000e-04	object	(-3.6856919729e+01 -3.2606660702e+01 -2.0049025742e-14)	(-7.0998339686e-01 -3.0164574103e-01 9.2876138128e-15)
2.6000000000e-04	object	(-4.0784971346e+01 -3.4689346209e+01 -1.8461625058e-14)	(-7.2402594029e-01 -3.2098034774e-01 8.6815935469e-15)
2.7000000000e-04	object	(-4.4625060842e+01 -3.6418703161e+01 -1.8107819243e-14)	(-7.8038359575e-01 -3.5015064767e-01 8.0855197577e-15)
2.8000000000e-04	object	(-4.8130020496e+01 -3.7882836148e+01 -1.7242216743e-14)	(-6.1179535171e-01 -3.8224283326e-01 7.6786776262e-15)
2.9000000000e-04	object	(-5.0669049226e+01 -3.9524484155e+01 -1.6908901257e-14)	(-5.2365796208e-01 -4.1257493631e-01 7.6230208408e-15)
3.0000000000e-04	object	(-5.2361395135e+01 -4.1265601559e+01 -1.8426337668e-14)	(-5.3992105645e-01 -4.3835050519e-01 7.6808612901e-15)
3.1000000000e-04	object	(-5.4125370869e+01 -4.2693628729e+01 -1.7988822720e-14)	(-6.0616687578e-01 -4.6209689711e-01 7.8177461467e-15)
3.2000000000e-04	object	(-5.6443390075e+01 -4.3869236627e+01 -1.6832654077e-14)	(-6.6129399185e-01 -4.8639968258e-01 8.3487046213e-15)
3.3000000000e-04	object	(-5.8885807468e+01 -4.5057590776e+01 -1.7165044527e-14)	(-7.3361816005e-01 -5.0541764501e-01 7.9555490103e-15)
3.4000000000e-04	object	(-6.0947655977e+01 -4.6318180130e+01 -1.7858215725e-14)	(-8.1209003927e-01 -5.2993509261e-01 7.9857060426e-15)
3.5000000000e-04	object	(-6.2842470348e+01 -4.7572184672e+01 -1.7184678818e-14)	(-8.6285897473e-01 -5.5033540418e-01 7.9526729263e-15)
3.6000000000e-04	object	(-6.4911202737e+01 -4.8869411968e+01 -1.7016167576e-14)	(-8.8535229458e-01 -5.7346188202e-01 8.0080639526e-15)
3.7000000000e-04	object	(-6.7067670134e+01 -5.0251618824e+01 -1.6478514112e-14)	(-9.1811239925e-01 -5.9138098752e-01 7.9023765115e-15)
3.8000000000e-04	object	(-6.9249089686e+01 -5.1647029239e+01 -2.0029161207e-14)	(-9.1872391286e-01 -6.0968293857e-01 7.7584919221e-15)
3.9000000000e-04	object	(-7.1547567248e+01 -5.2996831913e+01 -1.5527293539e-14)	(-9.4045386045e-01 -6.2886897520e-01 7.7031448660e-15)
4.0000000000e-04	object	(-7.3915849515e+01 -5.4295530460e+01 -1.8161207994e-14)	(-9.6240917072e-01 -6.4105184915e-01 7.8960899848e-15)
4.1000000000e-04	object	(-7.6245801203e+01 -5.5520719925e+01 -1.4594524766e-14)	(-9.6999996894e-01 -6.5658997046e-01 8.1436627993e-15)
4.2000000000e-04	object	(-7.8494740820e+01 -5.6652689836e+01 -1.5063459911e-14)	(-9.9509377018e-01 -6.6613543295e-01 8.3100187810e-15)
4.3000000000e-04	object	(-8.0636470371e+01 -5.7706130942e+01 -1.6943483663e-14)	(-1.0169059543e+00 -6.8053710840e-01 2.4033707358e-15)
4.4000000000e-04	object	(-8.2654340898e+01 -5.8696000841e+01 -1.5066335268e-14)	(-1.0294739567e+00 -6.8884969680e-01 2.1870596875e-15)
4.5000000000e-04	object	(-8.4541740163e+01 -5.9626593825e+01 -1.5333860193e-14)	(-1.0454198794e+00 -6.9616695808e-01 2.8356233847e-15)
4.6000000000e-04	object	(-8.6303075607e+01 -6.0499582905e+01 -1.5944051900e-14)	(-1.0635437709e+00 -7.0756564280e-01 1.7752899406e-15)
4.7000000000e-04	object	(-8.7948841860e+01 -6.1314047790e+01 -1.6690075220e-14)	(-1.0673888785e+00 -7.1422320179e-01 2.4398800477e-15)
4.8000000000e-04	object	(-8.9481852211e+01 -6.2070210379e+01 -1.7854650385e-14)	(-1.0762392831e+00 -7.1847938299e-01 2.1727611316e-15)
4.9000000000e-04	object	(-9.0908983650e+01 -6.2762330091e+01 -1.5784345789e-14)	(-1.0899125122e+00 -7.2595073703e-01 1.8957112739e-15)
5.0000000000e-04	object	(-9.2237420646e+01 -6.3395795376e+01 -2.2121246326e-14)	(-1.0957262635e+00 -7.3382567253e-01 2.1958787529e-15)
5.1000000000e-04	object	(-9.3445452584e+01 -6.3969701738e+01 -1.7776832751e-14)	(-1.1020245460e+00 -7.3752858202e-01 2.3924058088e-15)
5.2000000000e-04	object	(-9.4536807987e+01 -6.4491181933e+01 -1.7876770995e-14)	(-1.1071460103e+00 -7.4024794450e-01 2.2051571899e-15)
5.3000000000e-04	object	(-9.5535090406e+01 -6.4963115207e+01 -1.8256705887e-14)	(-1.1131243909e+00 -7.4365812564e-01 2.2615196433e-15)
5.4000000000e-04	object	(-9.6434189608e+01 -6.5389421339e+01 -1.8909960779e-14)	(-1.1214794241e+00 -7.4883450423e-01 2.6346817096e-15)
5.5000000000e-04	object	(-9.7255970788e+01 -6.5775456143e+01 -1.8525649798e-14)	(-1.1275804707e+00 -7.5403196931e-01 2.4936981769e-15)
5.6000000000e-04	object	(-9.8013557435e+01 -6.6124693991e+01 -1.9761395687e-14)	(-1.1330759709e+00 -7.5796885440e-01 2.6754747655e-15)
5.7000000000e-04	object	(-9.8727806959e+01 -6.6439110090e+01 -2.0736245502e-14)	(-1.1365997426e+00 -7.6051346381e-01 3.1594074488e-15)
5.8000000000e-04	object	(-9.9413958854e+01 -6.6722147750e+01 -2.0004503577e-14)	(-1.1378435579e+00 -7.6145365284e-01 3.6093282019e-15)
5.9000000000e-04	object	(-1.0007762266e+02 -6.6976772682e+01 -2.0332798861e-14)	(-1.1379216886e+00 -7.6132002974e-01 4.1118288942e-15)
6.0000000000e-04	object	(-1.0071826120e+02 -6.7205836715e+01 -2.0884063743e-14)	(-1.1384667813e+00 -7.6140395205e-01 4.1224159104e-15)
6.1000000000e-04	object	(-1.0133595304e+02 -6.7412962383e+01 -2.1203118699e-14)	(-1.1411887245e+00 -7.6293684061e-01 4.0788193906e-15)
6.2000000000e-04	object	(-1.0193292646e+02 -6.7599208418e+01 -2.0622241173e-14)	(-1.1464277539e+00 -7.6651817735e-01 4.5404566778e-15)
6.3000000000e-04	object	(-1.0250613580e+02 -6.7766290304e+01 -2.0488227779e-14)	(-1.1533167959e+00 -7.7126727634e-01 4.8918870393e-15)
6.4000000000e-04	object	(-1.0304588549e+02 -6.7917244528e+01 -2.0570892895e-14)	(-1.1602007829e+00 -7.7638788405e-01 4.9154346847e-15)
6.5000000000e-04	object	(-1.0354752631e+02 -6.8054397648e+01 -2.1105786178e-14)	(-1.1662000462e+00 -7.8069804562e-01 4.2986446322e-15)
6.6000000000e-04	object	(-1.0401175428e+02 -6.8176923395e+01 -2.0061516268e-14)	(-1.1701628825e+00 -7.8340970834e-01 4.1102460671e-15)
6.7000000000e-04	object	(-1.0443694182e+02 -6.8287787529e+01 -2.0820620907e-14)	(-1.1711368289e+00 -7.8420806158e-01 4.5090878348e-15)
6.8000000000e-04	object	(-1.0482927774e+02 -6.8388392350e+01 -3.2609386000e-14)	(-1.1696994012e+00 -7.8328071323e-01 4.5740528347e-15)
6.9000000000e-04	object	(-1.0518885691e+02 -6.8479046484e+01 -2.1208074732e-14)	(-1.1666425046e+00 -7.8120899281e-01 4.3548493934e-15)
7.0000000000e-04	object	(-1.0552358729e+02 -6.8560874647e+01 -2.0374503665e-14)	(-1.1626800005e+00 -7.7872284335e-01 4.5864503367e-15)
7.1000000000e-04	object	(-1.0583414774e+02 -6.8634340610e+01 -2.3073862254e-14)	(-1.1587994916e+00 -7.7615061135e-01 4.4709462104e-15)
7.2000000000e-04	object	(-1.0612814393e+02 -6.8701390116e+01 -2.1645239184e-14)	(-1.1560926639e+00 -7.7360143336e-01 4.4314931662e-15)
7.3000000000e-04	object	(-1.0641140286e+02 -6.8760989800e+01 -2.2871203007e-14)	(-1.1536168727e+00 -7.7196193479e-01 4.1955385302e-15)
7.4000000000e-04	object	(-1.0668305373e+02 -6.8816570444e+01 -2.0875434759e-14)	(-1.1519343210e+00 -7.7069743215e-01 4.2163732237e-15)
7.5000000000e-04	object	(-1.0694301751e+02 -6.8867376203e+01 -2.5777363453e-14)	(-1.1514357031e+00 -7.7012071976e-01 4.0595435770e-15)
7.6000000000e-04	object	(-1.0718674964e+02 -6.8911590720e+01 -2.5725915347e-14)	(-1.1512336764e+00 -7.7002603136e-01 3.9269186069e-15)
7.7000000000e-04	object	(-1.0741334500e+02 -6.8951103655e+01 -2.6901613164e-14)	(-1.1519386421e+00 -7.7050688945e-01 3.8216353996e-15)
7.8000000000e-04	object	(-1.0762762803e+02 -6.8988949012e+01 -2.6948440628e-14)	(-1.1529935269e+00 -7.7114590817e-01 4.0856048792e-15)
7.9000000000e-04	object	(-1.0782660222e+02 -6.9022987585e+01 -2.6968439536e-14)	(-1.1542603221e+00 -7.7220231024e-01 4.0188495242e-15)
8.0000000000e-04	object	(-1.0801148342e+02 -6.9053583097e+01 -2.6563215850e-14)	(-1.1561819166e+00 -7.7334416353e-01 4.4611603607e-15)
8.1000000000e-04	object	(-1.0818301644e+02 -6.9080755764e+01 -2.6608698561e-14)	(-1.1578747030e+00 -7.7464197147e-01 4.9201565306e-15)
8.2000000000e-04	object	(-1.0834129426e+02 -6.9104612398e+01 -2.6658663995e-14)	(-1.1597242973e+00 -7.7596180146e-01 5.2905277961e-15)
8.3000000000e-04	object	(-1.0848596703e+02 -6.9127362477e+01 -2.6679779639e-14)	(-1.1616245913e+00 -7.7739478916e-01 5.3544208983e-15)
8.4000000000e-04	object	(-1.0861450138e+02 -6.9148656527e+01 -2.6498235061e-14)	(-1.1635864344e+00 -7.7869017359e-01 5.5340961708e-15)
8.5000000000e-04	object	(-1.0872986109e+02 -6.9168054375e+01 -2.6774729410e-14)	(-1.1653696369e+00 -7.8000242004e-01 5.5039142659e-15)
8.6000000000e-04	object	(-1.0883509653e+02 -6.9185802667e+01 -2.7954388662e-14)	(-1.1670908432e+00 -7.8122773903e-01 5.4139842811e-15)
8.7000000000e-04	object	(-1.0892952592e+02 -6.9201730543e+01 -2.8669164242e-14)	(-1.1686989333e+00 -7.8238231042e-01 5.4336637556e-15)
8.8000000000e-04	object	(-1.0901492001e+02 -6.9215771628e+01 -2.9150003794e-14)	(-1.1701805204e+00 -7.8349076794e-01 5.2640930843e-15)
8.9000000000e-04	object	(-1.0909185947e+02 -6.9227991001e+01 -2.9118287596e-14)	(-1.1716974236e+00 -7.8453264363e-01 5.2441802276e-15)
9.0000000000e-04	object	(-1.0916086743e+02 -6.9239165109e+01 -2.9437538881e-14)	(-1.1729903560e+00 -7.8548741394e-01 5.3837519389e-15)
9.1000000000e-04	object	(-1.0922303662e+02 -6.9248890515e+01 -2.8369223169e-14)	(-1.1741971475e+00 -7.8634941084e-01 5.8950794775e-15)
9.2000000000e-04	object	(-1.0927929347e+02 -6.9257744000e+01 -2.9313384050e-14)	(-1.1753092909e+00 -7.8714170278e-01 6.3040416525e-15)
9.3000000000e-04	object	(-1.0933050272e+02 -6.9265988866e+01 -2.9781973175e-14)	(-1.1763061911e+00 -7.8787421628e-01 6.6093365015e-15)
9.4000000000e-04	object	(-1.0937704403e+02 -6.9273595918e+01 -3.3119037478e-14)	(-1.1772283365e+00 -7.8853883944e-01 6.9742531957e-15)
9.5000000000e-04	object	(-1.0941901523e+02 -6.9280681280e+01 -3.3140018416e-14)	(-1.1780598638e+00 -7.8913726253e-01 7.1486271138e-15)
9.6000000000e-04	object	(-1.0945684655e+02 -6.9287455845e+01 -3.3572812249e-14)	(-1.1788150146e+00 -7.8968121872e-01 7.2251427574e-15)
9.7000000000e-04	object	(-1.0949102082e+02 -6.9293755600e+01 -3.4250809113e-14)	(-1.1795019771e+00 -7.9017637155e-01 6.9474769762e-15)
9.8000000000e-04	object	(-1.0952185246e+02 -6.9299475547e+01 -3.4269628224e-14)	(-1.1801212638e+00 -7.9063506914e-01 6.6922860981e-15)
9.9000000000e-04	object	(-1.0955017361e+02 -6.9304652493e+01 -3.4265974170e-14)	(-1.1806831188e+00 -7.9102833460e-01 6.9294274684e-15)
1.0000000000e-03	object	(-1.0957601430e+02 -6.9309335996e+01 -3.4279193459e-14)	(-1.1811749884e+00 -7.9140059661e-01 7.2672620272e-15)
1.0100000000e-03	object	(-1.0959952933e+02 -6.9313620836e+01 -3.5409775956e-14)	(-1.1816568781e+00 -7.9172889162e-01 7.6193163889e-15)
1.0200000000e-03	object	(-1.0962093145e+02 -6.9317575759e+01 -3.5404967899e-14)	(-1.1820613126e+00 -7.9202541591e-01 7.7492749550e-15)
1.0300000000e-03	object	(-1.0964044610e+02 -6.9321222964e+01 -3.5393717261e-14)	(-1.1824359324e+00 -7.9229554084e-01 7.5935786891e-15)
1.0400000000e-03	object	(-1.0965817796e+02 -6.9324486029e+01 -3.5325753080e-14)	(-1.1827801484e+00 -7.9254367010e-01 7.4446477472e-15)
1.0500000000e-03	object	(-1.0967430125e+02 -6.9327367712e+01 -3.2453185895e-14)	(-1.1830892705e+00 -7.9276961027e-01 7.2981170251e-15)
1.0600000000e-03	object	(-1.0968881154e+02 -6.9329908183e+01 -3.3812602926e-14)	(-1.1833745508e+00 -7.9297477618e-01 7.1734039091e-15)
1.0700000000e-03	object	(-1.0970186716e+02 -6.9332192016e+01 -3.4247256202e-14)	(-1.1836330956e+00 -7.9316149244e-01 7.0525279848e-15)
1.0800000000e-03	object	(-1.0971362341e+02 -6.9334273316e+01 -3.4890750126e-14)	(-1.1838681997e+00 -7.9333089747e-01 6.9385402373e-15)
1.0900000000e-03	object	(-1.0972424907e+02 -6.9336170968e+01 -3.4879494606e-14)	(-1.1840824755e+00 -7.9348504639e-01 6.8191496990e-15)
1.1000000000e-03	object	(-1.0973390438e+02 -6.9337882848e+01 -3.4840615615e-14)	(-1.1842768180e+00 -7.9362509757e-01 6.7316828663e-15)
1.1100000000e-03	object	(-1.0974268662e+02 -6.9339418782e+01 -3.4802800103e-14)	(-1.1844537803e+00 -7.9375213858e-01 6.6568667284e-15)
1.1200000000e-03	object	(-1.0975066085e+02 -6.9340811330e+01 -3.4758673362e-14)	(-1.1846147083e+00 -7.9386720660e-01 6.5833919657e-15)
1.1300000000e-03	object	(-1.0975787540e+02 -6.9342071527e+01 -3.4226123576e-14)	(-1.1847607234e+00 -7.9397135908e-01 6.5110699329e-15)
1.1400000000e-03	object	(-1.0976442166e+02 -6.9343225055e+01 -3.5298115766e-14)	(-1.1848935111e+00 -7.9406644575e-01 6.4592335466e-15)
1.1500000000e-03	object	(-1.0977036370e+02 -6.9344273033e+01 -3.4841169303e-14)	(-1.1850146619e+00 -7.9415407640e-01 6.4211428150e-15)
1.1600000000e-03	object	(-1.0977574431e+02 -6.9345238660e+01 -3.3318307884e-14)	(-1.1851256030e+00 -7.9423489162e-01 6.3829598981e-15)
1.1700000000e-03	object	(-1.0978063466e+02 -6.9346130166e+01 -3.5264926833e-14)	(-1.1852269085e+00 -7.9430831204e-01 6.3514715855e-15)
1.1800000000e-03	object	(-1.0978513525e+02 -6.9346945906e+01 -3.3261197535e-14)	(-1.1853186414e+00 -7.9437426192e-01 6.3165420656e-15)
1.1900000000e-03	object	(-1.0978927127e+02 -6.9347686838e+01 -3.3777603671e-14)	(-1.1854014897e+00 -7.9443404328e-01 6.2826829653e-15)
1.2000000000e-03	object	(-1.0979304625e+02 -6.9348355425e+01 -3.5796816894e-14)	(-1.1854762289e+00 -7.9448826434e-01 6.2524387746e-15)
1.2100000000e-03	object	(-1.0979648427e+02 -6.9348959658e+01 -3.3619807869e-14)	(-1.1855434667e+00 -7.9453697967e-01 6.2258980385e-15)
1.2200000000e-03	object	(-1.0979961543e+02 -6.9349508894e+01 -3.3635926016e-14)	(-1.1856038770e+00 -7.9458056420e-01 6.1944880124e-15)
1.2300000000e-03	object	(-1.0980246074e+02 -6.9350008910e+01 -3.3623971247e-14)	(-1.1856581361e+00 -7.9461956592e-01 6.1593249958e-15)
1.2400000000e-03	object	(-1.0980504516e+02 -6.9350463199e+01 -3.3624538384e-14)	(-1.1857068953e+00 -7.9465466261e-01 6.1570675684e-15)
1.2500000000e-03	object	(-1.0980738414e+02 -6.9350875247e+01 -3.6425861815e-14)	(-1.1857509791e+00 -7.9468666925e-01 6.1553101581e-15)
1.2600000000e-03	object	(-1.0980949417e+02 -6.9351248954e+01 -3.5201972916e-14)	(-1.1857908822e+00 -7.9471554864e-01 6.1572809625e-15)
1.2700000000e-03	object	(-1.0981139830e+02 -6.9351588070e+01 -3.5136695274e-14)	(-1.1858269435e+00 -7.9474145587e-01 6.1426610942e-15)
1.2800000000e-03	object	(-1.0981311787e+02 -6.9351895998e+01 -3.5080104217e-14)	(-1.1858595841e+00 -7.9476488485e-01 6.1183398949e-15)
1.2900000000e-03	object	(-1.0981467061e+02 -6.9352175714e+01 -3.5059671213e-14)	(-1.1858891645e+00 -7.9478617909e-01 6.0977680517e-15)
1.3000000000e-03	object	(-1.0981607550e+02 -6.9352430097e+01 -3.5037397759e-14)	(-1.1859159983e+00 -7.9480552699e-01 6.0812476719e-15)
1.3100000000e-03	object	(-1.0981735211e+02 -6.9352661910e+01 -3.5003849013e-14)	(-1.1859403625e+00 -7.9482309792e-01 6.0655851589e-15)
1.3200000000e-03	object	(-1.0981851590e+02 -6.9352873360e+01 -3.4947235617e-14)	(-1.1859625109e+00 -7.9483906573e-01 6.0506361300e-15)
1.3300000000e-03	object	(-1.0981957677e+02 -6.9353066080e+01 -3.4916728388e-14)	(-1.1859826585e+00 -7.9485358514e-01 6.0397494992e-15)
1.3400000000e-03	object	(-1.0982054225e+02 -6.9353241489e+01 -3.4901717622e-14)	(-1.1860009825e+00 -7.9486678560e-01 6.0303803099e-15)
1.3500000000e-03	object	(-1.0982141999e+02 -6.9353401002e+01 -3.4875107471e-14)	(-1.1860176418e+00 -7.9487878246e-01 6.0148931375e-15)
1.3600000000e-03	object	(-1.0982221792e+02 -6.9353545381e+01 -3.4856213473e-14)	(-1.1860327855e+00 -7.9488968615e-01 6.0022626140e-15)
1.3700000000e-03	object	(-1.0982294354e+02 -6.9353676624e+01 -3.4829926493e-14)	(-1.1860465537e+00 -7.9489959980e-01 5.9947215825e-15)
1.3800000000e-03	object	(-1.0982360358e+02 -6.9353795035e+01 -3.4800481822e-14)	(-1.1860590761e+00 -7.9490861618e-01 5.9857511010e-15)
1.3900000000e-03	object	(-1.0982420407e+02 -6.9353902094e+01 -3.4694524284e-14)	(-1.1860704702e+00 -7.9491681951e-01 5.9688321164e-15)
1.4000000000e-03	object	(-1.0982475056e+02 -6.9354000139e+01 -3.4582878876e-14)	(-1.1860808422e+00 -7.9492428679e-01 5.9602179995e-15)
1.4100000000e-03	object	(-1.0982524810e+02 -6.9354089919e+01 -3.4467480683e-14)	(-1.1860902871e+00 -7.9493108693e-01 5.9549970661e-15)
1.4200000000e-03	object	(-1.0982570124e+02 -6.9354171824e+01 -3.4385995784e-14)	(-1.1860988895e+00 -7.9493728079e-01 5.9427653596e-15)
1.4300000000e-03	object	(-1.0982611400e+02 -6.9354246443e+01 -3.6430226503e-14)	(-1.1861067254e+00 -7.9494292278e-01 5.9412940722e-15)
1.4400000000e-03	object	(-1.0982648998e+02 -6.9354314380e+01 -3.6496890541e-14)	(-1.1861138631e+00 -7.9494806217e-01 5.9391529512e-15)
1.4500000000e-03	object	(-1.0982683246e+02 -6.9354376205e+01 -3.6176079957e-14)	(-1.1861203642e+00 -7.9495274363e-01 5.9312068340e-15)
1.4600000000e-03	object	(-1.0982714448e+02 -6.9354432454e+01 -3.4321228536e-14)	(-1.1861262851e+00 -7.9495700756e-01 5.9306278196e-15)
1.4700000000e-03	object	(-1.0982742882e+02 -6.9354483620e+01 -3.4291471171e-14)	(-1.1861316768e+00 -7.9496089075e-01 5.9227365739e-15)
1.4800000000e-03	object	(-1.0982768927e+02 -6.9354530161e+01 -3.4261125022e-14)	(-1.1861365862e+00 -7.9496442697e-01 5.9219236382e-15)
1.4900000000e-03	object	(-1.0982792836e+02 -6.9354572492e+01 -3.4227753668e-14)	(-1.1861410563e+00 -7.9496764737e-01 5.9138979418e-15)
1.5000000000e-03	object	(-1.0982814724e+02 -6.9354610989e+01 -3.4190472796e-14)	(-1.1861451268e+00 -7.9497058044e-01 5.9128614396e-15)
1.5100000000e-03	object	(-1.0982834696e+02 -6.9354645996e+01 -3.4119275669e-14)	(-1.1861488338e+00 -7.9497325187e-01 5.9055392301e-15)
1.5200000000e-03	object	(-1.0982852853e+02 -6.9354677827e+01 -3.3572855881e-14)	(-1.1861522101e+00 -7.9497568465e-01 5.9016213260e-15)
1.5300000000e-03	object	(-1.0982869324e+02 -6.9354706768e+01 -3.3469536999e-14)	(-1.1861552854e+00 -7.9497789955e-01 5.8963425084e-15)
1.5400000000e-03	object	(-1.0982884270e+02 -6.9354733079e+01 -3.3377386205e-14)	(-1.1861580865e+00 -7.9497991579e-01 5.8963430158e-15)
1.5500000000e-03	object	(-1.0982897850e+02 -6.9354757000e+01 -3.3293246052e-14)	(-1.1861606378e+00 -7.9498175147e-01 5.8951828613e-15)
1.5600000000e-03	object	(-1.0982910193e+02 -6.9354778747e+01 -3.3209479526e-14)	(-1.1861629620e+00 -7.9498342349e-01 5.8889316705e-15)
1.5700000000e-03	object	(-1.0982921411e+02 -6.9354798518e+01 -3.3146204140e-14)	(-1.1861650799e+00 -7.9498494733e-01 5.8879048001e-15)
1.5800000000e-03	object	(-1.0982931603e+02 -6.9354816492e+01 -3.3078343531e-14)	(-1.1861670104e+00 -7.9498633681e-01 5.8881732259e-15)
1.5900000000e-03	object	(-1.0982940863e+02 -6.9354832832e+01 -3.3011334930e-14)	(-1.1861687705e+00 -7.9498760412e-01 5.8880840229e-15)
1.6000000000e-03	object	(-1.0982949276e+02 -6.9354847687e+01 -3.2948000135e-14)	(-1.1861703753e+00 -7.9498875997e-01 5.8873246976e-15)
1.6100000000e-03	object	(-1.0982956921e+02 -6.9354861190e+01 -3.2924749538e-14)	(-1.1861718381e+00 -7.9498981379e-01 5.8882622034e-15)
1.6200000000e-03	object	(-1.0982963869e+02 -6.9354873465e+01 -3.2907400023e-14)	(-1.1861731709e+00 -7.9499077405e-01 5.8868782572e-15)
1.6300000000e-03	object	(-1.0982970182e+02 -6.9354884622e+01 -3.2908363730e-14)	(-1.1861743845e+00 -7.9499164849e-01 5.8860407441e-15)
1.6400000000e-03	object	(-1.0982975921e+02 -6.9354894762e+01 -3.2898447001e-14)	(-1.1861754888e+00 -7.9499244425e-01 5.8892898171e-15)
1.6500000000e-03	object	(-1.0982981137e+02 -6.9354903976e+01 -3.2886736035e-14)	(-1.1861764931e+00 -7.9499316799e-01 5.8893790232e-15)
1.6600000000e-03	object	(-1.0982985879e+02 -6.9354912348e+01 -3.2875741539e-14)	(-1.1861774060e+00 -7.9499382593e-01 5.8883071460e-15)
1.6700000000e-03	object	(-1.0982990189e+02 -6.9354919953e+01 -3.2864652112e-14)	(-1.1861782356e+00 -7.9499442386e-01 5.8890660716e-15)
1.6800000000e-03	object	(-1.0982994107e+02 -6.9354926861e+01 -3.2855192140e-14)	(-1.1861789894e+00 -7.9499496712e-01 5.8893784092e-15)
1.6900000000e-03	object	(-1.0982997669e+02 -6.9354933136e+01 -3.2844828172e-14)	(-1.1861796741e+00 -7.9499546063e-01 5.8893780804e-15)
1.7000000000e-03	object	(-1.0983000906e+02 -6.9354938834e+01 -3.2837865871e-14)	(-1.1861802961e+00 -7.9499590891e-01 5.8874242719e-15)
1.7100000000e-03	object	(-1.0983003849e+02 -6.9354944011e+01 -3.2831713189e-14)	(-1.1861808610e+00 -7.9499631607e-01 5.8891554313e-15)
1.7200000000e-03	object	(-1.0983006523e+02 -6.9354948712e+01 -3.2826800892e-14)	(-1.1861813741e+00 -7.9499668588e-01 5.8871568619e-15)
1.7300000000e-03	object	(-1.0983008954e+02 -6.9354952983e+01 -3.2820794007e-14)	(-1.1861818401e+00 -7.9499702174e-01 5.8892894325e-15)
1.7400000000e-03	object	(-1.0983011163e+02 -6.9354956864e+01 -3.2814543026e-14)	(-1.1861822633e+00 -7.9499732677e-01 5.8891106974e-15)
1.7500000000e-03	object	(-1.0983013170e+02 -6.9354960390e+01 -3.2807473991e-14)	(-1.1861826477e+00 -7.9499760380e-01 5.8888873301e-15)
1.7600000000e-03	object	(-1.0983014994e+02 -6.9354963595e+01 -3.2801697084e-14)	(-1.1861829968e+00 -7.9499785539e-01 5.8891103524e-15)
1.7700000000e-03	object	(-1.0983016651e+02 -6.9354966507e+01 -3.2795716300e-14)	(-1.1861833139e+00 -7.9499808388e-01 5.8894226041e-15)
1.7800000000e-03	object	(-1.0983018156e+02 -6.9354969154e+01 -3.2790915204e-14)	(-1.1861836018e+00 -7.9499829140e-01 5.8700878374e-15)
1.7900000000e-03	object	(-1.0983019523e+02 -6.9354971560e+01 -3.2778058943e-14)	(-1.1861838633e+00 -7.9499847986e-01 5.8708469989e-15)
1.8000000000e-03	object	(-1.0983020766e+02 -6.9354973746e+01 -3.2780893923e-14)	(-1.1861841009e+00 -7.9499865102e-01 5.8711596423e-15)
1.8100000000e-03	object	(-1.0983021894e+02 -6.9354975734e+01 -3.2776576113e-14)	(-1.1861843166e+00 -7.9499880647e-01 5.8712936620e-15)
1.8200000000e-03	object	(-1.0983022918e+02 -6.9354977540e+01 -3.2773031165e-14)	(-1.1861845125e+00 -7.9499894766e-01 5.8709811646e-15)
1.8300000000e-03	object	(-1.0983023849e+02 -6.9354979182e+01 -3.2769772782e-14)	(-1.1861846904e+00 -7.9499907589e-01 5.8705793541e-15)
1.8400000000e-03	object	(-1.0983024695e+02 -6.9354980674e+01 -3.2767511821e-14)	(-1.1861848520e+00 -7.9499919235e-01 5.8696523157e-15)
1.8500000000e-03	object	(-1.0983025463e+02 -6.9354982030e+01 -3.2765410417e-14)	(-1.1861849988e+00 -7.9499929813e-01 5.8705348881e-15)
1.8600000000e-03	object	(-1.0983026160e+02 -6.9354983262e+01 -3.2764064574e-14)	(-1.1861851322e+00 -7.9499939421e-01 5.8695526137e-15)
1.8700000000e-03	object	(-1.0983026794e+02 -6.9354984383e+01 -3.2762394370e-14)	(-1.1861852533e+00 -7.9499948148e-01 5.8707136923e-15)
1.8800000000e-03	object	(-1.0983027370e+02 -6.9354985400e+01 -3.2761457794e-14)	(-1.1861853633e+00 -7.9499956074e-01 5.8714727174e-15)
1.8900000000e-03	object	(-1.0983027893e+02 -6.9354986326e+01 -3.2760761965e-14)	(-1.1861854632e+00 -7.9499963273e-01 5.8711601101e-15)
1.9000000000e-03	object	(-1.0983028368e+02 -6.9354987166e+01 -3.2759589809e-14)	(-1.1861855539e+00 -7.9499969813e-01 5.8714727333e-15)
1.9100000000e-03	object	(-1.0983028800e+02 -6.9354987930e+01 -3.2758753094e-14)	(-1.1861856364e+00 -7.9499975753e-01 5.8705352516e-15)
1.9200000000e-03	object	(-1.0983029192e+02 -6.9354988624e+01 -3.2757701060e-14)	(-1.1861857112e+00 -7.9499981148e-01 5.8712497588e-15)
1.9300000000e-03	object	(-1.0983029548e+02 -6.9354989255e+01 -3.2756226871e-14)	(-1.1861857793e+00 -7.9499986049e-01 5.8693744601e-15)
1.9400000000e-03	object	(-1.0983029872e+02 -6.9354989828e+01 -3.2756128588e-14)	(-1.1861858410e+00 -7.9499990500e-01 5.8697318915e-15)
1.9500000000e-03	object	(-1.0983030166e+02 -6.9354990349e+01 -3.2754863578e-14)	(-1.1861858971e+00 -7.9499994544e-01 5.8714287684e-15)
1.9600000000e-03	object	(-1.0983030434e+02 -6.9354990822e+01 -3.2754597319e-14)	(-1.1861859481e+00 -7.9499998216e-01 5.8713395556e-15)
1.9700000000e-03	object	(-1.0983030677e+02 -6.9354991252e+01 -3.2746192585e-14)	(-1.1861859944e+00 -7.9500001553e-01 5.8712504844e-15)
1.9800000000e-03	object	(-1.0983030897e+02 -6.9354991642e+01 -3.2751136341e-14)	(-1.1861860365e+00 -7.9500004583e-01 5.8712505488e-15)
1.9900000000e-03	object	(-1.0983031098e+02 -6.9354991997e+01 -3.2746840417e-14)	(-1.1861860747e+00 -7.9500007336e-01 5.8686267588e-15)
2.0000000000e-03	object	(-1.0983031280e+02 -6.9354992320e+01 -3.2742375859e-14)	(-1.1861861094e+00 -7.9500009837e-01 5.8710722076e-15)
2.0100000000e-03	object	(-1.0983031446e+02 -6.9354992613e+01 -3.2737372141e-14)	(-1.1861861409e+00 -7.9500012108e-01 5.8715187923e-15)
2.0200000000e-03	object	(-1.0983031596e+02 -6.9354992879e+01 -3.2732976911e-14)	(-1.1861861695e+00 -7.9500014171e-01 5.8713402167e-15)
2.0300000000e-03	object	(-1.0983031733e+02 -6.9354993121e+01 -3.2729584248e-14)	(-1.1861861956e+00 -7.9500016046e-01 5.8709383722e-15)
2.0400000000e-03	object	(-1.0983031857e+02 -6.9354993340e+01 -3.2724154478e-14)	(-1.1861862192e+00 -7.9500017748e-01 5.8715190274e-15)
2.0500000000e-03	object	(-1.0983031970e+02 -6.9354993540e+01 -3.2718763892e-14)	(-1.1861862406e+00 -7.9500019295e-01 5.8715191227e-15)
2.0600000000e-03	object	(-1.0983032072e+02 -6.9354993721e+01 -3.2714358122e-14)	(-1.1861862601e+00 -7.9500020699e-01 5.8715192155e-15)
2.0700000000e-03	object	(-1.0983032165e+02 -6.9354993886e+01 -3.2709299152e-14)	(-1.1861862778e+00 -7.9500021975e-01 5.8716086853e-15)
2.0800000000e-03	object	(-1.0983032250e+02 -6.9354994035e+01 -3.2704460370e-14)	(-1.1861862939e+00 -7.9500023135e-01 5.8709836501e-15)
2.0900000000e-03	object	(-1.0983032327e+02 -6.9354994171e+01 -3.2699693763e-14)	(-1.1861863085e+00 -7.9500024187e-01 5.8683938912e-15)
2.1000000000e-03	object	(-1.0983032397e+02 -6.9354994295e+01 -3.2696770785e-14)	(-1.1861863218e+00 -7.9500025144e-01 5.8615623279e-15)
2.1100000000e-03	object	(-1.0983032460e+02 -6.9354994407e+01 -3.2694767061e-14)	(-1.1861863339e+00 -7.9500026013e-01 5.8587939486e-15)
2.1200000000e-03	object	(-1.0983032518e+02 -6.9354994509e+01 -3.2692304742e-14)	(-1.1861863448e+00 -7.9500026802e-01 5.8527660399e-15)
2.1300000000e-03	object	(-1.0983032570e+02 -6.9354994601e+01 -3.2689656463e-14)	(-1.1861863548e+00 -7.9500027519e-01 5.8504443241e-15)
2.1400000000e-03	object	(-1.0983032618e+02 -6.9354994685e+01 -3.2686673340e-14)	(-1.1861863638e+00 -7.9500028171e-01 5.8334872376e-15)
2.1500000000e-03	object	(-1.0983032661e+02 -6.9354994762e+01 -3.2675811769e-14)	(-1.1861863720e+00 -7.9500028762e-01 5.7890481257e-15)
2.1600000000e-03	object	(-1.0983032700e+02 -6.9354994831e+01 -3.2680272563e-14)	(-1.1861863795e+00 -7.9500029300e-01 5.7438159277e-15)
2.1700000000e-03	object	(-1.0983032736e+02 -6.9354994894e+01 -3.2675316987e-14)	(-1.1861863863e+00 -7.9500029788e-01 5.6932253889e-15)
2.1800000000e-03	object	(-1.0983032768e+02 -6.9354994952e+01 -3.2669046712e-14)	(-1.1861863924e+00 -7.9500030232e-01 5.6709439379e-15)
2.1900000000e-03	object	(-1.0983032798e+02 -6.9354995004e+01 -3.2662254209e-14)	(-1.1861863980e+00 -7.9500030635e-01 5.6493771264e-15)
2.2000000000e-03	object	(-1.0983032824e+02 -6.9354995051e+01 -3.2656523514e-14)	(-1.1861864031e+00 -7.9500031001e-01 5.6287033814e-15)
2.2100000000e-03	object	(-1.0983032849e+02 -6.9354995094e+01 -3.2650277329e-14)	(-1.1861864077e+00 -7.9500031333e-01 5.6095477739e-15)
2.2200000000e-03	object	(-1.0983032871e+02 -6.9354995133e+01 -3.2643641133e-14)	(-1.1861864119e+00 -7.9500031635e-01 5.5860610492e-15)
2.2300000000e-03	object	(-1.0983032891e+02 -6.9354995168e+01 -3.2637331155e-14)	(-1.1861864157e+00 -7.9500031910e-01 5.5672180223e-15)
2.2400000000e-03	object	(-1.0983032909e+02 -6.9354995200e+01 -3.2631224502e-14)	(-1.1861864192e+00 -7.9500032159e-01 5.5481070952e-15)
2.2500000000e-03	object	(-1.0983032926e+02 -6.9354995230e+01 -3.2625691290e-14)	(-1.1861864223e+00 -7.9500032385e-01 5.5299339530e-15)
2.2600000000e-03	object	(-1.0983032941e+02 -6.9354995256e+01 -3.2622916444e-14)	(-1.1861864252e+00 -7.9500032591e-01 5.5117606854e-15)
2.2700000000e-03	object	(-1.0983032954e+02 -6.9354995280e+01 -3.2620458921e-14)	(-1.1861864278e+00 -7.9500032778e-01 5.4932748746e-15)
2.2800000000e-03	object	(-1.0983032967e+02 -6.9354995302e+01 -3.2617690633e-14)	(-1.1861864301e+00 -7.9500032948e-01 5.4779147782e-15)
2.2900000000e-03	object	(-1.0983032978e+02 -6.9354995322e+01 -3.2613652801e-14)	(-1.1861864323e+00 -7.9500033102e-01 5.4592055363e-15)
2.3000000000e-03	object	(-1.0983032988e+02 -6.9354995340e+01 -3.2610241792e-14)	(-1.1861864342e+00 -7.9500033242e-01 5.4471941031e-15)
2.3100000000e-03	object	(-1.0983032997e+02 -6.9354995357e+01 -3.2606758741e-14)	(-1.1861864360e+00 -7.9500033369e-01 5.4299586316e-15)
2.3200000000e-03	object	(-1.0983033006e+02 -6.9354995372e+01 -3.2599557150e-14)	(-1.1861864376e+00 -7.9500033485e-01 5.4127677046e-15)
2.3300000000e-03	object	(-1.0983033014e+02 -6.9354995385e+01 -3.2592723494e-14)	(-1.1861864390e+00 -7.9500033589e-01 5.3945051613e-15)
2.3400000000e-03	object	(-1.0983033021e+02 -6.9354995397e+01 -3.2585788485e-14)	(-1.1861864404e+00 -7.9500033685e-01 5.3784753015e-15)
2.3500000000e-03	object	(-1.0983033027e+02 -6.9354995409e+01 -3.2579497561e-14)	(-1.1861864416e+00 -7.9500033771e-01 5.3621433484e-15)
2.3600000000e-03	object	(-1.0983033033e+02 -6.9354995419e+01 -3.2572830444e-14)	(-1.1861864426e+00 -7.9500033850e-01 5.3500768576e-15)
2.3700000000e-03	object	(-1.0983033038e+02 -6.9354995428e+01 -3.2565567232e-14)	(-1.1861864436e+00 -7.9500033921e-01 5.3352971487e-15)
2.3800000000e-03	object	(-1.0983033043e+02 -6.9354995436e+01 -3.2557180170e-14)	(-1.1861864445e+00 -7.9500033986e-01 5.3216338282e-15)
2.3900000000e-03	object	(-1.0983033047e+02 -6.9354995444e+01 -3.2551389604e-14)	(-1.1861864454e+00 -7.9500034045e-01 5.3059610936e-15)
2.4000000000e-03	object	(-1.0983033051e+02 -6.9354995451e+01 -3.2546239678e-14)	(-1.1861864461e+00 -7.9500034099e-01 5.2914494061e-15)
2.4100000000e-03	object	(-1.0983033054e+02 -6.9354995457e+01 -3.2540235766e-14)	(-1.1861864468e+00 -7.9500034148e-01 5.2796167086e-15)
2.4200000000e-03	object	(-1.0983033058e+02 -6.9354995463e+01 -3.2534094541e-14)	(-1.1861864474e+00 -7.9500034192e-01 5.2631402123e-15)
2.4300000000e-03	object	(-1.0983033061e+02 -6.9354995468e+01 -3.2526473955e-14)	(-1.1861864480e+00 -7.9500034232e-01 5.2522452519e-15)
2.4400000000e-03	object	(-1.0983033063e+02 -6.9354995473e+01 -3.2518382280e-14)	(-1.1861864485e+00 -7.9500034269e-01 5.2362600327e-15)
2.4500000000e-03	object	(-1.0983033066e+02 -6.9354995477e+01 -3.2509921662e-14)	(-1.1861864489e+00 -7.9500034302e-01 5.2241594599e-15)
2.4600000000e-03	object	(-1.0983033068e+02 -6.9354995481e+01 -3.2500458725e-14)	(-1.1861864493e+00 -7.9500034332e-01 5.2103173932e-15)
2.4700000000e-03	object	(-1.0983033070e+02 -6.9354995485e+01 -3.2491826084e-14)	(-1.1861864497e+00 -7.9500034359e-01 5.1974131497e-15)
2.4800000000e-03	object	(-1.0983033072e+02 -6.9354995488e+01 -3.2483572740e-14)	(-1.1861864501e+00 -7.9500034384e-01 5.1844747352e-15)
2.4900000000e-03	object	(-1.0983033073e+02 -6.9354995491e+01 -3.2476421438e-14)	(-1.1861864504e+00 -7.9500034406e-01 5.1873220033e-15)
2.5000000000e-03	object	(-1.0983033075e+02 -6.9354995493e+01 -3.2469845623e-14)	(-1.1861864507e+00 -7.9500034427e-01 5.1891975337e-15)
2.5100000000e-03	object	(-1.0983033076e+02 -6.9354995496e+01 -3.2464797104e-14)	(-1.1861864509e+00 -7.9500034446e-01 5.1897333902e-15)
2.5200000000e-03	object	(-1.0983033077e+02 -6.9354995498e+01 -3.2457103975e-14)	(-1.1861864512e+00 -7.9500034463e-01 5.1905818637e-15)
2.5300000000e-03	object	(-1.0983033079e+02 -6.9354995500e+01 -3.2448256473e-14)	(-1.1861864514e+00 -7.9500034478e-01 5.1908158465e-15)
2.5400000000e-03	object	(-1.0983033080e+02 -6.9354995502e+01 -3.2438666639e-14)	(-1.1861864516e+00 -7.9500034492e-01 5.1930826283e-15)
2.5500000000e-03	object	(-1.0983033080e+02 -6.9354995503e+01 -3.2429050737e-14)	(-1.1861864517e+00 -7.9500034505e-01 5.1929933717e-15)
2.5600000000e-03	object	(-1.0983033081e+02 -6.9354995505e+01 -3.2420232447e-14)	(-1.1861864519e+00 -7.9500034516e-01 5.1910840040e-15)
2.5700000000e-03	object	(-1.0983033082e+02 -6.9354995506e+01 -3.2411099339e-14)	(-1.1861864520e+00 -7.9500034527e-01 5.1929936064e-15)
2.5800000000e-03	object	(-1.0983033083e+02 -6.9354995507e+01 -3.2403463736e-14)	(-1.1861864522e+00 -7.9500034536e-01 5.1930829856e-15)
2.5900000000e-03	object	(-1.0983033083e+02 -6.9354995509e+01 -3.2389017371e-14)	(-1.1861864523e+00 -7.9500034545e-01 5.1930385014e-15)
2.6000000000e-03	object	(-1.0983033084e+02 -6.9354995510e+01 -3.2389560957e-14)	(-1.1861864524e+00 -7.9500034553e-01 5.1929938971e-15)
2.6100000000e-03	object	(-1.0983033085e+02 -6.9354995510e+01 -3.2380312963e-14)	(-1.1861864525e+00 -7.9500034560e-01 5.1930386305e-15)
