/*--------------------------------*- C++ -*----------------------------------*\
| =========                 |                                                 |
| \\      /  F ield         | OpenFOAM: The Open Source CFD Toolbox           |
|  \\    /   O peration     | Version:  v1706                                 |
|   \\  /    A nd           | Web:      www.OpenFOAM.com                      |
|    \\/     M anipulation  |                                                 |
\*---------------------------------------------------------------------------*/
FoamFile
{
    version     2.0;
    format      ascii;
    class       volVectorField;
    location    "0.00257";
    object      wallShearStress;
}
// * * * * * * * * * * * * * * * * * * * * * * * * * * * * * * * * * * * * * //

dimensions      [1 -1 -2 0 0 0 0];


internalField   uniform (0 0 0);

boundaryField
{
    inlet
    {
        type            calculated;
        value           uniform (0 0 0);
    }
    object
    {
        type            calculated;
        value           nonuniform List<vector> 
300
(
(-1.248207585 -0.7950003453 5.192993606e-15)
(-1.186186452 -1.297561159 -1.70292071e-15)
(-1.203421105 -2.008120258 -1.53405056e-14)
(-1.223411883 -2.750234702 -3.376062021e-15)
(-1.249641071 -3.499849227 -6.391702147e-15)
(-1.282427391 -4.249573272 -2.254077223e-14)
(-1.321922996 -4.99597938 -3.241109934e-14)
(-1.368290798 -5.737155735 -3.215600671e-14)
(-1.421703994 -6.472011203 -1.833758734e-14)
(-1.482331084 -7.200008134 -1.777606162e-14)
(-1.550323416 -7.921022227 -1.545766542e-14)
(-1.625806592 -8.635244348 -8.722002523e-15)
(-1.708874957 -9.343096966 -6.354908762e-15)
(-1.799588442 -10.0451575 -9.895298642e-15)
(-1.89797129 -10.7420863 -1.201510168e-14)
(-2.004012584 -11.43456116 -1.125306219e-14)
(-2.117668705 -12.12322 -1.167513818e-14)
(-2.238867959 -12.80861494 -1.094499931e-14)
(-2.367517389 -13.49118061 -1.135020962e-14)
(-2.503511369 -14.17121806 -1.186482654e-14)
(-2.646741177 -14.84889576 -1.167692138e-14)
(-2.797104301 -15.52426518 -8.934769976e-15)
(-2.954512377 -16.19728837 -5.1230173e-15)
(-3.11889684 -16.86787226 -6.467434615e-15)
(-3.2902118 -17.53590427 -7.575952602e-15)
(-3.468434317 -18.20128526 -1.050368809e-14)
(-3.653562151 -18.86395485 -1.306774203e-14)
(-3.845609654 -19.52390763 -1.172296053e-14)
(-4.044602314 -20.18119903 -1.08199302e-14)
(-4.250570547 -20.83594088 -1.211110189e-14)
(-4.463543522 -21.48828854 -1.734295054e-14)
(-4.683543644 -22.13842171 -1.670954992e-14)
(-4.91058257 -22.78652243 -1.881951049e-14)
(-5.144659194 -23.4327533 -1.587277083e-14)
(-5.385760095 -24.07724035 -1.451704635e-14)
(-5.633862021 -24.72006223 -1.52969791e-14)
(-5.88893597 -25.36124811 -1.377909103e-14)
(-6.150951675 -26.0007832 -1.432423151e-14)
(-6.419881509 -26.63861978 -1.647260064e-14)
(-6.695703199 -27.27469154 -1.594760711e-14)
(-6.978400634 -27.90892663 -1.566348189e-14)
(-7.267963056 -28.54125828 -1.434140315e-14)
(-7.564382504 -29.17162965 -1.380320142e-14)
(-7.867650319 -29.79999345 -1.141199668e-14)
(-8.17775341 -30.42630644 -1.085881934e-14)
(-8.494671058 -31.05052024 -1.048865854e-14)
(-8.818373402 -31.67257184 -1.106463751e-14)
(-9.148822167 -32.29237683 -1.050690797e-14)
(-9.485973034 -32.90982534 -1.10085454e-14)
(-9.829780712 -33.52478865 -1.360681035e-14)
(-10.18020299 -34.13712627 -1.578933803e-14)
(-10.53720556 -34.74670258 -1.258409338e-14)
(-10.90076312 -35.35339713 -1.196873082e-14)
(-11.27085886 -35.95711475 -9.691392114e-15)
(-11.64748105 -36.55778832 -8.958600579e-15)
(-12.03061813 -37.15537451 -9.0152328e-15)
(-12.42025224 -37.74984011 -8.103906788e-15)
(-12.81635517 -38.34114979 -7.64585302e-15)
(-13.21888533 -38.92924899 -6.054158591e-15)
(-13.62778984 -39.51405659 -6.827591734e-15)
(-14.04300808 -40.09545956 -5.660659555e-15)
(-14.46447971 -40.67332465 -5.510204917e-15)
(-14.89215134 -41.24751374 -4.172455665e-15)
(-15.3259815 -41.81790205 -3.65274725e-15)
(-15.76594171 -42.38439403 -3.172168596e-15)
(-16.21201132 -42.94692562 -3.573288588e-15)
(-16.66417111 -43.50546273 -4.581371043e-15)
(-17.12239268 -44.05998125 -5.273722643e-15)
(-17.58662962 -44.61044258 -3.935103908e-15)
(-18.05681835 -45.15678296 -2.967352293e-15)
(-18.53287774 -45.69889078 -2.032112766e-15)
(-19.01472187 -46.23661828 -2.372673153e-15)
(-19.50227501 -46.76980563 -1.323443561e-15)
(-19.99548374 -47.29831133 -7.059208002e-16)
(-20.49432572 -47.82204793 -3.834683234e-16)
(-20.99880403 -48.34099253 -9.31939344e-16)
(-21.50893587 -48.85518871 -2.570045316e-15)
(-22.02473114 -49.36471757 -2.70366935e-15)
(-22.54617015 -49.86964987 -3.098354237e-15)
(-23.07318676 -50.36999168 -3.734213492e-15)
(-23.60566567 -50.86564708 -2.772650375e-15)
(-24.14346465 -51.35642871 -2.359560913e-15)
(-24.68643842 -51.84207988 -2.684531404e-15)
(-25.23447253 -52.32234528 -2.473578243e-15)
(-25.7875071 -52.79704228 -2.042781196e-15)
(-26.34553705 -53.26610068 -1.557047719e-15)
(-26.90859692 -53.72957691 -1.270277153e-15)
(-27.47671983 -54.18759964 -1.671431831e-16)
(-28.04989404 -54.64028628 7.04654082e-16)
(-28.62803592 -55.08766156 3.86444375e-16)
(-29.21098614 -55.52960072 1.44792622e-15)
(-29.7985373 -55.9658372 2.112672273e-15)
(-30.39048038 -56.3960267 1.480910071e-15)
(-30.98665136 -56.81984477 8.345855025e-16)
(-31.5869611 -57.23707821 1.386004149e-15)
(-32.19139257 -57.64766451 9.420117005e-16)
(-32.79997838 -58.05168366 5.320677309e-16)
(-33.41275386 -58.44928393 3.091367497e-16)
(-34.02972022 -58.8406023 -9.689088732e-17)
(-34.65082862 -59.22570455 -6.309564572e-16)
(-35.27597513 -59.60455046 -1.698229158e-15)
(-35.90501749 -59.97701385 -8.545407013e-16)
(-36.53778618 -60.34290171 -1.779067748e-15)
(-37.17410721 -60.70199195 -1.235250127e-15)
(-37.81382219 -61.05406645 -1.813038857e-15)
(-38.45682071 -61.39897185 -1.507889043e-15)
(-39.10305645 -61.7366552 -9.734801469e-16)
(-39.75254458 -62.06717717 -3.160051028e-16)
(-40.40534584 -62.39070443 -1.763208146e-16)
(-41.06152026 -62.70744216 -8.912671563e-17)
(-41.7210691 -63.01754297 7.396374796e-16)
(-42.3839048 -63.32103615 9.867549542e-16)
(-43.04982427 -63.61775899 -7.593540165e-17)
(-43.71856253 -63.90740656 -1.91004923e-16)
(-44.3898468 -64.18961313 -5.066979004e-16)
(-45.06350471 -64.46411577 -7.455422374e-16)
(-45.73952201 -64.73088732 -3.720614184e-17)
(-46.41803277 -64.99016513 -4.600751572e-16)
(-47.09921208 -65.24231232 -1.627418461e-15)
(-47.78318814 -65.48766347 -2.062590701e-15)
(-48.46995459 -65.72636186 -1.650893577e-15)
(-49.15939844 -65.95835585 -1.719088284e-15)
(-49.85138127 -66.18349119 -1.767698071e-15)
(-50.54585563 -66.40178283 -2.791674177e-15)
(-51.24272569 -66.61304901 -1.229496794e-15)
(-51.94246972 -66.81780939 -1.123476424e-15)
(-52.64677158 -67.01675263 -2.822814119e-16)
(-53.36402979 -67.22162102 -1.190301983e-15)
(-54.07796389 -67.41291972 -1.321694101e-15)
(-54.78040967 -67.58168529 -1.790581509e-15)
(-55.48247136 -67.73991784 -1.579020397e-15)
(-56.18555707 -67.89060716 -1.43963805e-15)
(-56.89014638 -68.03434025 -1.59020337e-15)
(-57.59632114 -68.17114424 -2.393653812e-15)
(-58.30398345 -68.30088394 -3.197337361e-15)
(-59.01302362 -68.42345414 -2.78100507e-15)
(-59.72329538 -68.53873883 -2.366695804e-15)
(-60.43467436 -68.64665868 -2.172834527e-15)
(-61.14702419 -68.74713034 -1.414865035e-15)
(-61.86021121 -68.84007952 -1.430933717e-15)
(-62.5741228 -68.9254581 -1.212633608e-15)
(-63.28864016 -69.0032138 -1.189963285e-15)
(-64.00364302 -69.07329851 -9.05593609e-16)
(-64.71902974 -69.1356849 -2.640331742e-16)
(-65.43469439 -69.19034211 -2.420583503e-16)
(-66.15052896 -69.2372409 -6.029673191e-16)
(-66.86642998 -69.27636041 -1.16640211e-16)
(-67.58230719 -69.30769428 1.45633472e-16)
(-68.29806235 -69.33122805 -2.284727242e-16)
(-69.01359844 -69.34695193 -3.338110124e-16)
(-69.72883848 -69.35487714 -6.136148167e-16)
(-70.44368395 -69.35499551 -8.208584637e-16)
(-71.15806219 -69.34732534 -8.274891324e-16)
(-71.87188386 -69.33186861 -8.212149709e-16)
(-72.58507657 -69.30864712 -8.789783711e-16)
(-73.29756653 -69.27768012 -8.46759195e-16)
(-74.00927157 -69.23897821 -1.182604147e-15)
(-74.72011912 -69.1925626 -1.003966167e-15)
(-75.43003024 -69.13844809 -1.108484964e-15)
(-76.13892125 -69.07664594 -1.27438293e-15)
(-76.8467164 -69.00717429 -1.271091888e-15)
(-77.55333425 -68.93004427 -1.515924607e-15)
(-78.25867308 -68.84525092 -1.498367092e-15)
(-78.96266638 -68.75282409 -1.401531436e-15)
(-79.66522016 -68.65276535 -1.041766809e-15)
(-80.36624707 -68.54508838 -7.088230582e-16)
(-81.06567132 -68.42981583 -4.836224275e-16)
(-81.76340592 -68.3069612 -6.347178246e-16)
(-82.4593708 -68.17654752 -1.203029463e-15)
(-83.15349203 -68.03860044 -1.02973174e-15)
(-83.8456964 -67.89315132 -1.207180592e-15)
(-84.53591078 -67.74022973 -1.695983875e-15)
(-85.22406249 -67.57986641 -1.900110557e-15)
(-85.91008958 -67.41209879 -1.130305655e-15)
(-86.59390868 -67.23694644 -1.083769168e-15)
(-87.27545284 -67.05444469 -1.318084947e-15)
(-87.95465649 -66.86463093 -9.52321191e-16)
(-88.63144127 -66.66753087 -1.113580639e-15)
(-89.3057323 -66.46316972 -1.347644237e-15)
(-89.97746042 -66.25158213 -1.507928535e-15)
(-90.64654295 -66.03279083 -1.854335607e-15)
(-91.31290612 -65.80682425 -1.669998603e-15)
(-91.97648386 -65.57372143 -1.990224966e-15)
(-92.63719297 -65.33350495 -1.915751295e-15)
(-93.29495609 -65.08620545 -1.888271862e-15)
(-93.94970426 -64.83186076 -1.902089224e-15)
(-94.60136188 -64.5705045 -1.62026612e-15)
(-95.24986691 -64.30218089 -1.065376238e-15)
(-95.89514742 -64.02692934 -8.12540433e-16)
(-96.53713134 -63.74479238 -8.740985755e-16)
(-97.17575725 -63.45581227 -5.462560764e-16)
(-97.81096807 -63.16003517 -8.940047518e-16)
(-98.44269058 -62.85749825 -1.104974784e-15)
(-99.07087275 -62.54825316 -8.780687713e-16)
(-99.69546248 -62.2323531 -9.910475884e-16)
(-100.3163927 -61.90983796 -1.312210835e-15)
(-100.9336109 -61.58076126 -1.5244301e-15)
(-101.5470597 -61.24516965 -1.861233558e-15)
(-102.1566869 -60.90314265 -2.106500552e-15)
(-102.7657299 -60.56926807 -1.978861152e-15)
(-103.5518836 -60.11481393 -2.320513683e-15)
(-103.9778836 -59.87688239 -1.95053659e-15)
(-104.210204 -59.8236412 -2.311968691e-15)
(-104.364915 -59.85952873 -2.419488439e-15)
(-104.4886488 -59.92550221 -2.902371519e-15)
(-104.5997947 -59.9970465 -3.318306668e-15)
(-104.7051524 -60.06643215 -3.5833041e-15)
(-104.8071799 -60.13233379 -2.942831615e-15)
(-104.9068583 -60.19528151 -2.762141027e-15)
(-105.0046751 -60.25603722 -2.785256598e-15)
(-105.1009338 -60.31517665 -2.927101379e-15)
(-105.1958631 -60.37307882 -2.612041739e-15)
(-105.289635 -60.4299827 -3.21828354e-15)
(-105.382387 -60.48604598 -2.829842742e-15)
(-105.4742001 -60.54136093 -3.001655184e-15)
(-105.5651352 -60.59599419 -3.474046946e-15)
(-105.6552396 -60.6499956 -2.844937699e-15)
(-105.744552 -60.70340705 -2.796791115e-15)
(-105.8330947 -60.75625683 -2.769850552e-15)
(-105.9208729 -60.80855867 -2.854742714e-15)
(-106.0078997 -60.86033047 -2.875076156e-15)
(-106.0941769 -60.9115818 -2.759139677e-15)
(-106.1797155 -60.96232884 -3.028662315e-15)
(-106.2645208 -61.01258363 -2.52034261e-15)
(-106.3485901 -61.06235154 -2.70062338e-15)
(-106.4319368 -61.11164873 -2.722187236e-15)
(-106.5145697 -61.16048792 -2.526784465e-15)
(-106.5965113 -61.20889112 -2.44810299e-15)
(-106.6777801 -61.25687627 -2.285091168e-15)
(-106.7583847 -61.30445148 -2.40862645e-15)
(-106.8383408 -61.351627 -2.096544716e-15)
(-106.9176584 -61.39840832 -1.963347586e-15)
(-106.9963474 -61.44479624 -2.088507771e-15)
(-107.0743809 -61.49076404 -2.000388754e-15)
(-107.15172 -61.53627544 -2.330516515e-15)
(-107.2283111 -61.58128149 -2.021401608e-15)
(-107.3040846 -61.62572342 -2.351934138e-15)
(-107.3789424 -61.66952468 -1.89270985e-15)
(-107.4527571 -61.7125897 -2.184419689e-15)
(-107.5253977 -61.75482468 -2.0594075e-15)
(-107.5967133 -61.7961275 -2.238226895e-15)
(-107.6665586 -61.83640628 -2.440991095e-15)
(-107.7347831 -61.87557225 -2.381685076e-15)
(-107.8012354 -61.91354093 -2.238058714e-15)
(-107.8657935 -61.95025349 -2.206190966e-15)
(-107.9283497 -61.98566558 -2.078532278e-15)
(-107.9888346 -62.01976314 -2.080570861e-15)
(-108.0472043 -62.0525511 -2.033767197e-15)
(-108.1034385 -62.08404931 -1.905634692e-15)
(-108.1575615 -62.11430565 -1.535932715e-15)
(-108.2096315 -62.14338942 -1.545841601e-15)
(-108.2597469 -62.17139094 -1.923535089e-15)
(-108.3080096 -62.19839709 -1.899813467e-15)
(-108.3545489 -62.22450727 -2.210687506e-15)
(-108.3995146 -62.24982706 -2.144346266e-15)
(-108.4430727 -62.27446707 -2.108322043e-15)
(-108.4853856 -62.29852992 -2.082194828e-15)
(-108.5266046 -62.32210356 -2.184842923e-15)
(-108.5668876 -62.34527614 -2.104946057e-15)
(-108.6063738 -62.36811978 -1.835573389e-15)
(-108.6451995 -62.39070322 -1.828031424e-15)
(-108.6834787 -62.41307916 -1.789635392e-15)
(-108.7212982 -62.43528059 -1.663115896e-15)
(-108.7587411 -62.45733865 -1.781094987e-15)
(-108.7958644 -62.47926879 -1.92891772e-15)
(-108.8327201 -62.50108558 -1.962737684e-15)
(-108.8693378 -62.52279156 -2.090006747e-15)
(-108.9057238 -62.54437465 -2.140291405e-15)
(-108.9418825 -62.56582413 -2.369600234e-15)
(-108.9778092 -62.58712769 -2.340487689e-15)
(-109.0135009 -62.60827549 -2.424008548e-15)
(-109.0489257 -62.62924042 -2.416771122e-15)
(-109.0840528 -62.64999912 -2.666111579e-15)
(-109.1188538 -62.67053059 -2.421098567e-15)
(-109.1533048 -62.69081948 -2.627518704e-15)
(-109.187374 -62.71084699 -2.647343978e-15)
(-109.2210201 -62.73058742 -2.464653949e-15)
(-109.2542164 -62.75002567 -2.518743931e-15)
(-109.286929 -62.76914262 -2.249481767e-15)
(-109.319137 -62.78792897 -2.52786492e-15)
(-109.3508147 -62.80637279 -2.541197217e-15)
(-109.3819292 -62.82445564 -2.416108935e-15)
(-109.4124632 -62.84216986 -2.604558179e-15)
(-109.4423936 -62.85950367 -1.970098946e-15)
(-109.4717103 -62.8764548 -2.089716795e-15)
(-109.500399 -62.89301795 -1.983811854e-15)
(-109.528437 -62.90918073 -2.01700496e-15)
(-109.555814 -62.92493837 -1.797691226e-15)
(-109.5825224 -62.94028942 -1.743356011e-15)
(-109.6085657 -62.95523869 -1.511085322e-15)
(-109.6339266 -62.96977627 -1.614999509e-15)
(-109.6585951 -62.98389784 -1.925016948e-15)
(-109.682568 -62.99760239 -1.793678902e-15)
(-109.7058499 -63.01089503 -1.820186526e-15)
(-109.7284396 -63.02377725 -1.938509198e-15)
(-109.7503271 -63.03624312 -1.749038369e-15)
(-109.7715174 -63.04829661 -1.968891718e-15)
(-109.7920078 -63.05993675 -1.912972111e-15)
(-109.8118031 -63.07117616 -2.093660366e-15)
(-109.8303308 -63.08275442 -2.018678443e-15)
)
;
    }
    outlet
    {
        type            calculated;
        value           uniform (0 0 0);
    }
    front
    {
        type            wedge;
    }
    back
    {
        type            wedge;
    }
}


// ************************************************************************* //
