/*--------------------------------*- C++ -*----------------------------------*\
| =========                 |                                                 |
| \\      /  F ield         | OpenFOAM: The Open Source CFD Toolbox           |
|  \\    /   O peration     | Version:  v1706                                 |
|   \\  /    A nd           | Web:      www.OpenFOAM.com                      |
|    \\/     M anipulation  |                                                 |
\*---------------------------------------------------------------------------*/
FoamFile
{
    version     2.0;
    format      ascii;
    class       volVectorField;
    location    "0.00023";
    object      wallShearStress;
}
// * * * * * * * * * * * * * * * * * * * * * * * * * * * * * * * * * * * * * //

dimensions      [1 -1 -2 0 0 0 0];


internalField   uniform (0 0 0);

boundaryField
{
    inlet
    {
        type            calculated;
        value           uniform (0 0 0);
    }
    object
    {
        type            calculated;
        value           nonuniform List<vector> 
150
(
(-240.3907048 0.6270548811 1.291173484e-11)
(-240.3187698 1.901345686 6.985094779e-15)
(-240.2170233 3.174592476 5.166653227e-12)
(-240.0592849 4.437506561 -1.831821645e-12)
(-239.841114 5.692328109 7.570181697e-15)
(-239.5750137 6.937201916 -1.161200075e-12)
(-239.2575558 8.169798176 -1.967806009e-12)
(-238.8889641 9.387952851 4.19972475e-15)
(-238.4697846 10.58952288 7.55699987e-13)
(-238.0007079 11.7723907 -1.335821779e-12)
(-237.4825338 12.93446975 3.710338013e-15)
(-236.9161586 14.07370928 3.624689653e-15)
(-236.302569 15.1880984 3.393785274e-15)
(-235.6428385 16.27566968 -1.392074393e-12)
(-234.9381232 17.3345029 2.158391805e-12)
(-234.1896606 18.36272839 -2.806548106e-12)
(-233.3987655 19.35853032 1.128420307e-12)
(-232.5668287 20.32014985 -2.108492159e-12)
(-231.6953131 21.24588846 -3.288789557e-13)
(-230.785752 22.13411075 3.145049607e-13)
(-229.8397457 22.98324721 -1.472958558e-12)
(-228.8589588 23.7917974 5.605871475e-13)
(-227.8451174 24.5583318 -7.933312134e-13)
(-226.8000053 25.28149554 2.016599137e-12)
(-225.725462 25.96000922 4.814964395e-13)
(-224.6233785 26.5926726 -6.827440544e-13)
(-223.4956946 27.17836568 1.090814567e-12)
(-222.3443936 27.71605102 1.249785597e-12)
(-221.1715024 28.20477575 2.612692147e-15)
(-219.9790852 28.64367274 5.724172274e-13)
(-218.7692392 29.03196293 -5.427417044e-13)
(-217.5440931 29.36895521 1.764367417e-13)
(-216.3058039 29.65404929 2.285949682e-15)
(-215.056548 29.88673564 -1.573615841e-13)
(-213.7985252 30.06659682 -7.627250072e-13)
(-212.5339478 30.19330784 -7.316713277e-13)
(-211.2650404 30.26663707 5.645344991e-13)
(-209.994036 30.2864464 5.416217306e-13)
(-208.7231691 30.25269151 1.037275257e-12)
(-207.4546766 30.16542194 -9.89968839e-13)
(-206.1907891 30.02478092 1.968717972e-15)
(-204.93373 29.83100509 3.435997608e-13)
(-203.6857117 29.58442429 7.665809978e-13)
(-202.4489285 29.28546041 5.251894941e-13)
(-201.2255568 28.93462724 2.023763606e-13)
(-200.0177487 28.53252904 9.600989941e-13)
(-198.8276302 28.07986008 9.402373065e-14)
(-197.6573187 27.57737714 5.276217968e-13)
(-196.5130374 27.02424717 8.602343468e-14)
(-196.0248648 25.99820832 2.246628479e-15)
(-218.844563 16.89908188 -6.983961019e-14)
(-200.992676 -17.53813737 3.415217387e-15)
(-181.8811453 -48.76271584 -2.930362691e-14)
(-171.5141698 -66.30058605 -2.729651391e-15)
(-166.2563876 -75.7135757 -8.366168091e-16)
(-163.6780805 -80.50169439 -3.98213938e-15)
(-162.355395 -83.09240798 -9.498461977e-16)
(-161.6546697 -84.47116331 -3.861292088e-18)
(-161.2330744 -85.32977231 -2.655502478e-15)
(-160.9044307 -86.00345911 -1.825964747e-15)
(-160.4662718 -86.46746275 1.720576688e-15)
(-159.1067728 -86.53998985 1.759493633e-15)
(-154.8248028 -85.05674354 2.045149199e-15)
(-145.8774719 -80.59261162 -1.12780017e-15)
(-133.4317916 -74.36772318 2.466166516e-15)
(-119.986437 -68.30784008 -3.526083748e-15)
(-106.0553461 -62.22267455 -5.014440284e-16)
(-91.43099223 -55.2452888 6.60308797e-15)
(-77.2808865 -47.60326365 9.813953643e-15)
(-65.49465763 -40.45100309 4.12452036e-15)
(-56.92455144 -34.73365455 6.890945793e-15)
(-51.25269889 -30.71755224 4.069646239e-15)
(-47.71283447 -28.16578978 7.175269731e-15)
(-45.51692129 -26.605605 1.210509523e-14)
(-44.13757525 -25.65132677 1.10983364e-14)
(-43.20326771 -25.02770937 9.026025581e-15)
(-42.46561082 -24.55846415 1.346338345e-14)
(-41.77053363 -24.1401389 6.909705233e-15)
(-41.03674324 -23.71975429 6.255145422e-15)
(-40.24152956 -23.28031678 -6.1799953e-16)
(-39.41006931 -22.83158362 1.907714951e-16)
(-38.60411429 -22.40268901 1.20245587e-15)
(-37.90800476 -22.0345282 3.335572588e-15)
(-37.41307295 -21.77164639 1.087782004e-15)
(-37.20316305 -21.65472653 1.33190612e-15)
(-37.3452641 -21.71601214 2.710398105e-15)
(-37.8890898 -21.97973889 1.039819243e-15)
(-38.86308847 -22.45857401 1.463006318e-15)
(-40.28556434 -23.16020501 2.71561041e-15)
(-42.1660603 -24.08883432 7.848152923e-15)
(-44.50780806 -25.24701792 6.304134169e-15)
(-47.30822157 -26.63726775 6.185715067e-15)
(-50.55807467 -28.26187196 6.092506603e-15)
(-54.23486006 -30.11923694 6.345030841e-15)
(-58.26532935 -32.1955632 7.835469522e-15)
(-62.50902196 -34.43377187 6.293522768e-15)
(-66.88739948 -36.79671942 6.452826306e-15)
(-71.33375304 -39.24986943 5.83621348e-15)
(-75.80372765 -41.76718287 3.639740082e-15)
(-80.26242758 -44.32560966 3.578840308e-15)
(-84.67138619 -46.89693266 2.490093314e-15)
(-88.98623161 -49.44486089 2.194236575e-15)
(-93.16359514 -51.9306425 1.883796723e-15)
(-97.16852908 -54.32126975 1.438715458e-15)
(-100.9769047 -56.59336023 1.408343212e-15)
(-104.5724258 -58.73064935 8.551304494e-16)
(-107.9408611 -60.7185174 3.240017243e-16)
(-111.0635561 -62.53962693 5.739459031e-16)
(-113.9111477 -64.17170883 -8.491461238e-16)
(-116.4383704 -65.5881187 -1.194351624e-15)
(-118.5808488 -66.7610719 -9.789878049e-16)
(-120.2552207 -67.66616589 -7.990277779e-16)
(-121.3641888 -68.28581639 -1.985353698e-16)
(-121.8069149 -68.60914478 1.311547705e-16)
(-121.4920115 -68.62746905 1.594400958e-15)
(-120.3446794 -68.32907894 1.394287502e-15)
(-118.290183 -67.69075827 1.090818779e-15)
(-115.1923371 -66.64227086 8.317007925e-16)
(-110.7578616 -65.01095789 -2.113920952e-15)
(-104.3167744 -62.42454582 -2.29727762e-15)
(-94.36523189 -58.06458919 -4.818346494e-15)
(-78.82087204 -50.63976451 -3.132642001e-15)
(-59.18768982 -40.35674518 -4.153564765e-16)
(-41.45137549 -29.68494215 -3.017002508e-16)
(-26.25177717 -19.37319911 4.626180684e-16)
(-14.22781241 -10.57747934 2.444156825e-16)
(-6.311334021 -4.644940001 4.326175488e-16)
(-2.504144112 -1.792905674 -1.527049688e-16)
(-1.176474156 -0.797565982 -2.094394387e-17)
(-0.7848161629 -0.5111908685 -7.991924486e-16)
(-0.6640097541 -0.4330916955 -3.08271536e-16)
(-0.6145554888 -0.4090614897 -5.959676851e-16)
(-0.5848865329 -0.3985060142 3.329355851e-17)
(-0.5622873742 -0.3914480177 -4.281966262e-17)
(-0.5433463804 -0.3853902679 -8.126063951e-18)
(-0.5267829482 -0.3795626896 -1.67446028e-15)
(-0.5118293023 -0.3735978386 -1.587563834e-15)
(-0.4978830988 -0.3672441565 -2.515870834e-15)
(-0.4844311535 -0.3603058268 -1.374831812e-15)
(-0.4710254611 -0.3526277791 -8.548571206e-16)
(-0.4572635348 -0.3440860749 -1.080434188e-15)
(-0.4427603922 -0.3345729797 -8.176513522e-16)
(-0.4271072326 -0.3239719031 -6.124198099e-16)
(-0.4098200675 -0.3121201965 -7.015938248e-16)
(-0.3903058012 -0.2987669078 -2.740534454e-16)
(-0.3679300499 -0.2835576663 -7.000144158e-16)
(-0.3423613159 -0.2661330508 -3.657409951e-16)
(-0.3143616736 -0.2465125602 -3.376912377e-16)
(-0.2865576848 -0.2259170402 5.782997217e-16)
(-0.2619850045 -0.2065461231 1.884691212e-15)
)
;
    }
    outlet
    {
        type            calculated;
        value           uniform (0 0 0);
    }
    front
    {
        type            wedge;
    }
    back
    {
        type            wedge;
    }
}


// ************************************************************************* //
