/*--------------------------------*- C++ -*----------------------------------*\
| =========                 |                                                 |
| \\      /  F ield         | OpenFOAM: The Open Source CFD Toolbox           |
|  \\    /   O peration     | Version:  v1706                                 |
|   \\  /    A nd           | Web:      www.OpenFOAM.com                      |
|    \\/     M anipulation  |                                                 |
\*---------------------------------------------------------------------------*/
FoamFile
{
    version     2.0;
    format      ascii;
    class       volVectorField;
    location    "0.00072";
    object      wallShearStress;
}
// * * * * * * * * * * * * * * * * * * * * * * * * * * * * * * * * * * * * * //

dimensions      [1 -1 -2 0 0 0 0];


internalField   uniform (0 0 0);

boundaryField
{
    inlet
    {
        type            calculated;
        value           uniform (0 0 0);
    }
    object
    {
        type            calculated;
        value           nonuniform List<vector> 
300
(
(-5.44324071 -0.8723655738 1.66303987e-15)
(-5.1360621 -1.423784919 -4.694517804e-15)
(-5.138710861 -2.193613177 -1.872885977e-15)
(-5.122930206 -2.989245821 6.407767039e-16)
(-5.106381742 -3.784457918 2.769300035e-14)
(-5.092383975 -4.571345739 4.906663341e-14)
(-5.083159869 -5.346768344 5.765926411e-14)
(-5.080517614 -6.109515466 7.114624737e-14)
(-5.085909613 -6.859392374 9.403811734e-14)
(-5.100438494 -7.596803422 7.680469186e-14)
(-5.124878212 -8.322510852 5.499126518e-14)
(-5.159712653 -9.037475695 4.030794629e-14)
(-5.205184191 -9.74274767 3.148271516e-14)
(-5.261344794 -10.43938914 2.927731471e-14)
(-5.328104312 -11.12842405 2.931520867e-14)
(-5.405272909 -11.81080564 2.08303041e-14)
(-5.492596293 -12.48739805 1.789439295e-14)
(-5.589783616 -13.15896793 8.455641972e-15)
(-5.696528549 -13.82618294 4.304807272e-15)
(-5.812524554 -14.48961492 6.644971236e-15)
(-5.93747544 -15.14974612 1.007187732e-14)
(-6.071101986 -15.80697671 3.731463163e-15)
(-6.213145838 -16.4616332 -3.086317601e-15)
(-6.363371453 -17.11397733 -9.459847847e-15)
(-6.521566262 -17.76421374 -1.21072051e-14)
(-6.687540356 -18.41249858 -3.679116325e-15)
(-6.86112507 -19.0589458 2.482427512e-15)
(-7.042171841 -19.70363461 9.655263444e-15)
(-7.230550411 -20.34661458 1.383086107e-14)
(-7.426147338 -20.98791118 9.41248885e-15)
(-7.628864916 -21.62753075 1.025736444e-14)
(-7.838619512 -22.26546431 1.076386603e-14)
(-8.055341238 -22.90169194 1.095377025e-14)
(-8.278972661 -23.53618565 9.70118581e-15)
(-8.509469004 -24.1689136 6.986697386e-15)
(-8.746797638 -24.79984231 7.402574796e-15)
(-8.990938684 -25.42894082 8.304541075e-15)
(-9.241885236 -26.05618319 8.878982646e-15)
(-9.499644278 -26.68155214 1.128646927e-14)
(-9.764237508 -27.30504244 9.048963037e-15)
(-10.0357023 -27.92666458 9.86785636e-15)
(-10.31409256 -28.5464488 5.789423653e-15)
(-10.59947888 -29.16444894 8.454930735e-15)
(-10.89194819 -29.78074687 4.437789092e-15)
(-11.19160142 -30.39545583 3.278239599e-15)
(-11.498549 -31.00872319 4.350515513e-15)
(-11.81290335 -31.62073165 7.03978716e-15)
(-12.13476697 -32.23169703 8.557044953e-15)
(-12.46421559 -32.84186031 9.335362138e-15)
(-12.80127817 -33.4514739 1.023326182e-14)
(-13.14591459 -34.06077585 9.284828677e-15)
(-13.49799994 -34.66995666 9.55462012e-15)
(-13.85732233 -35.27912068 1.047430454e-14)
(-14.22359734 -35.88825702 1.256555859e-14)
(-14.59649042 -36.49722873 1.104781711e-14)
(-14.97563897 -37.10577437 9.342384454e-15)
(-15.36067297 -37.71351697 8.707816748e-15)
(-15.75123395 -38.31998126 8.725067551e-15)
(-16.14699041 -38.92461419 9.667089478e-15)
(-16.54764994 -39.52681057 1.281234373e-14)
(-16.95296451 -40.12593572 1.501192054e-14)
(-17.36273511 -40.72135112 1.267535105e-14)
(-17.7768091 -41.31243352 1.04548299e-14)
(-18.19507758 -41.89859347 8.520765335e-15)
(-18.61746927 -42.47928744 7.472146925e-15)
(-19.04394441 -43.05402747 6.986947712e-15)
(-19.47448843 -43.62238779 7.344205841e-15)
(-19.90910485 -44.18400537 6.610708955e-15)
(-20.34781028 -44.73858123 5.816292662e-15)
(-20.79062951 -45.28587734 4.06925765e-15)
(-21.23759157 -45.82571315 4.372698082e-15)
(-21.68872715 -46.35796199 7.404825383e-15)
(-22.14406567 -46.88254423 1.007197621e-14)
(-22.6036339 -47.39942193 1.014648946e-14)
(-23.06745613 -47.90859425 7.471412335e-15)
(-23.5355533 -48.41009255 4.245585601e-15)
(-24.00794221 -48.90397309 2.505105957e-15)
(-24.48463855 -49.39031485 2.163979708e-15)
(-24.96565756 -49.86921565 2.934882872e-15)
(-25.45101641 -50.34078918 3.648107637e-15)
(-25.94073907 -50.80516359 3.702663534e-15)
(-26.43486244 -51.26248229 3.182385982e-15)
(-26.93344605 -51.71290845 2.738406266e-15)
(-27.43658459 -52.1566309 1.916150883e-15)
(-27.94442612 -52.59388028 1.494536135e-15)
(-28.45718949 -53.02495181 8.253758473e-16)
(-28.97517547 -53.45023878 4.411061727e-16)
(-29.49875296 -53.87027019 2.439704182e-16)
(-30.02829829 -54.28571977 1.134808637e-15)
(-30.56409597 -54.69735678 7.198612917e-16)
(-31.10626129 -55.1059055 4.469495465e-16)
(-31.65474565 -55.51192166 -4.60212609e-17)
(-32.20939739 -55.91574547 -1.30451019e-16)
(-32.77002441 -56.3175347 2.706976484e-17)
(-33.33641338 -56.71732391 1.758835301e-15)
(-33.90831614 -57.11503422 9.496720401e-16)
(-34.48546524 -57.51046695 2.214093741e-15)
(-35.06762864 -57.90333758 9.855330419e-16)
(-35.65458791 -58.29337868 2.323392243e-16)
(-36.24604587 -58.68028289 -2.70861997e-16)
(-36.84162422 -59.06360797 -4.745692208e-16)
(-37.44102131 -59.44274881 -7.324428496e-16)
(-38.04403692 -59.81726349 -5.969145766e-16)
(-38.65034221 -60.18672493 -6.99088686e-16)
(-39.25951688 -60.55053311 -8.788513551e-16)
(-39.87134675 -60.90792828 -3.457392471e-16)
(-40.48586627 -61.25859014 2.586002221e-16)
(-41.10284431 -61.60234637 9.452714799e-16)
(-41.72210124 -61.93854958 3.394694274e-16)
(-42.34417589 -62.26702157 1.314435954e-16)
(-42.96965574 -62.58856097 9.958568446e-16)
(-43.59833649 -62.9038027 2.937533904e-15)
(-44.23032983 -63.21217586 1.382734373e-15)
(-44.8665996 -63.51499925 1.162693989e-15)
(-45.50646514 -63.81299076 3.25414908e-15)
(-46.15056807 -64.10442188 3.890749726e-15)
(-46.79998652 -64.39416784 3.959169997e-15)
(-47.45246544 -64.67672571 3.592683576e-15)
(-48.11685776 -64.95388663 3.100704036e-15)
(-48.7942587 -65.24480321 1.564920559e-15)
(-49.45973606 -65.52376827 1.548687663e-15)
(-50.12009411 -65.78176656 2.472768471e-15)
(-50.78310726 -66.0271473 2.219536067e-15)
(-51.44708939 -66.26358304 2.343487955e-15)
(-52.11207868 -66.49199898 1.69772213e-15)
(-52.7780966 -66.71270384 -4.557921458e-16)
(-53.44514039 -66.9257302 -3.062453226e-16)
(-54.11321291 -67.13100374 -1.644688699e-15)
(-54.78235464 -67.32844188 -1.408867498e-15)
(-55.45266804 -67.51804101 -1.12335776e-15)
(-56.12431761 -67.69992101 -8.541576672e-16)
(-56.79751861 -67.87433032 -7.077938215e-16)
(-57.47251656 -68.04164467 -1.20444912e-16)
(-58.1495553 -68.20231599 3.183542803e-16)
(-58.82885801 -68.35683084 1.377085769e-15)
(-59.5105998 -68.50565578 1.810962943e-15)
(-60.19489362 -68.64919035 1.736274165e-15)
(-60.8817829 -68.7877245 1.52227141e-15)
(-61.57124172 -68.92142609 9.44255628e-16)
(-62.26317574 -69.05032421 9.881423625e-16)
(-62.95743121 -69.1743125 8.173190713e-16)
(-63.65380666 -69.29316587 6.796199764e-16)
(-64.35206916 -69.40656258 5.310625072e-16)
(-65.05196832 -69.51411537 4.078146588e-16)
(-65.7532527 -69.61540136 -1.473669963e-15)
(-66.45568912 -69.71000564 -1.064710413e-15)
(-67.15907607 -69.79755272 -1.151980372e-15)
(-67.86324837 -69.8777389 -1.040452219e-15)
(-68.56808507 -69.95034566 -1.622956142e-15)
(-69.27350882 -70.01526301 -1.518568786e-15)
(-69.97947884 -70.07247486 -1.287908028e-15)
(-70.68598472 -70.12205698 -1.774673795e-15)
(-71.39303741 -70.16415632 -1.729784064e-15)
(-72.10065745 -70.19896721 -1.378764522e-15)
(-72.80886726 -70.22670704 -1.990091807e-15)
(-73.51768131 -70.24758945 -2.033607269e-15)
(-74.22710222 -70.26180646 -2.005215903e-15)
(-74.93711751 -70.26951561 -1.932534835e-15)
(-75.64769716 -70.27082139 -1.530346632e-15)
(-76.35879633 -70.26578283 -1.318013594e-15)
(-77.07035895 -70.25441373 -1.457142897e-15)
(-77.78231949 -70.23668986 -1.073964882e-15)
(-78.494608 -70.21255854 -7.379700018e-16)
(-79.20715443 -70.18195474 -9.068891085e-16)
(-79.91988798 -70.14480771 -8.655383901e-16)
(-80.6327439 -70.10105261 -1.263615417e-15)
(-81.34565691 -70.05063432 -1.842631226e-15)
(-82.05856967 -69.99351373 -3.038878809e-15)
(-82.77142732 -69.92966731 -2.221060574e-15)
(-83.48417807 -69.85909093 -1.990544917e-15)
(-84.1967721 -69.78178535 -1.907380088e-15)
(-84.90916359 -69.69776859 -1.795806852e-15)
(-85.62130382 -69.6070683 -5.817590687e-16)
(-86.3331428 -69.50971001 -9.33245068e-16)
(-87.04462925 -69.40572297 -6.412332043e-16)
(-87.75570954 -69.29512705 -3.274850268e-16)
(-88.46633321 -69.17794524 -4.483802392e-16)
(-89.17644608 -69.05419299 -5.573315946e-16)
(-89.88599695 -68.9238848 -1.640551863e-15)
(-90.59493323 -68.78703222 -1.384456256e-15)
(-91.30320223 -68.6436458 -1.276554477e-15)
(-92.01075489 -68.49373584 -9.456508736e-16)
(-92.71753821 -68.33731057 -4.245574245e-16)
(-93.42350246 -68.17438098 -6.331244725e-16)
(-94.1285979 -68.00495722 -6.730213465e-16)
(-94.83277367 -67.82904996 -5.778478007e-16)
(-95.53598167 -67.64667207 -1.019753097e-15)
(-96.23817078 -67.45783534 -1.368052289e-15)
(-96.93929292 -67.26255106 -1.101755516e-15)
(-97.63929799 -67.06083659 -9.310547595e-16)
(-98.33813714 -66.85270274 -6.989447547e-16)
(-99.03576243 -66.63816564 -6.693795484e-16)
(-99.73212504 -66.41724177 -6.416711453e-16)
(-100.4271764 -66.18994427 -7.692685571e-16)
(-101.1208694 -65.95629351 -8.038283925e-16)
(-101.8131554 -65.71630146 -1.32071939e-15)
(-102.5039986 -65.47000001 -1.226788337e-15)
(-103.1933118 -65.21744988 -1.15247965e-15)
(-103.8810511 -64.95897838 -1.115524293e-15)
(-104.5778127 -64.75457298 -1.058740375e-15)
(-108.0706024 -62.7630646 -9.499400198e-16)
(-109.7263544 -62.37119287 -1.22061085e-16)
(-110.6951238 -62.60541904 -4.123226853e-15)
(-111.4562894 -63.02705559 -1.291441931e-15)
(-112.1346602 -63.45835731 -4.508624972e-16)
(-112.7601944 -63.85230116 3.80137307e-17)
(-113.3363892 -64.20071666 -1.228539757e-15)
(-113.8625262 -64.50621519 -1.95519429e-15)
(-114.3403737 -64.77545262 -1.657880277e-15)
(-114.7752636 -65.01693096 -5.065672663e-16)
(-115.1749983 -65.23920442 -1.614833264e-15)
(-115.5481091 -65.44941731 -2.880978199e-15)
(-115.9024187 -65.65265237 -2.004148626e-15)
(-116.2442493 -65.851999 -3.039461449e-15)
(-116.5781152 -66.04892085 -2.122764747e-15)
(-116.9068193 -66.24371874 -1.743188618e-15)
(-117.2317619 -66.43598534 -1.518093293e-15)
(-117.5533882 -66.62506114 -1.848412349e-15)
(-117.871745 -66.81049892 -2.365851101e-15)
(-118.1869927 -66.99240535 -2.930358958e-15)
(-118.4997419 -67.1715683 -1.273046751e-15)
(-118.8112371 -67.34940302 -2.510943656e-15)
(-119.1232783 -67.52770198 -3.557293108e-15)
(-119.4380118 -67.70833817 -2.97801781e-15)
(-119.7576877 -67.89301061 -2.112502532e-15)
(-120.0843697 -68.08304249 -3.050752248e-15)
(-120.4197618 -68.27931674 -2.680276967e-15)
(-120.7650906 -68.48228294 -1.392616992e-15)
(-121.1210614 -68.69201089 -2.2952222e-15)
(-121.4879255 -68.90830744 -2.69249572e-15)
(-121.8655977 -69.13084851 -2.776924662e-15)
(-122.2537744 -69.35931492 -3.505672265e-15)
(-122.6521359 -69.59357453 -4.685624808e-15)
(-123.0604865 -69.83379115 -3.2475248e-15)
(-123.4788555 -70.08045317 -3.284116198e-15)
(-123.9075297 -70.33428467 -3.632741341e-15)
(-124.3469227 -70.59601496 -3.341991556e-15)
(-124.7974156 -70.86615066 -2.884075033e-15)
(-125.2591317 -71.1447649 -3.105895849e-15)
(-125.7317901 -71.43142132 -3.633459291e-15)
(-126.2146817 -71.72523919 -2.778546723e-15)
(-126.7066743 -72.02501238 -2.801290024e-15)
(-127.2063393 -72.32940132 -3.313006125e-15)
(-127.712082 -72.63709457 -3.438606046e-15)
(-128.2222598 -72.94691509 -3.486037489e-15)
(-128.7353207 -73.25790329 -3.153017028e-15)
(-129.2498726 -73.56932952 -2.929394036e-15)
(-129.764702 -73.88064852 -3.191948855e-15)
(-130.2788076 -74.19146844 -3.847329185e-15)
(-130.791348 -74.50147446 -2.756707348e-15)
(-131.3016029 -74.81037715 -2.951761836e-15)
(-131.8089645 -75.11789053 -3.481267883e-15)
(-132.3128557 -75.42367888 -4.448680346e-15)
(-132.8127384 -75.72736362 -3.225038713e-15)
(-133.3080803 -76.02851798 -4.263192411e-15)
(-133.7983176 -76.32665836 -3.336911366e-15)
(-134.282879 -76.62127899 -3.518792264e-15)
(-134.7612046 -76.91188838 -4.462799068e-15)
(-135.2327447 -77.19804028 -3.510432789e-15)
(-135.6970279 -77.4794179 -4.030351758e-15)
(-136.1536758 -77.75587661 -4.069046518e-15)
(-136.60244 -78.02747448 -3.466739176e-15)
(-137.0432512 -78.29446297 -3.601038183e-15)
(-137.4761696 -78.55716997 -4.122351157e-15)
(-137.9013614 -78.81588194 -4.283966777e-15)
(-138.3189871 -79.07069085 -3.664543173e-15)
(-138.7291208 -79.32141874 -2.67142525e-15)
(-139.131728 -79.56765421 -2.017865841e-15)
(-139.5266262 -79.80883693 -2.532868653e-15)
(-139.913546 -80.04443058 -3.349893318e-15)
(-140.2921882 -80.27406377 -3.823503064e-15)
(-140.6622744 -80.49759296 -3.677964246e-15)
(-141.0236306 -80.71511157 -3.478033097e-15)
(-141.3762171 -80.92687613 -3.683552847e-15)
(-141.7200912 -81.13318085 -4.171311211e-15)
(-142.0554073 -81.33429462 -4.850313045e-15)
(-142.3823479 -81.53040664 -3.855036879e-15)
(-142.7010955 -81.72163811 -3.415194403e-15)
(-143.0118508 -81.90809556 -3.387718039e-15)
(-143.3147966 -82.08987416 -3.582512899e-15)
(-143.610126 -82.26708334 -4.32015984e-15)
(-143.8980337 -82.43983829 -4.654802593e-15)
(-144.1786865 -82.60823595 -4.833010877e-15)
(-144.4522523 -82.77237131 -3.763734453e-15)
(-144.7189075 -82.93234766 -3.881180147e-15)
(-144.9788126 -83.08825972 -3.551735101e-15)
(-145.2321454 -83.24021411 -4.827574333e-15)
(-145.4790673 -83.38830694 -4.063176123e-15)
(-145.7197233 -83.53262476 -3.925642978e-15)
(-145.9542763 -83.67327086 -3.683736385e-15)
(-146.1828756 -83.81034607 -3.303172971e-15)
(-146.4056927 -83.94397066 -3.883704387e-15)
(-146.6228875 -84.07425993 -3.126266676e-15)
(-146.8346079 -84.20131853 -3.361259651e-15)
(-147.0410206 -84.32525847 -2.938866895e-15)
(-147.2422764 -84.44617311 -2.533373948e-15)
(-147.4385361 -84.56415379 -2.759658428e-15)
(-147.6299585 -84.6792852 -3.129972099e-15)
(-147.8166682 -84.79162983 -2.833208908e-15)
(-147.9955401 -84.90653356 -2.741745855e-15)
)
;
    }
    outlet
    {
        type            calculated;
        value           uniform (0 0 0);
    }
    front
    {
        type            wedge;
    }
    back
    {
        type            wedge;
    }
}


// ************************************************************************* //
