/*--------------------------------*- C++ -*----------------------------------*\
| =========                 |                                                 |
| \\      /  F ield         | OpenFOAM: The Open Source CFD Toolbox           |
|  \\    /   O peration     | Version:  v1706                                 |
|   \\  /    A nd           | Web:      www.OpenFOAM.com                      |
|    \\/     M anipulation  |                                                 |
\*---------------------------------------------------------------------------*/
FoamFile
{
    version     2.0;
    format      ascii;
    class       volScalarField;
    location    "0.00072";
    object      wallHeatFlux;
}
// * * * * * * * * * * * * * * * * * * * * * * * * * * * * * * * * * * * * * //

dimensions      [1 0 -3 0 0 0 0];


internalField   uniform 0;

boundaryField
{
    inlet
    {
        type            calculated;
        value           uniform 0;
    }
    object
    {
        type            calculated;
        value           nonuniform List<scalar> 
300
(
638153.6476
639478.2218
639953.0935
640206.825
640345.6269
640409.3531
640418.2551
640384.4749
640316.0483
640218.6149
640096.2683
639952.0304
639788.1423
639606.2664
639407.6249
639193.1053
638963.3413
638718.7766
638459.7108
638186.3362
637898.7746
637597.0898
637281.3061
636951.4331
636607.4514
636249.3493
635877.0962
635490.6777
635090.0707
634675.2558
634246.2244
633802.9633
633345.4723
632873.7398
632387.7696
631887.5481
631373.0715
630844.3218
630301.2734
629743.8857
629172.1001
628585.8357
627984.9794
627369.3909
626738.8883
626093.2452
625432.1963
624755.4414
624062.6434
623353.4704
622627.5967
621884.7642
621124.8134
620347.7088
619553.5602
618742.6284
617915.3056
617072.1152
616213.6797
615340.7226
614454.0033
613554.3393
612642.542
611719.4261
610785.7706
609842.312
608889.7452
607928.6888
606959.7037
605983.2776
604999.8265
604009.7098
603013.2111
602010.547
601001.8864
599987.3496
598966.9877
597940.823
596908.8321
595870.9463
594827.0548
593776.9933
592720.543
591657.3887
590587.1053
589509.0951
588422.535
587326.3447
586219.1758
585099.5925
583966.2772
582818.248
581654.8833
580475.8444
579281.0006
578070.4072
576844.3226
575603.1908
574347.4204
573077.5898
571794.5982
570499.6211
569193.5161
567877.2575
566552.2328
565219.9944
563881.1489
562536.2531
561186.7315
559832.5195
558471.7371
557103.4924
555728.9628
554344.7123
552950.0752
551547.9221
550127.3775
548701.8524
547254.1982
545749.8831
544276.1188
542836.9599
541402.1711
539967.7405
538532.0698
537094.5794
535655.213
534214.1231
532771.4721
531327.2107
529881.0048
528432.2196
526979.9156
525522.9737
524060.2264
522590.5204
521112.8693
519626.5555
518131.1563
516626.5811
515113.0757
513591.1906
512061.7531
510525.7657
508984.3325
507438.5853
505889.6004
504338.2738
502785.321
501231.2076
499676.1592
498120.1711
496563.0552
495004.4771
493444.0303
491881.2826
490315.8332
488747.3498
487175.6035
485600.4704
484021.9356
482440.0746
480855.0444
479267.0479
477676.2932
476083.0167
474487.4142
472889.6636
471289.902
469688.2489
468084.7907
466479.5817
464872.6572
463264.0547
461653.8023
460041.9292
458428.4841
456813.5018
455197.0372
453579.1406
451959.8603
450339.2652
448717.4042
447094.3378
445470.1252
443844.8182
442218.4782
440591.1503
438962.8971
437333.76
435703.7907
434073.0438
432441.5633
430809.3975
429176.5927
427543.1944
425909.2504
424274.8488
422640.095
421009.6528
418267.7274
416849.204
415167.1279
413176.6596
411080.502
409022.4337
407082.7363
405298.1636
403673.2815
402189.6245
400816.2933
399519.7286
398270.5439
397046.7356
395834.1814
394625.8187
393419.9399
392217.8542
391021.575
389831.6125
388645.5007
387457.5093
386259.1033
385040.2167
383790.7055
382501.4945
381165.4686
379777.8127
378335.8715
376838.9649
375287.8018
373683.6984
372027.7982
370320.1446
368559.2976
366742.5292
364866.4757
362928.3395
360926.8498
358863.0156
356740.3353
354564.4031
352342.3139
350081.8545
347790.6616
345475.7997
343143.4813
340798.9084
338446.4349
336089.6418
333731.6184
331375.2258
329023.2769
326678.6905
324344.5611
322024.0906
319720.675
317437.7814
315178.7142
312946.4158
310743.0422
308569.7704
306426.7905
304313.4924
302229.0429
300172.8947
298145.3494
296147.8107
294182.5651
292252.3683
290359.8182
288506.7376
286694.0324
284921.7327
283189.2379
281495.7312
279840.3354
278222.2659
276640.8467
275095.4074
273585.3031
272109.896
270668.4861
269260.4242
267885.0806
266541.8009
265229.9753
263948.9517
262698.0807
261476.7276
260284.2086
259119.8492
257982.9004
256872.5997
255788.2148
254729.0142
253694.331
252683.5573
251696.07
250731.3547
)
;
    }
    outlet
    {
        type            calculated;
        value           uniform 0;
    }
    front
    {
        type            wedge;
    }
    back
    {
        type            wedge;
    }
}


// ************************************************************************* //
