/*--------------------------------*- C++ -*----------------------------------*\
| =========                 |                                                 |
| \\      /  F ield         | OpenFOAM: The Open Source CFD Toolbox           |
|  \\    /   O peration     | Version:  v1706                                 |
|   \\  /    A nd           | Web:      www.OpenFOAM.com                      |
|    \\/     M anipulation  |                                                 |
\*---------------------------------------------------------------------------*/
FoamFile
{
    version     2.0;
    format      ascii;
    class       volVectorField;
    location    "0.00154";
    object      wallShearStress;
}
// * * * * * * * * * * * * * * * * * * * * * * * * * * * * * * * * * * * * * //

dimensions      [1 -1 -2 0 0 0 0];


internalField   uniform (0 0 0);

boundaryField
{
    inlet
    {
        type            calculated;
        value           nonuniform 0();
    }
    object
    {
        type            calculated;
        value           nonuniform List<vector> 
204
(
(-11.66847556 -31.91698779 -1.229081937e-16)
(-11.73473871 -31.94535485 1.129020966e-17)
(-11.79566528 -31.96653361 1.403760962e-16)
(-11.84606626 -31.97981031 6.911878577e-16)
(-11.88730635 -31.99425397 -2.408110538e-16)
(-11.92067769 -32.02096779 -6.479339269e-17)
(-11.94993992 -32.06405026 9.658396245e-17)
(-11.97732566 -32.11835743 1.225647505e-16)
(-12.00433885 -32.17983941 -4.157900708e-18)
(-12.03100675 -32.2460032 -1.692068881e-16)
(-12.05878189 -32.3151008 8.065187124e-16)
(-12.08757824 -32.38739077 1.605618625e-15)
(-12.11657934 -32.46216672 2.003786101e-15)
(-12.14636011 -32.53867652 1.449577556e-15)
(-12.17621756 -32.61726763 7.977794259e-16)
(-12.20679643 -32.69706505 5.270398104e-16)
(-12.2376048 -32.7786853 -2.845294771e-17)
(-12.26929721 -32.86135264 9.794880859e-17)
(-12.30156169 -32.94571169 1.343066623e-16)
(-12.33429702 -33.03145563 1.798010234e-16)
(-12.36745718 -33.11869745 1.040092105e-17)
(-12.40101407 -33.2070721 1.35924107e-16)
(-12.43511895 -33.29677291 5.465507562e-16)
(-12.46954531 -33.38801389 6.066688533e-16)
(-12.50417124 -33.48015085 1.573380111e-16)
(-12.5398715 -33.57323474 1.031944996e-16)
(-12.5758872 -33.66848202 4.766061312e-17)
(-12.61179834 -33.76493533 1.484456039e-16)
(-12.64796895 -33.86196717 4.942489401e-16)
(-12.68534889 -33.95980772 2.636479643e-16)
(-12.72311145 -34.05987872 -1.319133062e-17)
(-12.76071919 -34.16105007 -4.958308656e-16)
(-12.79933496 -34.26282205 -2.54067203e-16)
(-12.83834527 -34.36646061 -2.233803796e-16)
(-12.87760633 -34.47118926 -5.857543764e-17)
(-12.91734584 -34.57719611 -2.486777194e-17)
(-12.95750891 -34.68448514 -3.869630156e-17)
(-12.99808383 -34.79299067 -4.149974056e-16)
(-13.03909969 -34.90270752 -1.560276976e-16)
(-13.0805795 -35.01366854 -1.621146524e-17)
(-13.12253515 -35.12590509 3.493105045e-17)
(-13.16497337 -35.23944092 -1.36849276e-16)
(-13.20790602 -35.35429233 2.918701825e-16)
(-13.25134446 -35.4704914 -2.590806256e-16)
(-13.2952924 -35.58806489 -5.266798968e-17)
(-13.33975146 -35.70702987 -1.983500293e-17)
(-13.38472714 -35.82740602 3.976591231e-17)
(-13.43022618 -35.94921291 4.109789426e-16)
(-13.47625666 -36.07247221 2.07817937e-16)
(-13.52282746 -36.19720621 -1.809285395e-16)
(-13.56994847 -36.32343941 -1.448359135e-17)
(-13.61763276 -36.45120306 -1.469485973e-16)
(-13.66589376 -36.58052742 -6.484164781e-17)
(-13.71474248 -36.7114441 7.675030996e-18)
(-13.76419689 -36.84398786 4.119228261e-17)
(-13.81426695 -36.97819369 1.134878066e-16)
(-13.86496905 -37.11409117 9.365741443e-17)
(-13.91631636 -37.25172231 3.286671614e-16)
(-13.96833274 -37.39111913 1.52568175e-16)
(-14.02103094 -37.53233162 1.189583296e-16)
(-14.07443737 -37.67538916 1.198659307e-17)
(-14.12859523 -37.82035833 6.781392618e-17)
(-14.18351061 -37.96732192 9.822925094e-17)
(-14.23906517 -38.11639719 -9.539820314e-17)
(-14.29492011 -38.26743216 2.277055444e-18)
(-14.3518432 -38.42005933 6.575968195e-17)
(-14.40960969 -38.5750354 2.449720044e-16)
(-14.46886215 -38.73199608 2.141940839e-16)
(-14.52892277 -38.8920466 1.090458882e-16)
(-14.5897319 -39.05451539 2.278513236e-16)
(-14.65165225 -39.21954609 1.506819954e-16)
(-14.7146214 -39.38740962 2.93231306e-17)
(-14.77913762 -39.55809248 9.631925254e-17)
(-14.84482094 -39.73228909 1.556848052e-16)
(-14.91161287 -39.9097846 1.144986932e-17)
(-14.98032303 -40.09058293 1.210316572e-16)
(-15.05101586 -40.27559718 3.193547451e-16)
(-15.1233726 -40.46541801 4.100211767e-16)
(-15.19758328 -40.65992626 2.339728988e-16)
(-15.27406319 -40.85957539 9.820684322e-17)
(-15.35308658 -41.06494163 1.292868302e-16)
(-15.43491369 -41.27664167 1.478718302e-16)
(-15.51982849 -41.49532802 5.746950283e-16)
(-15.60819859 -41.72174997 3.028668448e-16)
(-15.70045966 -41.95680777 1.826061877e-16)
(-15.79709964 -42.20154571 3.023005568e-16)
(-15.89862728 -42.45713501 1.574822485e-16)
(-16.00564086 -42.72489724 6.059675997e-17)
(-16.11859223 -43.00637937 1.48611336e-17)
(-16.23785376 -43.30300092 -1.85734049e-16)
(-16.36350784 -43.61581369 -2.731799996e-16)
(-16.4984192 -43.94536145 -1.45688121e-16)
(-16.64374074 -44.29625607 -3.34269981e-16)
(-16.80034088 -44.67109215 -4.601702464e-16)
(-16.96965274 -45.07344614 -1.484775783e-16)
(-17.15303834 -45.5073379 -2.358035101e-17)
(-17.35360758 -45.97626933 3.264247646e-17)
(-17.5739491 -46.48651335 2.144292994e-16)
(-17.81991288 -47.04476899 2.307737918e-16)
(-18.09546853 -47.66256633 1.553899555e-16)
(-18.4131205 -48.3503695 1.739349951e-16)
(-18.78447418 -49.13202588 2.361314955e-16)
(-19.24820179 -50.02554021 2.659536678e-16)
(-19.9013353 -51.05826946 1.753372887e-16)
(-20.81260238 -52.05897721 2.310415706e-16)
(-21.69099702 -53.00058751 1.510765133e-16)
(-22.58232244 -53.82329751 1.377233068e-16)
(-23.49297698 -54.52413219 1.803666736e-16)
(-24.41031406 -55.1143771 1.230907453e-16)
(-25.33159483 -55.60926697 8.122976455e-17)
(-26.26088638 -56.02326425 5.63544015e-17)
(-27.19287517 -56.37868622 1.357801178e-16)
(-28.11944507 -56.67818938 -1.255093269e-16)
(-29.03907191 -56.9234697 1.129480939e-16)
(-29.9579476 -57.11505014 1.047557314e-16)
(-30.87793182 -57.26730794 1.717935207e-16)
(-31.79452582 -57.38492345 2.089494215e-16)
(-32.70265607 -57.46851409 1.762362628e-16)
(-33.60080411 -57.51139608 8.648742842e-17)
(-34.49522139 -57.51358009 -1.032118474e-16)
(-35.39042947 -57.48993008 5.805215328e-17)
(-36.27920693 -57.44096003 1.308757473e-16)
(-37.15744112 -57.36541948 1.894046974e-16)
(-38.02358098 -57.25343118 1.115792623e-16)
(-38.88396207 -57.11519662 7.305380838e-17)
(-39.73557527 -56.93738372 9.900229284e-17)
(-40.6227573 -56.75704736 5.67296941e-17)
(-41.49426334 -56.56982461 1.814382222e-16)
(-42.3371352 -56.35459439 1.814355166e-16)
(-43.16270279 -56.1072188 1.036853885e-16)
(-43.9786809 -55.83264779 9.474261514e-17)
(-44.78654804 -55.5372327 -2.175284405e-17)
(-45.58165455 -55.22177359 4.395593569e-17)
(-46.36223054 -54.87983859 3.588745614e-17)
(-47.13293447 -54.51695184 1.1653529e-16)
(-47.89021827 -54.13434274 3.319781146e-16)
(-48.63857593 -53.73284816 2.341754239e-16)
(-49.37199892 -53.30593051 3.391061285e-16)
(-50.09432082 -52.86660726 1.088655451e-16)
(-50.79822434 -52.40520411 1.506835726e-16)
(-51.48761796 -51.92210089 3.808636536e-17)
(-52.16519125 -51.42282295 9.601068556e-17)
(-52.82964611 -50.91066467 1.357908461e-16)
(-53.47733475 -50.38139805 1.516025496e-16)
(-54.10917429 -49.83268024 3.17432209e-16)
(-54.72719918 -49.26771083 2.640301715e-16)
(-55.33269613 -48.69003699 2.424800362e-16)
(-55.92426244 -48.10255097 7.737396385e-17)
(-56.49969162 -47.50050499 5.884667974e-17)
(-57.05949058 -46.8856312 2.333067826e-16)
(-57.60349089 -46.25437441 2.075465878e-16)
(-58.13600669 -45.61341375 1.363405648e-16)
(-58.65596168 -44.96473049 1.514294489e-16)
(-59.16118158 -44.30885535 1.497409399e-16)
(-59.65009205 -43.6401863 1.274664378e-17)
(-60.12621738 -42.96366022 5.342909353e-17)
(-60.58752497 -42.27944242 1.440273113e-16)
(-61.03408262 -41.58436566 3.274179226e-16)
(-61.4687807 -40.88400374 2.565785514e-16)
(-61.88912996 -40.17740473 1.998406332e-16)
(-62.29575182 -39.46305596 2.582895808e-16)
(-62.68971591 -38.74445345 2.430858713e-16)
(-63.0692968 -38.01785229 1.470891809e-16)
(-63.43684975 -37.28809722 2.039416555e-16)
(-63.79054517 -36.55106421 2.15797741e-16)
(-64.13321457 -35.81201811 1.859952644e-16)
(-64.46255763 -35.07074726 1.218528157e-16)
(-64.7775609 -34.32143066 9.226360474e-17)
(-65.08292862 -33.57120953 1.048868097e-16)
(-65.37565429 -32.82062343 1.892121975e-16)
(-65.65436411 -32.0632288 1.657733848e-16)
(-65.92365911 -31.30576953 1.575666844e-16)
(-66.18036637 -30.54784526 1.311866045e-16)
(-66.42385912 -29.78618193 1.558588535e-16)
(-66.65642712 -29.02209435 1.433251196e-16)
(-66.87897023 -28.25837969 1.184000989e-16)
(-67.09030207 -27.49579879 1.677708706e-16)
(-67.2891547 -26.73036129 1.631855472e-16)
(-67.47767559 -25.96419425 1.528665256e-16)
(-67.65576908 -25.19817209 8.146071799e-17)
(-67.82344773 -24.43236058 7.657328206e-17)
(-67.98088598 -23.66711786 1.151803746e-16)
(-68.12812979 -22.9023589 1.086153029e-16)
(-68.26542059 -22.13852349 7.793642172e-17)
(-68.39277142 -21.37550041 9.923870371e-17)
(-68.5104161 -20.61366361 1.026745429e-16)
(-68.61839676 -19.85292065 2.390197049e-17)
(-68.7169475 -19.09361147 5.669958696e-17)
(-68.8061974 -18.33562318 -2.419561305e-17)
(-68.88641962 -17.57946674 -1.550360336e-17)
(-68.95758611 -16.8249144 2.69593564e-18)
(-69.02007939 -16.07238043 -1.99929947e-18)
(-69.07398377 -15.32188525 2.651738065e-18)
(-69.11950014 -14.57375402 3.674785308e-17)
(-69.15673522 -13.82789037 5.298493954e-17)
(-69.18598068 -13.08466426 6.055208427e-17)
(-69.20728644 -12.34400481 6.416133199e-17)
(-69.22090012 -11.6062091 2.193248829e-17)
(-69.22691633 -10.87113852 1.764586427e-17)
(-69.22563528 -10.13915986 2.705535746e-17)
(-69.21710491 -9.410127759 5.24895165e-17)
(-69.20162964 -8.684435712 4.086630334e-17)
(-69.17972469 -7.961908336 6.161336941e-17)
(-69.38753341 -7.317719229 5.857145889e-17)
)
;
    }
    outlet
    {
        type            calculated;
        value           uniform (0 0 0);
    }
    front
    {
        type            wedge;
    }
    back
    {
        type            wedge;
    }
    procBoundary3to1
    {
        type            processor;
        value           uniform (0 0 0);
    }
    procBoundary3to2
    {
        type            processor;
        value           uniform (0 0 0);
    }
}


// ************************************************************************* //
