/*--------------------------------*- C++ -*----------------------------------*\
| =========                 |                                                 |
| \\      /  F ield         | OpenFOAM: The Open Source CFD Toolbox           |
|  \\    /   O peration     | Version:  v1706                                 |
|   \\  /    A nd           | Web:      www.OpenFOAM.com                      |
|    \\/     M anipulation  |                                                 |
\*---------------------------------------------------------------------------*/
FoamFile
{
    version     2.0;
    format      ascii;
    class       volVectorField;
    location    "0.00219";
    object      wallShearStress;
}
// * * * * * * * * * * * * * * * * * * * * * * * * * * * * * * * * * * * * * //

dimensions      [1 -1 -2 0 0 0 0];


internalField   uniform (0 0 0);

boundaryField
{
    inlet
    {
        type            calculated;
        value           nonuniform 0();
    }
    object
    {
        type            calculated;
        value           nonuniform List<vector> 
204
(
(-6.288526465 -17.19921822 -0.1536119271)
(-6.339643817 -17.25565407 -0.1557824682)
(-6.388235705 -17.30984786 -0.1579766747)
(-6.43088789 -17.36176415 -0.1602085978)
(-6.468656862 -17.41657885 -0.1625425924)
(-6.505352224 -17.48262677 -0.1649142351)
(-6.539905996 -17.55744484 -0.1672995335)
(-6.573540697 -17.63768292 -0.1696980502)
(-6.607160529 -17.72149065 -0.1721092076)
(-6.641153688 -17.8079919 -0.1745322473)
(-6.675668169 -17.89674522 -0.1769662913)
(-6.710754571 -17.98750893 -0.1794103859)
(-6.746427031 -18.08013639 -0.1818637451)
(-6.782688279 -18.17453416 -0.1843255273)
(-6.819538379 -18.27063888 -0.186794773)
(-6.856977779 -18.36840805 -0.1892707596)
(-6.895007969 -18.46781356 -0.1917524554)
(-6.933632366 -18.56884006 -0.1942390426)
(-6.972855168 -18.67147953 -0.1967295734)
(-7.012681619 -18.7757312 -0.1992233861)
(-7.05311936 -18.88160104 -0.2017195266)
(-7.094176045 -18.98909934 -0.2042171528)
(-7.135860639 -19.09824031 -0.2067154568)
(-7.178182792 -19.20904248 -0.2092136301)
(-7.221153902 -19.32152838 -0.2117108156)
(-7.264785061 -19.43572228 -0.214206033)
(-7.309089389 -19.55165274 -0.2166986721)
(-7.3540794 -19.66934883 -0.2191880152)
(-7.399769775 -19.78884498 -0.2216731229)
(-7.446175542 -19.9101763 -0.2241533249)
(-7.493312192 -20.03338032 -0.2266277998)
(-7.541195939 -20.15849669 -0.2290958063)
(-7.58984462 -20.28556895 -0.2315566367)
(-7.639276146 -20.41464078 -0.2340095407)
(-7.689509286 -20.54575922 -0.2364537898)
(-7.74056415 -20.67897396 -0.2388886116)
(-7.792461173 -20.81433579 -0.2413135697)
(-7.845221988 -20.95189905 -0.2437279028)
(-7.898868676 -21.09171887 -0.2461309521)
(-7.953424983 -21.2338548 -0.2485222325)
(-8.008915175 -21.3783676 -0.2509008187)
(-8.065364708 -21.52532105 -0.2532662138)
(-8.122799391 -21.67478018 -0.2556179161)
(-8.181247291 -21.82681534 -0.2579551577)
(-8.240737331 -21.98149876 -0.2602776107)
(-8.301298686 -22.13890366 -0.2625846983)
(-8.362962904 -22.29910907 -0.2648759214)
(-8.425762327 -22.46219616 -0.2671505854)
(-8.489730967 -22.62824967 -0.2694084167)
(-8.554904116 -22.79735729 -0.2716489274)
(-8.621317957 -22.96961017 -0.2738717141)
(-8.689012195 -23.14510624 -0.2760762164)
(-8.75802671 -23.32394513 -0.278261937)
(-8.828403273 -23.50623054 -0.2804285249)
(-8.900187013 -23.69207353 -0.2825757841)
(-8.973423204 -23.8815864 -0.2847032189)
(-9.048160122 -24.07488834 -0.2868106028)
(-9.124448809 -24.2721054 -0.288897633)
(-9.202343377 -24.47336951 -0.290963725)
(-9.281899235 -24.67881739 -0.293008912)
(-9.363175895 -24.88859414 -0.2950327399)
(-9.446235081 -25.10285138 -0.2970352277)
(-9.531142491 -25.32174842 -0.2990158943)
(-9.617968379 -25.54545503 -0.3009745481)
(-9.706783999 -25.77414495 -0.3029111304)
(-9.797667995 -26.00800838 -0.3048255483)
(-9.890701484 -26.24724009 -0.3067176165)
(-9.985972001 -26.49205038 -0.3085870782)
(-10.08357217 -26.74266134 -0.310434001)
(-10.18360012 -26.99930745 -0.3122581717)
(-10.28616139 -27.26223873 -0.3140597481)
(-10.39136637 -27.53171777 -0.3158384282)
(-10.49933649 -27.80803037 -0.3175943587)
(-10.61020025 -28.09147958 -0.3193273797)
(-10.72409614 -28.38238813 -0.3210377723)
(-10.84117198 -28.6811017 -0.32272538)
(-10.96159036 -28.98799695 -0.3243904052)
(-11.08552465 -29.30347369 -0.3260330178)
(-11.21316493 -29.62796787 -0.3276531788)
(-11.34471846 -29.96195145 -0.3292510323)
(-11.48040977 -30.30593344 -0.3308267515)
(-11.62048846 -30.6604761 -0.3323803818)
(-11.76522601 -31.02618552 -0.3339124088)
(-11.91492682 -31.40373637 -0.335423)
(-12.06992651 -31.79386671 -0.3369123677)
(-12.2306027 -32.19739843 -0.3383808813)
(-12.39737619 -32.61523947 -0.3398287293)
(-12.57072751 -33.04841545 -0.3412563569)
(-12.75120284 -33.49807526 -0.3426640684)
(-12.93942587 -33.96551595 -0.344052312)
(-13.13612259 -34.45222521 -0.3454216155)
(-13.34214191 -34.95991404 -0.3467726136)
(-13.55848898 -35.49056968 -0.3481056172)
(-13.78636718 -36.04652158 -0.3494214485)
(-14.02723947 -36.63053149 -0.3507207183)
(-14.28292368 -37.2459363 -0.3520042736)
(-14.55571517 -37.89680818 -0.3532729352)
(-14.84859517 -38.58822801 -0.3545277985)
(-15.16556247 -39.32668374 -0.3557696351)
(-15.51219888 -40.1206618 -0.3569998876)
(-15.89678986 -40.98154961 -0.3582196824)
(-16.33308286 -41.92462118 -0.3594295262)
(-16.84982728 -42.96763171 -0.3606258799)
(-17.54040227 -44.11211116 -0.3617908579)
(-18.44218766 -45.17167312 -0.3614833643)
(-19.22413325 -46.07692264 -0.360763215)
(-20.00405727 -46.83681349 -0.3600026502)
(-20.8039044 -47.4683387 -0.3591996542)
(-21.61958692 -48.0023613 -0.3583534893)
(-22.44684296 -48.46109511 -0.3574639166)
(-23.28225405 -48.8598818 -0.3565314917)
(-24.12329822 -49.20911385 -0.3555567067)
(-24.96815851 -49.51580237 -0.3545403936)
(-25.81550808 -49.784708 -0.3534836916)
(-26.66432899 -50.01910687 -0.352387746)
(-27.51378946 -50.22129954 -0.3512538652)
(-28.36317304 -50.39295632 -0.3500832673)
(-29.21182531 -50.53532485 -0.3488772167)
(-30.05913368 -50.64938333 -0.347637213)
(-30.90450702 -50.73592369 -0.3463646164)
(-31.74736949 -50.79561184 -0.345060748)
(-32.58716347 -50.82903651 -0.3437272357)
(-33.42333341 -50.83672246 -0.3423654101)
(-34.2553481 -50.81916608 -0.3409768622)
(-35.08267078 -50.77682281 -0.3395628983)
(-35.90478679 -50.71014421 -0.3381249551)
(-36.72119877 -50.61956977 -0.3366644444)
(-37.5314118 -50.50552933 -0.3351829865)
(-38.33495615 -50.36845665 -0.3336818853)
(-39.13137171 -50.2087827 -0.3321624503)
(-39.92024089 -50.0269555 -0.3306263737)
(-40.70118024 -49.82341012 -0.3290748516)
(-41.47406695 -49.5985567 -0.3275091894)
(-42.24224426 -49.34693108 -0.3259310168)
(-43.05083611 -49.09828656 -0.3243450775)
(-43.83505774 -48.84178872 -0.3227503297)
(-44.59040689 -48.56017298 -0.3211468582)
(-45.33154705 -48.25551926 -0.3195360327)
(-46.05995427 -47.9300093 -0.3179190003)
(-46.7760851 -47.58427022 -0.3162968972)
(-47.47997747 -47.2188941 -0.3146707261)
(-48.17149859 -46.83449322 -0.3130418248)
(-48.85046165 -46.4316921 -0.3114111788)
(-49.51665588 -46.01110382 -0.309779752)
(-50.16988449 -45.57333473 -0.3081487831)
(-50.80996049 -45.11897665 -0.3065189269)
(-51.43670328 -44.64860098 -0.3048913128)
(-52.04995507 -44.16276973 -0.3032668811)
(-52.64958871 -43.662048 -0.3016467102)
(-53.23550012 -43.14700175 -0.3000312961)
(-53.80759598 -42.61818536 -0.2984217425)
(-54.36580526 -42.07615153 -0.2968187821)
(-54.91008123 -41.52145722 -0.2952231537)
(-55.440351 -40.95467641 -0.293635563)
(-55.9565969 -40.37633938 -0.2920569803)
(-56.45883054 -39.78697679 -0.290487743)
(-56.94707067 -39.18710967 -0.2889288191)
(-57.42133937 -38.57724891 -0.2873810066)
(-57.88168022 -37.95790044 -0.285844677)
(-58.32813933 -37.32955995 -0.2843203265)
(-58.76077843 -36.69271246 -0.2828088003)
(-59.17966861 -36.04783433 -0.2813105318)
(-59.58488506 -35.39538682 -0.2798260073)
(-59.97651711 -34.73582215 -0.2783556917)
(-60.35466046 -34.06958114 -0.2769000814)
(-60.71941477 -33.39708843 -0.2754598351)
(-61.07089088 -32.71876281 -0.274035074)
(-61.4092041 -32.03500557 -0.272626419)
(-61.73447211 -31.34620668 -0.2712342109)
(-62.0468215 -30.65274578 -0.2698587892)
(-62.34638463 -29.95499052 -0.2685004695)
(-62.63329562 -29.25329839 -0.2671598707)
(-62.9076966 -28.54801096 -0.2658369525)
(-63.16973042 -27.83946597 -0.2645322322)
(-63.41954233 -27.12798195 -0.2632456889)
(-63.65728654 -26.41387297 -0.2619778934)
(-63.88311234 -25.69744048 -0.2607290288)
(-64.09717849 -24.97897453 -0.2594992962)
(-64.29964115 -24.25875835 -0.2582891419)
(-64.49066416 -23.53706104 -0.2570984391)
(-64.67041129 -22.81414938 -0.2559274049)
(-64.83904816 -22.0902749 -0.2547764513)
(-64.99673473 -21.36567903 -0.2536457014)
(-65.14364531 -20.64059801 -0.2525349765)
(-65.27994722 -19.9152609 -0.2514447213)
(-65.40580831 -19.18988408 -0.2503750478)
(-65.52140251 -18.46467729 -0.2493260571)
(-65.62690022 -17.73984493 -0.2482978363)
(-65.72247367 -17.01557914 -0.247290762)
(-65.80829865 -16.29206799 -0.2463045951)
(-65.88454391 -15.56949277 -0.2453394451)
(-65.9513799 -14.84802372 -0.2443956456)
(-66.0089826 -14.12782445 -0.2434729391)
(-66.0575239 -13.40905542 -0.242571729)
(-66.09717683 -12.69187068 -0.2416920211)
(-66.1281112 -11.97641054 -0.24083387)
(-66.15049666 -11.26281727 -0.2399970268)
(-66.16450681 -10.55122094 -0.2391818762)
(-66.17031006 -9.841752502 -0.2383883965)
(-66.16807495 -9.134527095 -0.2376166415)
(-66.15797 -8.429663688 -0.2368666567)
(-66.14016416 -7.72728649 -0.2361384769)
(-66.11549678 -7.027661672 -0.2354324412)
(-66.31200866 -6.401362787 -0.234748257)
)
;
    }
    outlet
    {
        type            calculated;
        value           uniform (0 0 0);
    }
    front
    {
        type            wedge;
    }
    back
    {
        type            wedge;
    }
    procBoundary3to1
    {
        type            processor;
        value           uniform (0 0 0);
    }
    procBoundary3to2
    {
        type            processor;
        value           uniform (0 0 0);
    }
}


// ************************************************************************* //
