/*--------------------------------*- C++ -*----------------------------------*\
| =========                 |                                                 |
| \\      /  F ield         | OpenFOAM: The Open Source CFD Toolbox           |
|  \\    /   O peration     | Version:  v1706                                 |
|   \\  /    A nd           | Web:      www.OpenFOAM.com                      |
|    \\/     M anipulation  |                                                 |
\*---------------------------------------------------------------------------*/
FoamFile
{
    version     2.0;
    format      ascii;
    class       volVectorField;
    location    "0.00247";
    object      wallShearStress;
}
// * * * * * * * * * * * * * * * * * * * * * * * * * * * * * * * * * * * * * //

dimensions      [1 -1 -2 0 0 0 0];


internalField   uniform (0 0 0);

boundaryField
{
    inlet
    {
        type            calculated;
        value           nonuniform 0();
    }
    object
    {
        type            calculated;
        value           nonuniform List<vector> 
196
(
(-0.3871864443 -0.1908997768 -7.147987197e-15)
(-0.367164838 -0.3125026465 -2.127130114e-14)
(-0.3696097458 -0.4839440921 -3.721478941e-14)
(-0.3715069287 -0.663298287 -2.380996569e-14)
(-0.3739348056 -0.8451480283 -2.065580379e-14)
(-0.3769732609 -1.028035814 2.391954881e-15)
(-0.3806273742 -1.211392634 1.200879277e-14)
(-0.3848932309 -1.394937633 1.331480625e-14)
(-0.3897663003 -1.578506366 1.774480276e-14)
(-0.3952427336 -1.761988874 1.113951382e-14)
(-0.4013194667 -1.945303785 1.223296551e-14)
(-0.4079941005 -2.128386251 3.755697028e-15)
(-0.4152647613 -2.311181953 -6.846470676e-16)
(-0.4231299773 -2.4936439 7.561084778e-17)
(-0.4315885793 -2.675730672 -8.580467225e-16)
(-0.4406396204 -2.857405405 -2.913579945e-15)
(-0.450282317 -3.038635222 -7.23865181e-15)
(-0.4605159955 -3.219390799 -1.067230163e-14)
(-0.4713400569 -3.399646193 -1.865754013e-14)
(-0.4827539418 -3.579378591 -2.092996395e-14)
(-0.494757109 -3.758568225 -2.627800831e-14)
(-0.5073490148 -3.937198204 -2.431707633e-14)
(-0.5205290988 -4.115254407 -1.735537712e-14)
(-0.5342967735 -4.292725364 -9.038647297e-15)
(-0.5486514154 -4.469602118 -4.485849494e-15)
(-0.5635923601 -4.645878084 -1.294920794e-15)
(-0.5791188991 -4.82154893 -2.898072279e-17)
(-0.5952302801 -4.996612438 -7.884997474e-17)
(-0.6119257006 -5.171068296 7.242001462e-17)
(-0.6292043189 -5.344918039 -1.56608002e-15)
(-0.6470652475 -5.518164831 1.001533704e-16)
(-0.6655075581 -5.690813324 1.37106142e-15)
(-0.6845302876 -5.862869538 9.967702812e-16)
(-0.7041324356 -6.034340669 -3.287629963e-16)
(-0.7243129731 -6.205234987 -1.635533545e-15)
(-0.7450708415 -6.375561662 -3.050027258e-17)
(-0.7664049584 -6.545330657 -7.202959582e-17)
(-0.7883142166 -6.714552555 1.822783243e-16)
(-0.810797494 -6.883238515 6.81137584e-16)
(-0.8338536453 -7.051400043 2.324103354e-15)
(-0.8574815096 -7.219048963 2.501495586e-16)
(-0.8816799139 -7.386197313 1.878542114e-16)
(-0.9064476666 -7.552857193 -3.265907855e-16)
(-0.9317835605 -7.719040681 1.420186001e-16)
(-0.9576863782 -7.884759821 1.352766217e-15)
(-0.9841548764 -8.050026412 6.501155233e-16)
(-1.011187804 -8.214852078 -3.998547004e-17)
(-1.038783879 -8.379248067 4.36659666e-16)
(-1.066941807 -8.543225301 -5.262643473e-16)
(-1.095660263 -8.706794236 -3.021830655e-16)
(-1.124937897 -8.869964818 8.912017155e-17)
(-1.15477333 -9.032746555 1.702209402e-15)
(-1.18516515 -9.195148267 1.286791525e-15)
(-1.216111885 -9.357178039 9.873313446e-16)
(-1.247612099 -9.518843877 3.206163867e-15)
(-1.279664203 -9.680152234 8.537345237e-16)
(-1.312266669 -9.84110967 -1.403088003e-17)
(-1.345417842 -10.0017215 -1.553891255e-15)
(-1.379116096 -10.16199284 -1.52614197e-15)
(-1.413359642 -10.32192726 -3.784345408e-16)
(-1.448146806 -10.48152876 1.134161072e-16)
(-1.483475697 -10.64079941 2.042652098e-16)
(-1.519344472 -10.79974131 5.294499995e-16)
(-1.555751202 -10.95835559 1.640548234e-16)
(-1.592693892 -11.11664275 -2.532546726e-17)
(-1.630170539 -11.27460276 -5.934114336e-16)
(-1.668179039 -11.43223463 -1.388863687e-15)
(-1.706717322 -11.58953724 -8.723621925e-16)
(-1.745783171 -11.74650818 -4.452730444e-16)
(-1.78537434 -11.90314473 -4.366222571e-16)
(-1.825488664 -12.05944449 -1.436905954e-15)
(-1.866123772 -12.21540331 -7.672781507e-16)
(-1.907277348 -12.37101739 -8.629356094e-16)
(-1.948947064 -12.52628246 -4.162976032e-17)
(-1.99113049 -12.68119361 1.105513118e-16)
(-2.033825213 -12.83574578 -1.667023539e-16)
(-2.077028825 -12.98993384 6.963156662e-16)
(-2.120738772 -13.14375178 1.392410126e-16)
(-2.164952665 -13.29719448 4.178951603e-16)
(-2.209667975 -13.45025586 2.159743919e-16)
(-2.254882148 -13.60292976 7.380372259e-16)
(-2.300592751 -13.75521053 6.637773213e-16)
(-2.346797145 -13.90709163 5.335682425e-16)
(-2.393492862 -14.05856737 5.833624493e-17)
(-2.440677315 -14.2096314 2.534353171e-16)
(-2.488347968 -14.36027784 8.412637655e-16)
(-2.536502224 -14.51050055 2.341641032e-16)
(-2.585137579 -14.66029392 2.264421853e-17)
(-2.634251437 -14.80965218 4.342603078e-17)
(-2.68384117 -14.95856927 -1.927878938e-17)
(-2.733904315 -15.10704029 1.831757527e-16)
(-2.784438148 -15.2550591 -1.973610224e-16)
(-2.835440242 -15.40262127 -5.962424182e-16)
(-2.886907847 -15.54972082 -6.210775721e-16)
(-2.938838403 -15.69635308 -1.022628553e-15)
(-2.991229352 -15.84251344 -6.952096175e-17)
(-3.044078046 -15.98819707 -3.194423532e-16)
(-3.097381755 -16.13339888 1.052089998e-16)
(-3.15113797 -16.27811511 2.574031921e-19)
(-3.20534381 -16.42234037 2.649211603e-16)
(-3.259996774 -16.56607125 5.098489897e-17)
(-3.315094084 -16.70930329 3.868973326e-16)
(-3.370632963 -16.85203211 5.668044278e-17)
(-3.426610589 -16.99425331 6.332080332e-17)
(-3.483024268 -17.13596352 -3.019526745e-16)
(-3.539871166 -17.27715851 -1.574026593e-16)
(-3.597148267 -17.41783372 -5.58833732e-17)
(-3.654852833 -17.55798578 -1.192014371e-16)
(-3.712981742 -17.69761012 1.362080235e-15)
(-3.771532209 -17.83670334 9.115279992e-16)
(-3.830501014 -17.97526074 1.03949107e-15)
(-3.889885053 -18.11327798 1.264565875e-15)
(-3.949681436 -18.25075195 4.781908253e-16)
(-4.009886665 -18.3876771 -2.385005153e-16)
(-4.070497485 -18.52404902 -3.834275017e-16)
(-4.131510744 -18.65986403 -1.190471093e-15)
(-4.192923012 -18.79511734 -2.024964481e-15)
(-4.254730786 -18.92980389 -7.475487783e-16)
(-4.316930619 -19.06391904 7.954921099e-16)
(-4.379518786 -19.19745739 4.794183049e-16)
(-4.442491765 -19.33041418 1.644124665e-16)
(-4.505845755 -19.46278405 1.451640518e-16)
(-4.569576926 -19.59456134 7.308723655e-17)
(-4.63368127 -19.72573998 -4.427941693e-17)
(-4.698155017 -19.85631504 2.841810077e-16)
(-4.762994003 -19.98628016 1.181373362e-17)
(-4.828194098 -20.11562925 -5.582475687e-16)
(-4.89375095 -20.24435539 -2.084428765e-15)
(-4.959660432 -20.37245299 -1.263063233e-15)
(-5.025917837 -20.49991417 -1.642691808e-16)
(-5.09251891 -20.62673313 -1.396962405e-16)
(-5.159458882 -20.75290209 5.81424986e-17)
(-5.226733057 -20.87841391 1.262307836e-16)
(-5.294336629 -21.00326101 8.956999903e-17)
(-5.362264621 -21.12743575 2.233683809e-17)
(-5.430512054 -21.25093028 2.494321567e-16)
(-5.499073851 -21.37373677 -9.235757008e-17)
(-5.567944614 -21.49584637 1.272230108e-17)
(-5.637118904 -21.6172504 -4.691643557e-17)
(-5.706591541 -21.73794118 3.755109488e-17)
(-5.776356522 -21.85790855 2.899864724e-16)
(-5.846408235 -21.97714374 1.163068303e-16)
(-5.91674086 -22.0956376 -2.117978512e-16)
(-5.987348292 -22.21338034 -1.320447238e-17)
(-6.05822463 -22.3303626 -2.914484419e-16)
(-6.12936299 -22.44657272 -9.637758678e-17)
(-6.20075744 -22.56200179 3.198634035e-17)
(-6.27240124 -22.67663904 2.537211423e-16)
(-6.344287485 -22.79047307 1.703518339e-16)
(-6.416409329 -22.90349297 3.63645593e-17)
(-6.488759559 -23.01568702 8.005766276e-19)
(-6.561331009 -23.12704384 -3.901511397e-18)
(-6.634116052 -23.23755116 -2.63295026e-16)
(-6.707106891 -23.34719612 -3.59567187e-17)
(-6.780295922 -23.45596696 -2.350851288e-16)
(-6.853674767 -23.56384995 8.736775905e-17)
(-6.927235142 -23.67083155 2.641285781e-18)
(-7.0009682 -23.77689744 -3.628804072e-16)
(-7.074865479 -23.88203442 -7.017171736e-17)
(-7.148917611 -23.98622711 -1.024912339e-17)
(-7.223115255 -24.08946041 3.276186592e-17)
(-7.297448311 -24.19171755 3.84990276e-16)
(-7.371907048 -24.29298326 1.252828488e-16)
(-7.446481063 -24.39324068 1.067305958e-17)
(-7.521159297 -24.49247152 4.344689139e-16)
(-7.5959309 -24.5906583 1.103528752e-16)
(-7.670783939 -24.68778155 1.566204948e-16)
(-7.745706227 -24.78382089 6.988683447e-16)
(-7.820685618 -24.87875728 9.571631429e-16)
(-7.895708617 -24.97256799 1.057133936e-15)
(-7.970761462 -25.06523021 9.850947561e-16)
(-8.045829405 -25.15671948 9.614526738e-16)
(-8.120898111 -25.24701295 7.719492053e-16)
(-8.195951288 -25.33608317 3.028214534e-16)
(-8.270972009 -25.42390189 1.246041265e-16)
(-8.345942839 -25.51044001 2.593293014e-17)
(-8.420844684 -25.59566568 -2.174912931e-16)
(-8.495657519 -25.67954518 -2.172473579e-16)
(-8.570360191 -25.76204337 -6.930514715e-17)
(-8.644929577 -25.84312114 4.284911479e-18)
(-8.719340821 -25.92273648 7.547356588e-17)
(-8.793566913 -26.00084365 4.885223965e-17)
(-8.867579478 -26.07739553 6.879572214e-17)
(-8.941346084 -26.15233707 2.10208088e-16)
(-9.014831631 -26.22560919 9.237618899e-17)
(-9.087996953 -26.29714601 4.069557997e-16)
(-9.160798361 -26.36687482 3.120831955e-16)
(-9.233186265 -26.43471316 1.650308193e-16)
(-9.30510356 -26.50056693 5.732752423e-17)
(-9.376484994 -26.56433044 -2.299703467e-16)
(-9.447252705 -26.62587881 -2.644726574e-16)
(-9.517314058 -26.68506683 -1.027999056e-16)
(-9.586555543 -26.74172081 -4.472805347e-17)
(-9.654835508 -26.79563205 -2.114931867e-16)
(-9.721969137 -26.84654061 -1.113430817e-16)
(-9.787703822 -26.89412116 -2.518008236e-17)
)
;
    }
    outlet
    {
        type            calculated;
        value           nonuniform 0();
    }
    front
    {
        type            wedge;
    }
    back
    {
        type            wedge;
    }
    procBoundary1to0
    {
        type            processor;
        value           uniform (0 0 0);
    }
    procBoundary1to2
    {
        type            processor;
        value           uniform (0 0 0);
    }
    procBoundary1to3
    {
        type            processor;
        value           uniform (0 0 0);
    }
}


// ************************************************************************* //
