/*--------------------------------*- C++ -*----------------------------------*\
| =========                 |                                                 |
| \\      /  F ield         | OpenFOAM: The Open Source CFD Toolbox           |
|  \\    /   O peration     | Version:  v1706                                 |
|   \\  /    A nd           | Web:      www.OpenFOAM.com                      |
|    \\/     M anipulation  |                                                 |
\*---------------------------------------------------------------------------*/
FoamFile
{
    version     2.0;
    format      ascii;
    class       volVectorField;
    location    "0.00162";
    object      wallShearStress;
}
// * * * * * * * * * * * * * * * * * * * * * * * * * * * * * * * * * * * * * //

dimensions      [1 -1 -2 0 0 0 0];


internalField   uniform (0 0 0);

boundaryField
{
    inlet
    {
        type            calculated;
        value           nonuniform 0();
    }
    object
    {
        type            calculated;
        value           nonuniform List<vector> 
196
(
(-0.4335588734 -0.2055115429 -6.176689495e-15)
(-0.4139687521 -0.3462288874 -1.610199201e-14)
(-0.4169626563 -0.5422339406 -4.020971727e-14)
(-0.4189709844 -0.7453502143 -3.042081257e-14)
(-0.4215805309 -0.9507468716 -1.719985056e-14)
(-0.4248274306 -1.1569996 6.400262842e-15)
(-0.4286973855 -1.363518393 1.890569923e-14)
(-0.4331459031 -1.569936935 2.330019062e-14)
(-0.4382077224 -1.776006447 2.333029311e-14)
(-0.4438916534 -1.981577503 1.570421738e-14)
(-0.4502026131 -2.186539816 1.269263092e-14)
(-0.4571261426 -2.390798494 2.150592238e-15)
(-0.4646511165 -2.594261082 -1.740926227e-15)
(-0.4727605105 -2.796820396 -2.229425182e-17)
(-0.4814918762 -2.998391441 -3.172234984e-16)
(-0.4908650533 -3.198955535 -9.995986817e-16)
(-0.5008504112 -3.398476312 -5.548195053e-15)
(-0.5114637963 -3.596907724 -1.134012673e-14)
(-0.5227113862 -3.794235749 -1.634077266e-14)
(-0.5345954255 -3.990453078 -1.91132942e-14)
(-0.54711447 -4.185556977 -2.229177584e-14)
(-0.5602645636 -4.379543163 -1.94140034e-14)
(-0.5740586956 -4.572417715 -1.409338148e-14)
(-0.5885136852 -4.764211099 -9.072219556e-15)
(-0.6036041043 -4.954948867 -2.6522436e-15)
(-0.6193250827 -5.144638655 -3.116509685e-16)
(-0.6356962263 -5.333309702 -1.822199608e-17)
(-0.6527104984 -5.520998886 3.466058974e-17)
(-0.6703700146 -5.707736332 -4.571666197e-17)
(-0.6886712779 -5.893557642 -1.275210438e-15)
(-0.7076131677 -6.078497541 -1.292570156e-18)
(-0.7271928558 -6.262590598 1.58041238e-15)
(-0.7474097988 -6.445869036 8.095731238e-16)
(-0.7682660803 -6.628369418 -5.209909684e-16)
(-0.7897563016 -6.810128149 -1.641831563e-15)
(-0.8118779874 -6.99117682 -1.196535023e-16)
(-0.8346285007 -7.171546312 5.254447476e-17)
(-0.8580075007 -7.351267988 6.097968612e-17)
(-0.8820132062 -7.530373791 5.40782255e-16)
(-0.9066455171 -7.708894551 1.996597917e-15)
(-0.9319014187 -7.886860494 5.245248996e-16)
(-0.957778835 -8.064298583 6.538620687e-17)
(-0.9842750398 -8.241234183 -9.942730191e-19)
(-1.011387282 -8.417690826 4.058666274e-17)
(-1.039114317 -8.593691558 1.521931076e-15)
(-1.067455824 -8.769259435 1.437426658e-15)
(-1.096411023 -8.94441655 1.284561001e-16)
(-1.125978764 -9.119182908 6.105845977e-16)
(-1.156157511 -9.293576225 -8.901289776e-17)
(-1.186945136 -9.467611589 -2.66236525e-17)
(-1.218339308 -9.641301676 9.580385655e-17)
(-1.250338077 -9.814657615 3.851448715e-16)
(-1.282940047 -9.987689402 1.669075011e-15)
(-1.31614442 -10.16040608 1.394074156e-15)
(-1.349950491 -10.33281617 3.503761986e-15)
(-1.384356535 -10.50492525 1.337820611e-15)
(-1.419360314 -10.67673751 2.432550149e-17)
(-1.454959473 -10.84825488 -1.350522546e-15)
(-1.491152028 -11.01947894 -1.270421281e-15)
(-1.527936242 -11.19041005 -4.341345283e-16)
(-1.565310967 -11.36104968 -5.067318989e-16)
(-1.603274999 -11.53139791 1.636448134e-16)
(-1.64182687 -11.70145528 2.854131774e-16)
(-1.680964709 -11.87122159 3.703078716e-18)
(-1.720686656 -12.04069657 4.701782267e-18)
(-1.760991191 -12.20988049 -6.928509793e-16)
(-1.801877029 -12.37877397 -1.486969263e-15)
(-1.843343212 -12.54737881 -1.220014964e-15)
(-1.885388913 -12.71569668 -5.234107786e-16)
(-1.928013412 -12.88372997 -1.533044362e-16)
(-1.971215987 -13.05148224 -4.979774241e-16)
(-2.014995531 -13.2189558 -6.73026802e-16)
(-2.059351005 -13.38615386 2.044375535e-17)
(-2.1042815 -13.55307961 6.373130382e-17)
(-2.149786106 -13.71973599 2.763119606e-17)
(-2.195863953 -13.88612598 -3.1085684e-16)
(-2.242514151 -14.05225244 5.00778146e-16)
(-2.289735669 -14.21811713 -3.672058292e-17)
(-2.337527692 -14.3837225 2.322529284e-16)
(-2.385889232 -14.54906968 1.166534339e-16)
(-2.434819162 -14.71415932 7.090294828e-16)
(-2.48431631 -14.87899224 6.566400011e-16)
(-2.534379137 -15.04356783 3.18916088e-17)
(-2.585006237 -15.20788598 -1.658227402e-17)
(-2.636196096 -15.37194552 1.565304501e-16)
(-2.687947313 -15.53574542 5.348329596e-16)
(-2.740258438 -15.69928409 -4.192429743e-17)
(-2.793128095 -15.8625601 -1.87601739e-17)
(-2.846554756 -16.02557146 -4.353019674e-17)
(-2.900536812 -16.18831534 -8.379120285e-17)
(-2.955072759 -16.35078959 6.577482224e-17)
(-3.010160712 -16.51299001 -3.205785403e-16)
(-3.065798969 -16.67491344 -4.092266882e-16)
(-3.121985327 -16.83655418 -3.751205638e-16)
(-3.178717658 -16.99790702 -9.239739876e-16)
(-3.235993725 -17.15896602 -1.313384135e-16)
(-3.293811116 -17.31972423 -4.517008865e-16)
(-3.352167268 -17.48017369 1.768981616e-16)
(-3.411059821 -17.64030726 1.284623525e-16)
(-3.470486064 -17.80011575 -1.263738484e-17)
(-3.530443935 -17.95959287 -3.214441783e-17)
(-3.590930553 -18.11873812 -7.282090046e-17)
(-3.651909722 -18.27758355 8.082176295e-17)
(-3.713198141 -18.43595273 8.400992712e-17)
(-3.775337141 -18.59372267 -2.973250844e-16)
(-3.838079531 -18.75131778 -1.187534684e-16)
(-3.901247161 -18.90864617 -2.349855558e-16)
(-3.96477982 -19.06558791 -1.210848049e-16)
(-4.028789922 -19.22203049 6.489561795e-16)
(-4.093331088 -19.37800513 1.043531581e-15)
(-4.15838763 -19.53353047 1.527442798e-15)
(-4.22394292 -19.68860074 1.520972145e-15)
(-4.289987145 -19.84320655 4.948807171e-16)
(-4.356513187 -19.99733423 -5.03738082e-16)
(-4.423515768 -20.15097086 -8.132080484e-16)
(-4.490990406 -20.3041044 -1.711811497e-15)
(-4.558932397 -20.45672199 -2.770305164e-15)
(-4.627336779 -20.60881063 -1.520718218e-15)
(-4.696198415 -20.76035769 3.109175783e-16)
(-4.765511694 -20.91134952 2.336373162e-16)
(-4.835271177 -21.0617728 1.278448312e-16)
(-4.905470962 -21.21161319 7.675339019e-17)
(-4.976105733 -21.36085647 1.128218674e-16)
(-5.047168254 -21.50948898 1.096769095e-16)
(-5.118647853 -21.65752376 5.243499578e-16)
(-5.190402018 -21.80486511 2.042515676e-16)
(-5.262699574 -21.95137313 -2.512385757e-16)
(-5.335489533 -22.09730154 -1.301354472e-15)
(-5.408659058 -22.24261576 -9.469358359e-16)
(-5.482134393 -22.3872345 -2.542037903e-16)
(-5.555949804 -22.53106155 -3.174994084e-16)
(-5.63013259 -22.67409135 -1.307279768e-16)
(-5.704677775 -22.81631567 9.427630279e-17)
(-5.779573887 -22.95771568 1.027438596e-16)
(-5.854809077 -23.09826895 7.782048793e-17)
(-5.930372238 -23.23795138 -2.942717634e-17)
(-6.006251932 -23.37673801 1.345797104e-17)
(-6.082439562 -23.51460405 -4.044716522e-16)
(-6.158918953 -23.65152316 -3.897901019e-16)
(-6.235699538 -23.78747703 -9.194222655e-17)
(-6.312733242 -23.92245434 3.507842531e-16)
(-6.390023613 -24.05638666 3.269380726e-16)
(-6.467576466 -24.18927 6.383659035e-17)
(-6.545387746 -24.32111765 7.35380796e-17)
(-6.623280159 -24.45195571 -4.372564444e-16)
(-6.701029313 -24.58139206 -1.186640084e-16)
(-6.779677416 -24.70925646 4.355206199e-17)
(-6.8587072 -24.83650309 8.434777516e-17)
(-6.937679244 -24.96282571 1.192195893e-16)
(-7.016471689 -25.08795454 -1.518793439e-16)
(-7.095151269 -25.21152739 1.293856352e-16)
(-7.174411127 -25.33345027 9.417218092e-18)
(-7.25402623 -25.454293 -5.03511331e-16)
(-7.333607483 -25.57406968 -5.445344808e-16)
(-7.413076138 -25.69251596 -8.45048599e-16)
(-7.49240829 -25.80943375 -2.955221803e-16)
(-7.571744765 -25.92461789 -1.610734382e-16)
(-7.651560871 -26.03817983 -6.017159969e-16)
(-7.73130087 -26.15053725 -5.072820076e-16)
(-7.810758164 -26.26123252 -2.728256173e-16)
(-7.890462089 -26.37015954 4.974960023e-17)
(-7.969923924 -26.47766357 5.505108085e-16)
(-8.04919309 -26.58329352 2.588186615e-16)
(-8.128553911 -26.68713142 1.468163704e-16)
(-8.207615633 -26.78927021 6.873334764e-16)
(-8.286673079 -26.88942156 2.771248938e-16)
(-8.365462667 -26.98783896 1.440779791e-16)
(-8.44414119 -27.08423385 7.494304067e-16)
(-8.522559689 -27.17871961 1.062608676e-15)
(-8.601056975 -27.27118363 1.3795083e-15)
(-8.679116043 -27.36201539 1.379404965e-15)
(-8.756756615 -27.45070562 9.703064203e-16)
(-8.83405879 -27.53727999 9.680997849e-16)
(-8.91104065 -27.62169347 5.939236272e-16)
(-8.987715712 -27.70394616 2.589624751e-16)
(-9.064066335 -27.78405196 -1.502045422e-17)
(-9.140066161 -27.86200624 -4.411380582e-16)
(-9.215695015 -27.93780034 -6.178032466e-16)
(-9.290925592 -28.0114189 -4.259716986e-16)
(-9.365779759 -28.082875 -1.111054162e-16)
(-9.440054344 -28.15221353 3.810446443e-17)
(-9.513554353 -28.21907678 -7.146615941e-18)
(-9.587114179 -28.28336185 -5.864000905e-17)
(-9.659965372 -28.34570228 9.984120398e-17)
(-9.732569679 -28.4054811 9.016189228e-17)
(-9.804410307 -28.46322956 5.203400371e-16)
(-9.875533012 -28.51838892 4.094086893e-16)
(-9.945997476 -28.5710133 2.499748038e-16)
(-10.01561351 -28.62103485 1.157030425e-16)
(-10.08413665 -28.6681386 -1.851237805e-16)
(-10.15211087 -28.71209405 -3.738362951e-16)
(-10.21902477 -28.75317598 -9.271472915e-17)
(-10.28500452 -28.79090589 -9.292798378e-17)
(-10.34970413 -28.82551034 -3.566698493e-16)
(-10.41228567 -28.85641678 1.63190908e-17)
(-10.47327671 -28.88261657 5.141774545e-17)
)
;
    }
    outlet
    {
        type            calculated;
        value           nonuniform 0();
    }
    front
    {
        type            wedge;
    }
    back
    {
        type            wedge;
    }
    procBoundary1to0
    {
        type            processor;
        value           uniform (0 0 0);
    }
    procBoundary1to2
    {
        type            processor;
        value           uniform (0 0 0);
    }
    procBoundary1to3
    {
        type            processor;
        value           uniform (0 0 0);
    }
}


// ************************************************************************* //
