/*--------------------------------*- C++ -*----------------------------------*\
| =========                 |                                                 |
| \\      /  F ield         | OpenFOAM: The Open Source CFD Toolbox           |
|  \\    /   O peration     | Version:  v1706                                 |
|   \\  /    A nd           | Web:      www.OpenFOAM.com                      |
|    \\/     M anipulation  |                                                 |
\*---------------------------------------------------------------------------*/
FoamFile
{
    version     2.0;
    format      ascii;
    class       volVectorField;
    location    "0.00378";
    object      wallShearStress;
}
// * * * * * * * * * * * * * * * * * * * * * * * * * * * * * * * * * * * * * //

dimensions      [1 -1 -2 0 0 0 0];


internalField   uniform (0 0 0);

boundaryField
{
    inlet
    {
        type            calculated;
        value           uniform (0 0 0);
    }
    object
    {
        type            calculated;
        value           nonuniform List<vector> 
300
(
(-0.8856426399 -0.8403808043 -6.086720087e-14)
(-0.8414187257 -1.365359443 -4.540342516e-14)
(-0.855698725 -2.102791226 -3.191005504e-14)
(-0.8745810607 -2.866130571 -1.804404576e-14)
(-0.9004692444 -3.630217818 -2.548823577e-14)
(-0.9334892109 -4.387696485 -3.837187428e-14)
(-0.973620314 -5.135414785 -3.282375156e-14)
(-1.020833217 -5.871795226 -3.701823758e-14)
(-1.075096586 -6.596070162 -3.458591087e-14)
(-1.136373072 -7.307980051 -2.569861517e-14)
(-1.204616684 -8.007616834 -2.102145525e-14)
(-1.279772382 -8.695322448 -1.485133036e-14)
(-1.36177721 -9.371613 -1.078744193e-14)
(-1.450562321 -10.03711884 -4.311188483e-15)
(-1.546055278 -10.69253636 -1.29583228e-14)
(-1.648182287 -11.33859008 -8.44617891e-15)
(-1.756870148 -11.97600331 2.146658349e-16)
(-1.872047777 -12.60547656 4.201513321e-15)
(-1.993647325 -13.22767249 3.554113578e-15)
(-2.121604914 -13.84320606 3.508412449e-15)
(-2.25586103 -14.45263914 9.067341523e-15)
(-2.396360677 -15.05647828 5.98858043e-15)
(-2.543053347 -15.65517517 5.273218447e-16)
(-2.695892869 -16.24912866 1.806956712e-15)
(-2.854837218 -16.83868831 7.464385035e-16)
(-3.019848283 -17.4241586 2.71706773e-15)
(-3.190891669 -18.00580354 -2.049843426e-15)
(-3.367936512 -18.58385166 -4.146929939e-15)
(-3.550955388 -19.15850104 -3.034964527e-15)
(-3.739924224 -19.72992405 -2.435563506e-15)
(-3.934822277 -20.29827197 -1.023744894e-15)
(-4.135632148 -20.86367946 -1.791524267e-15)
(-4.342339722 -21.42626789 -3.009269515e-15)
(-4.554934312 -21.98615001 -3.117421396e-15)
(-4.773408381 -22.54343147 -1.663553145e-15)
(-4.997757267 -23.09821252 -4.247629602e-15)
(-5.227978802 -23.65059013 -4.619252907e-15)
(-5.464072598 -24.20065788 -2.833867486e-15)
(-5.706039036 -24.74850501 -3.071819372e-15)
(-5.953877986 -25.29421259 -3.067240666e-15)
(-6.207586751 -25.83784967 -3.252507534e-15)
(-6.467158812 -26.37947044 -5.262960871e-15)
(-6.732581923 -26.91910698 -3.461979898e-15)
(-7.003836735 -27.45676498 -2.921239505e-15)
(-7.280896111 -27.99241963 -2.138357154e-15)
(-7.563724582 -28.52601104 -1.418651776e-15)
(-7.852279976 -29.05744908 -7.732173287e-16)
(-8.146515572 -29.58661628 -7.772676714e-16)
(-8.446381539 -30.11337332 -1.794876616e-16)
(-8.751828727 -30.63757181 -1.460916378e-15)
(-9.062811518 -31.15906507 -1.446897565e-15)
(-9.379289343 -31.67771566 -1.596075518e-15)
(-9.701228916 -32.19340755 -7.31934121e-16)
(-10.02860579 -32.70605405 -6.721994411e-16)
(-10.36140321 -33.21559731 -1.27187921e-15)
(-10.69961102 -33.72200995 1.006791021e-16)
(-11.04322403 -34.22529174 1.112183411e-15)
(-11.39223753 -34.72545794 4.910945945e-16)
(-11.74664425 -35.22253195 1.729182653e-15)
(-12.10643037 -35.71653098 2.667499343e-15)
(-12.47157212 -36.20745299 1.190484934e-15)
(-12.84203558 -36.69527022 1.109276292e-15)
(-13.21777799 -37.17992527 1.851429583e-16)
(-13.59875109 -37.66133336 6.616126728e-16)
(-13.98490665 -38.13939588 4.663087465e-16)
(-14.37620439 -38.61401834 9.420426262e-16)
(-14.77261262 -39.08511732 -2.405168429e-17)
(-15.17411339 -39.55264249 -1.091912517e-15)
(-15.58070025 -40.01657768 -1.884413044e-15)
(-15.99237256 -40.47693614 -2.464947556e-15)
(-16.40912959 -40.93374865 -2.152363614e-15)
(-16.83096112 -41.38704203 -2.034437569e-15)
(-17.25784305 -41.83682293 -1.703235851e-15)
(-17.68973458 -42.28305894 -1.290899203e-15)
(-18.12658293 -42.72567755 -1.988073644e-15)
(-18.56833417 -43.1645834 -2.567318808e-15)
(-19.0149446 -43.59967871 -1.954822093e-15)
(-19.46639053 -44.03089294 -1.402716458e-15)
(-19.92267473 -44.45821128 -6.782791979e-16)
(-20.38382007 -44.88167489 -6.863776938e-16)
(-20.84985413 -45.30136217 1.543071068e-16)
(-21.32079392 -45.7173619 -2.149230462e-16)
(-21.79662796 -46.12972652 9.268236056e-17)
(-22.27730741 -46.53843522 -3.505801155e-16)
(-22.76275352 -46.94338662 2.721669766e-16)
(-23.25287661 -47.34442213 5.491028133e-16)
(-23.74760102 -47.74137607 1.218260663e-15)
(-24.24688449 -48.13413039 6.155755294e-16)
(-24.75072236 -48.52264659 3.94295044e-18)
(-25.25913066 -48.90695737 -3.407093814e-16)
(-25.77211782 -49.28712132 1.737258314e-17)
(-26.28966414 -49.66317043 4.70663164e-16)
(-26.81170928 -50.03506036 8.86066025e-16)
(-27.33816334 -50.40266949 1.910078163e-15)
(-27.86893833 -50.76584751 1.308384759e-15)
(-28.40397311 -51.12446704 4.16067521e-16)
(-28.9432418 -51.478464 4.492480036e-16)
(-29.48675273 -51.82785533 5.020735446e-16)
(-30.03452213 -52.172698 3.637268033e-16)
(-30.5865495 -52.51304172 -4.331303511e-16)
(-31.14280784 -52.84889362 1.909137592e-16)
(-31.70323975 -53.18020192 7.264104175e-16)
(-32.26777407 -53.50687416 1.020244548e-15)
(-32.83634603 -53.82881436 5.828780711e-16)
(-33.40891505 -54.14595234 4.775077494e-16)
(-33.98546883 -54.45826748 7.959410201e-16)
(-34.56603287 -54.76581021 2.072041797e-16)
(-35.15064065 -55.0686644 3.795268702e-16)
(-35.73930265 -55.36689487 1.483127603e-16)
(-36.33198372 -55.66049886 -2.31301318e-16)
(-36.92861491 -55.949401 -4.330005212e-16)
(-37.52911349 -56.2334799 4.248949404e-16)
(-38.13343376 -56.51265742 3.655008666e-16)
(-38.74158776 -56.78694597 3.576640698e-16)
(-39.3536108 -57.05641372 9.809319275e-16)
(-39.96954119 -57.32115035 5.940486365e-17)
(-40.5893864 -57.58120123 2.702708925e-16)
(-41.21311055 -57.8365368 7.030614661e-17)
(-41.84065798 -58.08709473 -6.057280651e-16)
(-42.47198812 -58.33283155 -5.464262607e-16)
(-43.10702001 -58.57364689 -1.284944227e-15)
(-43.74568782 -58.80944614 -2.457037386e-16)
(-44.38798271 -59.04021843 -6.324105496e-16)
(-45.03392156 -59.2660052 -1.06143724e-15)
(-45.68351147 -59.48680613 -7.537793901e-16)
(-46.33692607 -59.70281217 -1.524536922e-15)
(-46.99458118 -59.91451718 -1.355364923e-15)
(-47.65755111 -60.12260218 -1.655236248e-15)
(-48.33130731 -60.33406111 -1.347426655e-15)
(-49.01104281 -60.54231487 -1.085981975e-15)
(-49.67918503 -60.72892943 -9.482479052e-16)
(-50.3487533 -60.90744725 -1.176951752e-15)
(-51.02161611 -61.08106685 -6.923600949e-16)
(-51.69828234 -61.25033601 -9.261368665e-16)
(-52.37879438 -61.41519877 -1.761543928e-15)
(-53.06306072 -61.57547993 -1.656122082e-15)
(-53.75095601 -61.73099987 -1.704764708e-15)
(-54.44236392 -61.88160725 -1.532591662e-15)
(-55.13717502 -62.02716764 -1.375737874e-15)
(-55.83528332 -62.16755823 -1.301705766e-15)
(-56.53659648 -62.30267721 -1.159466465e-15)
(-57.24102802 -62.43243306 -9.521727014e-16)
(-57.94850041 -62.55674537 -8.378327347e-16)
(-58.65893994 -62.67554102 -6.504021546e-16)
(-59.37228494 -62.78876148 -7.985890655e-16)
(-60.08847691 -62.89635945 -8.867566721e-16)
(-60.80748266 -62.99831045 -1.019422964e-15)
(-61.52926887 -63.09459446 -1.227670315e-15)
(-62.25381693 -63.18520888 -9.212806324e-16)
(-62.98111953 -63.27016272 -4.22184254e-16)
(-63.71117751 -63.34947051 -5.342515262e-16)
(-64.44398762 -63.42314039 -6.703891378e-16)
(-65.17954438 -63.49118035 -6.394493981e-16)
(-65.91784724 -63.55359881 -5.771312575e-16)
(-66.65888048 -63.61038867 -8.667632192e-16)
(-67.40262282 -63.66153594 -1.140406099e-15)
(-68.14905296 -63.7070226 -1.198500094e-15)
(-68.89813096 -63.7468137 -1.217111238e-15)
(-69.64980928 -63.78086928 -1.530381738e-15)
(-70.40405095 -63.80915966 -1.450089026e-15)
(-71.16080686 -63.83164164 -1.188038149e-15)
(-71.92001447 -63.84826389 -1.171389164e-15)
(-72.68162938 -63.85899261 -1.414192408e-15)
(-73.44559853 -63.86378712 -1.146237103e-15)
(-74.21187325 -63.86261328 -9.77504673e-16)
(-74.98041054 -63.85544229 -1.268544575e-15)
(-75.75116036 -63.84224218 -1.005213806e-15)
(-76.52409426 -63.8229992 -1.01112744e-15)
(-77.29918285 -63.79769872 -1.437168661e-15)
(-78.07639235 -63.76632079 -1.265083881e-15)
(-78.85568462 -63.72884671 -1.510594063e-15)
(-79.63705228 -63.6852822 -1.529600568e-15)
(-80.42047232 -63.63561695 -1.576381296e-15)
(-81.20592422 -63.57984529 -1.396448862e-15)
(-81.9933992 -63.51797053 -1.608345695e-15)
(-82.78288451 -63.44999031 -1.648711616e-15)
(-83.5743715 -63.37590508 -1.482375978e-15)
(-84.36784535 -63.29570985 -1.321549277e-15)
(-85.16329129 -63.20939825 -1.334129284e-15)
(-85.96069849 -63.11696475 -1.148675483e-15)
(-86.76004023 -63.01839205 -1.146058679e-15)
(-87.56129869 -62.91366954 -1.035927146e-15)
(-88.36445277 -62.80278238 -1.290734484e-15)
(-89.16946718 -62.68570502 -1.088926243e-15)
(-89.9763062 -62.56241251 -8.888368035e-16)
(-90.78493966 -62.43288329 -8.850006114e-16)
(-91.59531984 -62.29708748 -8.921025238e-16)
(-92.40741151 -62.15499986 -1.108901111e-15)
(-93.22117743 -62.00659559 -8.228184641e-16)
(-94.03657358 -61.85184522 -2.721547274e-16)
(-94.85355081 -61.69071747 -1.126788272e-15)
(-95.67207666 -61.52319422 -4.351852002e-16)
(-96.49210589 -61.34924876 -5.555638039e-16)
(-97.3136061 -61.16886503 -7.223364307e-16)
(-98.1365273 -60.98201356 -6.530681691e-16)
(-98.96084055 -60.78868107 -5.062338017e-16)
(-99.78651505 -60.58885229 -1.229490155e-16)
(-100.6135059 -60.38250484 -5.48347317e-16)
(-101.4417878 -60.16964502 -2.260390686e-16)
(-102.2770852 -59.96175319 -3.589487301e-16)
(-102.8328749 -59.79965984 -3.215328389e-16)
(-103.1223038 -59.58411684 -6.256555823e-16)
(-103.2959166 -59.47770925 -5.138775378e-16)
(-103.4048132 -59.444616 -3.353954517e-16)
(-103.4804808 -59.45186108 -5.803206233e-16)
(-103.539804 -59.47740179 -6.603794699e-16)
(-103.5912399 -59.50924098 -3.793469871e-16)
(-103.6387806 -59.54186364 -5.279676652e-16)
(-103.6842049 -59.57323217 -7.794084748e-16)
(-103.7282736 -59.60290466 -1.145058582e-15)
(-103.7713402 -59.63106157 -1.385864497e-15)
(-103.8135862 -59.65802653 -1.200190736e-15)
(-103.8551451 -59.68410429 -1.090493572e-15)
(-103.8961271 -59.70952861 -1.219487729e-15)
(-103.9366158 -59.7344582 -1.461781292e-15)
(-103.9766825 -59.75899767 -1.611616361e-15)
(-104.0163916 -59.78322466 -1.540322337e-15)
(-104.0558038 -59.80719684 -1.764108925e-15)
(-104.0949703 -59.83095764 -1.556221412e-15)
(-104.1339207 -59.85453346 -1.684064482e-15)
(-104.1726771 -59.87794069 -1.930405501e-15)
(-104.2112657 -59.90120119 -2.095420002e-15)
(-104.2496982 -59.9243259 -1.960230207e-15)
(-104.2879965 -59.94733071 -1.819423375e-15)
(-104.3261719 -59.97022518 -1.884244849e-15)
(-104.3642199 -59.99300613 -1.877540439e-15)
(-104.4021483 -60.01568186 -2.039302658e-15)
(-104.4399534 -60.03825222 -2.029045551e-15)
(-104.4776444 -60.06072411 -1.97668122e-15)
(-104.5152221 -60.0830997 -2.055996169e-15)
(-104.5526732 -60.10536988 -2.031702046e-15)
(-104.5899984 -60.12753825 -2.051415433e-15)
(-104.6271887 -60.14960101 -2.090328047e-15)
(-104.6642489 -60.17156233 -2.136347351e-15)
(-104.7011765 -60.19342245 -2.097707132e-15)
(-104.7379562 -60.215171 -2.092988494e-15)
(-104.7745875 -60.2368109 -2.118867233e-15)
(-104.8110607 -60.25833816 -2.075311982e-15)
(-104.8473811 -60.27975719 -2.084589068e-15)
(-104.8835468 -60.30106879 -2.411923629e-15)
(-104.919544 -60.3222634 -2.527032387e-15)
(-104.9553738 -60.34334496 -2.806956624e-15)
(-104.9910284 -60.3643105 -2.80665279e-15)
(-105.0265123 -60.38516388 -2.699991187e-15)
(-105.0618312 -60.40590975 -2.623059152e-15)
(-105.0969778 -60.42654572 -2.819358361e-15)
(-105.1319459 -60.44706649 -3.014954024e-15)
(-105.1667344 -60.46747458 -2.708635143e-15)
(-105.2013502 -60.48777526 -2.743056978e-15)
(-105.2358016 -60.50797438 -2.778491897e-15)
(-105.2700837 -60.5280705 -3.124150006e-15)
(-105.304192 -60.54805905 -3.289331823e-15)
(-105.3381328 -60.56794614 -3.609235571e-15)
(-105.3719028 -60.58773073 -3.448907114e-15)
(-105.4055134 -60.6074199 -3.319233527e-15)
(-105.4389685 -60.62701661 -3.296635334e-15)
(-105.4722592 -60.64651279 -3.353610224e-15)
(-105.5053908 -60.66591326 -3.301424097e-15)
(-105.5383585 -60.68521519 -3.23801225e-15)
(-105.5711716 -60.70442333 -3.167390019e-15)
(-105.603831 -60.72353779 -3.20894704e-15)
(-105.6363238 -60.74254706 -3.164026795e-15)
(-105.6686505 -60.76145199 -3.111507079e-15)
(-105.7008008 -60.7802452 -3.363534018e-15)
(-105.7327775 -60.79892643 -3.286749826e-15)
(-105.7645739 -60.81749029 -3.162625555e-15)
(-105.7961693 -60.83591939 -3.042344974e-15)
(-105.8275553 -60.8542084 -2.983133881e-15)
(-105.8587122 -60.87234361 -3.173858486e-15)
(-105.8896332 -60.8903184 -3.086121921e-15)
(-105.9203019 -60.90812112 -3.367174195e-15)
(-105.9506875 -60.92572841 -3.26200621e-15)
(-105.980772 -60.94312943 -3.44678045e-15)
(-106.0105269 -60.96030547 -3.257638152e-15)
(-106.0399338 -60.97724404 -3.153568333e-15)
(-106.0689743 -60.99393308 -3.137300488e-15)
(-106.0976161 -61.01035337 -3.41669166e-15)
(-106.1258272 -61.02648302 -3.659495991e-15)
(-106.1535811 -61.04230873 -3.274458644e-15)
(-106.1808594 -61.05782105 -3.187587848e-15)
(-106.2076466 -61.07301254 -3.191562921e-15)
(-106.2339153 -61.0878703 -3.604240539e-15)
(-106.2596414 -61.10238051 -3.690188634e-15)
(-106.2848141 -61.1165427 -3.607028009e-15)
(-106.3094168 -61.13035217 -3.501116187e-15)
(-106.3334519 -61.14381562 -3.277073123e-15)
(-106.3569187 -61.15693906 -3.293206381e-15)
(-106.3798086 -61.16972109 -3.342909094e-15)
(-106.402133 -61.18217706 -3.39231919e-15)
(-106.423899 -61.19431847 -3.381595954e-15)
(-106.4451337 -61.20616835 -3.297393321e-15)
(-106.4658617 -61.2177488 -3.416641131e-15)
(-106.4860999 -61.22907387 -3.360331754e-15)
(-106.5058848 -61.24017345 -3.285424257e-15)
(-106.5252475 -61.25107233 -3.281953075e-15)
(-106.544238 -61.26180525 -3.255600641e-15)
(-106.5629014 -61.27240423 -3.212569915e-15)
(-106.5812732 -61.28289127 -3.017996182e-15)
(-106.5993974 -61.29331078 -3.222581535e-15)
(-106.6164998 -61.30475525 -3.201160383e-15)
)
;
    }
    outlet
    {
        type            calculated;
        value           uniform (0 0 0);
    }
    front
    {
        type            wedge;
    }
    back
    {
        type            wedge;
    }
}


// ************************************************************************* //
