/*--------------------------------*- C++ -*----------------------------------*\
| =========                 |                                                 |
| \\      /  F ield         | OpenFOAM: The Open Source CFD Toolbox           |
|  \\    /   O peration     | Version:  v1706                                 |
|   \\  /    A nd           | Web:      www.OpenFOAM.com                      |
|    \\/     M anipulation  |                                                 |
\*---------------------------------------------------------------------------*/
FoamFile
{
    version     2.0;
    format      ascii;
    class       volVectorField;
    location    "0.00221";
    object      wallShearStress;
}
// * * * * * * * * * * * * * * * * * * * * * * * * * * * * * * * * * * * * * //

dimensions      [1 -1 -2 0 0 0 0];


internalField   uniform (0 0 0);

boundaryField
{
    inlet
    {
        type            calculated;
        value           nonuniform 0();
    }
    object
    {
        type            calculated;
        value           nonuniform List<vector> 
204
(
(-6.28760417 -17.19544228 -0.1537035684)
(-6.338830975 -17.25222003 -0.1558786843)
(-6.387530663 -17.30675089 -0.1580775424)
(-6.430288229 -17.35899838 -0.1603142106)
(-6.468165623 -17.41414872 -0.1626530997)
(-6.504970869 -17.48052954 -0.1650296755)
(-6.539632587 -17.55567212 -0.1674199211)
(-6.573372567 -17.63622655 -0.1698233908)
(-6.607094772 -17.72034265 -0.1722394984)
(-6.64118722 -17.80714424 -0.1746674773)
(-6.675797776 -17.89618977 -0.1771064416)
(-6.710976944 -17.98723736 -0.1795554299)
(-6.746738791 -18.08014017 -0.1820136488)
(-6.783085989 -18.17480458 -0.1844802498)
(-6.820018561 -18.27116707 -0.1869542665)
(-6.857536928 -18.36918501 -0.1894349703)
(-6.895642561 -18.46883016 -0.191921323)
(-6.934338872 -18.5700871 -0.1944125015)
(-6.973630062 -18.67294774 -0.1969075521)
(-7.01352139 -18.7774113 -0.1994058086)
(-7.054020517 -18.88348374 -0.2019063119)
(-7.095135128 -18.99117538 -0.2044082156)
(-7.136874222 -19.10050045 -0.2069107079)
(-7.179247487 -19.21147756 -0.2094129765)
(-7.222266366 -19.32412932 -0.2119141607)
(-7.265941993 -19.43848007 -0.214413277)
(-7.310287533 -19.55455847 -0.2169097127)
(-7.355315546 -19.67239369 -0.2194027477)
(-7.401040753 -19.79202024 -0.2218914401)
(-7.44747822 -19.91347335 -0.2243751177)
(-7.494643472 -20.0367906 -0.2268529574)
(-7.542552753 -20.16201173 -0.2293242164)
(-7.591223921 -20.28918034 -0.2317881859)
(-7.640674905 -20.41834015 -0.2342441146)
(-7.69092448 -20.54953821 -0.236691273)
(-7.741992762 -20.68282424 -0.2391288882)
(-7.793900181 -20.81824901 -0.2415565237)
(-7.84666836 -20.95586682 -0.2439734178)
(-7.900319365 -21.09573274 -0.2463789116)
(-7.95487692 -21.23790628 -0.2487725204)
(-8.01036527 -21.38244809 -0.2511533187)
(-8.066809845 -21.52942186 -0.2535208099)
(-8.124236426 -21.67889254 -0.2558744931)
(-8.182673054 -21.83093034 -0.2582136007)
(-8.242148629 -21.98560739 -0.2605378058)
(-8.302692306 -22.14299681 -0.2628465323)
(-8.364335615 -22.30317752 -0.265139282)
(-8.427110888 -22.4662306 -0.2674153612)
(-8.491052138 -22.63224073 -0.2696744973)
(-8.556194664 -22.80129553 -0.2719162037)
(-8.622574661 -22.97348613 -0.2741400783)
(-8.690231865 -23.14891048 -0.2763455615)
(-8.759206192 -23.3276682 -0.2785321573)
(-8.829539463 -23.50986308 -0.2806995163)
(-8.901276866 -23.69560626 -0.282847444)
(-8.974463747 -23.88501019 -0.2849754458)
(-9.049148465 -24.07819421 -0.2870832971)
(-9.125382153 -24.27528456 -0.2891706965)
(-9.203219025 -24.47641343 -0.2912370608)
(-9.282714603 -24.6817178 -0.293282425)
(-9.363928513 -24.89134304 -0.2953063366)
(-9.446922608 -25.10544113 -0.2973088166)
(-9.531762712 -25.3241717 -0.2992893849)
(-9.618519214 -25.5477049 -0.3012478518)
(-9.707263506 -25.77621485 -0.3031841606)
(-9.79807437 -26.00989214 -0.30509822)
(-9.891033064 -26.24893195 -0.3069898462)
(-9.986227263 -26.49354501 -0.3088587841)
(-10.08374973 -26.7439538 -0.3107051031)
(-10.18369875 -27.00039322 -0.3125285913)
(-10.28617999 -27.26311372 -0.3143294087)
(-10.39130397 -27.53237831 -0.3161072543)
(-10.4991923 -27.80847317 -0.3178622766)
(-10.6099736 -28.0917018 -0.3195943169)
(-10.7237865 -28.38238731 -0.3213036582)
(-10.84077901 -28.68087582 -0.3229901452)
(-10.96111386 -28.98754439 -0.3246539816)
(-11.08496459 -29.30279327 -0.3262953388)
(-11.21252147 -29.62705884 -0.3279141786)
(-11.34399194 -29.96081351 -0.3295106466)
(-11.47960074 -30.30456679 -0.3310849168)
(-11.6195977 -30.65888141 -0.3326370355)
(-11.76425452 -31.02436401 -0.3341674896)
(-11.91387585 -31.40168984 -0.3356764472)
(-12.06879758 -31.79159752 -0.3371641216)
(-12.22939763 -32.1949096 -0.3386308826)
(-12.39609708 -32.61253469 -0.3400769193)
(-12.56937677 -33.04549912 -0.3415026774)
(-12.7497832 -33.49495252 -0.3429084617)
(-12.9379404 -33.9621927 -0.3442947204)
(-13.13457467 -34.44870816 -0.3456619818)
(-13.34053526 -34.95621068 -0.3470108806)
(-13.5568276 -35.48668829 -0.3483417275)
(-13.7846554 -36.04247119 -0.3496553445)
(-14.02548181 -36.62632184 -0.3509523418)
(-14.28112485 -37.2415777 -0.352233566)
(-14.55387993 -37.89231134 -0.3534998366)
(-14.84672815 -38.58360377 -0.3547522479)
(-15.16366787 -39.3219426 -0.355991569)
(-15.51027994 -40.1158131 -0.3572192405)
(-15.89484809 -40.97660009 -0.3584363864)
(-16.33111708 -41.91957182 -0.359643516)
(-16.84783398 -42.96247134 -0.3608371136)
(-17.53837409 -44.10681352 -0.3619994161)
(-18.44004399 -45.16620449 -0.3616891042)
(-19.22180881 -46.07119611 -0.3609659028)
(-20.00157673 -46.83083137 -0.3602022646)
(-20.80128268 -47.46213566 -0.3593961756)
(-21.61683381 -47.99597616 -0.3585469015)
(-22.44396455 -48.45456386 -0.3576542074)
(-23.27925425 -48.85323522 -0.3567186537)
(-24.12017973 -49.20237716 -0.3557407366)
(-24.96492338 -49.50899574 -0.3547212923)
(-25.81215803 -49.77784738 -0.3536614641)
(-26.66086562 -50.01220489 -0.3525624013)
(-27.51021433 -50.21436633 -0.351425416)
(-28.35948776 -50.38600015 -0.3502517297)
(-29.20803157 -50.52835268 -0.3490426102)
(-30.05523329 -50.64240121 -0.3477995604)
(-30.90050198 -50.7289371 -0.3465239436)
(-31.743262 -50.78862591 -0.3452170838)
(-32.58295598 -50.82205619 -0.3438806117)
(-33.41902866 -50.82975269 -0.3425158608)
(-34.25094913 -50.81221185 -0.3411244245)
(-35.078181 -50.76988925 -0.3397076116)
(-35.90020996 -50.70323664 -0.3382668612)
(-36.71653905 -50.61269374 -0.3368035871)
(-37.52667381 -50.49869063 -0.3353194119)
(-38.33014495 -50.36166133 -0.3338156415)
(-39.12649288 -50.20203709 -0.332293587)
(-39.91530062 -50.02026623 -0.3307549429)
(-40.69618555 -49.8167841 -0.3292009066)
(-41.46902567 -49.59199979 -0.3276327851)
(-42.23704981 -49.3407455 -0.3260522094)
(-43.04356591 -49.09098432 -0.3244637806)
(-43.82927154 -48.83463228 -0.3228667413)
(-44.58480344 -48.55336157 -0.3212610343)
(-45.32606576 -48.248909 -0.3196480384)
(-46.05457458 -47.92360577 -0.3180289021)
(-46.7708064 -47.5780844 -0.3164047623)
(-47.47480499 -47.21293431 -0.3147766218)
(-48.16643857 -46.82876402 -0.313145819)
(-48.84551967 -46.42619461 -0.3115133396)
(-49.51183637 -46.00583628 -0.3098801472)
(-50.16519089 -45.5682932 -0.308247481)
(-50.8053954 -45.11415572 -0.3066159951)
(-51.43226841 -44.64399376 -0.3049868182)
(-52.04565248 -44.15836919 -0.3033608903)
(-52.64542045 -43.65784716 -0.30173929)
(-53.2314685 -43.14299385 -0.3001225123)
(-53.80370372 -42.61436407 -0.2985116607)
(-54.36205558 -42.0725111 -0.2969074676)
(-54.90647783 -41.51799242 -0.2953106712)
(-55.43689941 -40.95138216 -0.2937219768)
(-55.95330186 -40.3732123 -0.2921423542)
(-56.45569759 -39.7840139 -0.29057214)
(-56.94410608 -39.18430863 -0.2890123021)
(-57.41855003 -38.57460786 -0.2874636381)
(-57.87907354 -37.95541792 -0.2859265189)
(-58.32572322 -37.32723484 -0.2844014399)
(-58.7585612 -36.69054384 -0.2828892462)
(-59.17765887 -36.04582143 -0.2813903704)
(-59.5830917 -35.39352895 -0.2799052985)
(-59.97494918 -34.73411859 -0.2784344946)
(-60.35332712 -34.06803109 -0.2769784545)
(-60.71832526 -33.39569097 -0.2755378366)
(-61.07005442 -32.71751683 -0.2741127612)
(-61.40862984 -32.03390976 -0.2727038487)
(-61.73416912 -31.34525945 -0.2713114394)
(-62.04679868 -30.6519453 -0.2699358719)
(-62.34665071 -29.95433463 -0.2685774613)
(-62.63385911 -29.25278466 -0.267236826)
(-62.90856577 -28.54763664 -0.2659139247)
(-63.17091327 -27.83922801 -0.2646092742)
(-63.42104659 -27.127877 -0.2633228529)
(-63.65911961 -26.41389739 -0.2620552307)
(-63.88528135 -25.69759034 -0.2608065904)
(-64.09969023 -24.97924562 -0.2595771321)
(-64.30250211 -24.25914621 -0.2583673016)
(-64.49388047 -23.53756096 -0.2571769714)
(-64.67398878 -22.81475641 -0.2560063576)
(-64.84299232 -22.09098391 -0.2548558718)
(-65.00105073 -21.36648466 -0.2537256364)
(-65.14833799 -20.64149472 -0.2526154717)
(-65.28502109 -19.91624299 -0.2515258221)
(-65.41126756 -19.19094571 -0.2504567988)
(-65.52725101 -18.46581246 -0.2494085022)
(-65.63314151 -17.74104753 -0.2483810188)
(-65.72911101 -17.01684296 -0.2473747249)
(-65.81533495 -16.29338672 -0.2463893803)
(-65.89198178 -15.57086003 -0.2454250939)
(-65.95922165 -14.84943305 -0.2444821992)
(-66.01723022 -14.12926936 -0.2435604375)
(-66.06617907 -13.41052937 -0.2426602122)
(-66.10624094 -12.6933671 -0.2417815285)
(-66.13758532 -11.97792285 -0.2409244404)
(-66.16038157 -11.26433888 -0.2400886981)
(-66.174803 -10.55274529 -0.2392746864)
(-66.18101768 -9.843273041 -0.2384823829)
(-66.17919389 -9.136037305 -0.2377118411)
(-66.16949986 -8.431157099 -0.2369631061)
(-66.15210421 -7.728756721 -0.2362362122)
(-66.1278463 -7.029102834 -0.2355314986)
(-66.32478545 -6.402871448 -0.2348486679)
)
;
    }
    outlet
    {
        type            calculated;
        value           uniform (0 0 0);
    }
    front
    {
        type            wedge;
    }
    back
    {
        type            wedge;
    }
    procBoundary3to1
    {
        type            processor;
        value           uniform (0 0 0);
    }
    procBoundary3to2
    {
        type            processor;
        value           uniform (0 0 0);
    }
}


// ************************************************************************* //
