/*--------------------------------*- C++ -*----------------------------------*\
| =========                 |                                                 |
| \\      /  F ield         | OpenFOAM: The Open Source CFD Toolbox           |
|  \\    /   O peration     | Version:  v1706                                 |
|   \\  /    A nd           | Web:      www.OpenFOAM.com                      |
|    \\/     M anipulation  |                                                 |
\*---------------------------------------------------------------------------*/
FoamFile
{
    version     2.0;
    format      ascii;
    class       volVectorField;
    location    "0.00259";
    object      wallShearStress;
}
// * * * * * * * * * * * * * * * * * * * * * * * * * * * * * * * * * * * * * //

dimensions      [1 -1 -2 0 0 0 0];


internalField   uniform (0 0 0);

boundaryField
{
    inlet
    {
        type            calculated;
        value           uniform (0 0 0);
    }
    object
    {
        type            calculated;
        value           nonuniform List<vector> 
300
(
(-1.248207586 -0.7950003455 5.193038501e-15)
(-1.186186452 -1.297561159 -1.688748424e-15)
(-1.203421105 -2.008120259 -1.566323941e-14)
(-1.223411884 -2.750234703 -3.24951208e-15)
(-1.249641071 -3.499849228 -6.334858325e-15)
(-1.282427391 -4.249573273 -2.248527376e-14)
(-1.321922996 -4.995979381 -3.238901737e-14)
(-1.368290798 -5.737155736 -3.206834076e-14)
(-1.421703994 -6.472011204 -1.840886115e-14)
(-1.482331085 -7.200008135 -1.805684474e-14)
(-1.550323416 -7.921022228 -1.544062306e-14)
(-1.625806593 -8.635244349 -8.659075045e-15)
(-1.708874957 -9.343096967 -6.322581143e-15)
(-1.799588442 -10.0451575 -9.875406185e-15)
(-1.89797129 -10.7420863 -1.201121486e-14)
(-2.004012584 -11.43456116 -1.124950182e-14)
(-2.117668706 -12.12322 -1.171088512e-14)
(-2.238867959 -12.80861494 -1.0976215e-14)
(-2.367517389 -13.49118061 -1.12426782e-14)
(-2.503511369 -14.17121806 -1.18283295e-14)
(-2.646741177 -14.84889576 -1.167807254e-14)
(-2.797104301 -15.52426518 -8.951390468e-15)
(-2.954512377 -16.19728837 -5.179518741e-15)
(-3.11889684 -16.86787226 -6.467021553e-15)
(-3.2902118 -17.53590427 -7.582242051e-15)
(-3.468434317 -18.20128526 -1.050713323e-14)
(-3.653562152 -18.86395485 -1.306043602e-14)
(-3.845609654 -19.52390763 -1.173338294e-14)
(-4.044602314 -20.18119903 -1.058278352e-14)
(-4.250570547 -20.83594088 -1.21043799e-14)
(-4.463543522 -21.48828854 -1.744426502e-14)
(-4.683543644 -22.13842171 -1.682255217e-14)
(-4.91058257 -22.78652243 -1.880076407e-14)
(-5.144659194 -23.4327533 -1.587999375e-14)
(-5.385760095 -24.07724036 -1.452993761e-14)
(-5.633862022 -24.72006223 -1.528646368e-14)
(-5.88893597 -25.36124811 -1.375828203e-14)
(-6.150951675 -26.0007832 -1.418328383e-14)
(-6.419881509 -26.63861978 -1.648621644e-14)
(-6.695703199 -27.27469154 -1.592505538e-14)
(-6.978400634 -27.90892663 -1.564528066e-14)
(-7.267963056 -28.54125828 -1.438735597e-14)
(-7.564382504 -29.17162965 -1.388759893e-14)
(-7.867650319 -29.79999345 -1.173787089e-14)
(-8.177753411 -30.42630644 -1.084031832e-14)
(-8.494671059 -31.05052024 -1.042840338e-14)
(-8.818373403 -31.67257184 -1.097960916e-14)
(-9.148822168 -32.29237683 -1.063673062e-14)
(-9.485973035 -32.90982534 -1.106676572e-14)
(-9.829780713 -33.52478865 -1.363547216e-14)
(-10.180203 -34.13712627 -1.5865672e-14)
(-10.53720556 -34.74670258 -1.26558253e-14)
(-10.90076312 -35.35339713 -1.200591231e-14)
(-11.27085886 -35.95711475 -9.569395189e-15)
(-11.64748105 -36.55778832 -9.005115541e-15)
(-12.03061813 -37.15537451 -9.011207445e-15)
(-12.42025224 -37.74984011 -8.142221129e-15)
(-12.81635517 -38.34114979 -7.618145341e-15)
(-13.21888533 -38.92924899 -6.053679948e-15)
(-13.62778984 -39.5140566 -6.815211781e-15)
(-14.04300808 -40.09545957 -5.63921602e-15)
(-14.46447971 -40.67332465 -5.505309807e-15)
(-14.89215134 -41.24751374 -4.259627997e-15)
(-15.3259815 -41.81790205 -3.739251933e-15)
(-15.76594171 -42.38439404 -3.139301625e-15)
(-16.21201132 -42.94692562 -3.551778714e-15)
(-16.66417111 -43.50546273 -4.674556867e-15)
(-17.12239268 -44.05998125 -5.273618249e-15)
(-17.58662962 -44.61044258 -3.921315521e-15)
(-18.05681835 -45.15678296 -2.935560421e-15)
(-18.53287775 -45.69889078 -2.001042934e-15)
(-19.01472187 -46.23661828 -2.203016297e-15)
(-19.50227501 -46.76980563 -1.299170695e-15)
(-19.99548374 -47.29831133 -7.035635677e-16)
(-20.49432572 -47.82204793 -3.85216872e-16)
(-20.99880403 -48.34099253 -9.390260416e-16)
(-21.50893587 -48.85518871 -2.684482765e-15)
(-22.02473114 -49.36471757 -2.707532901e-15)
(-22.54617015 -49.86964988 -2.982739343e-15)
(-23.07318677 -50.36999168 -3.594009522e-15)
(-23.60566567 -50.86564709 -2.616217125e-15)
(-24.14346465 -51.35642871 -2.340854951e-15)
(-24.68643843 -51.84207989 -2.703739755e-15)
(-25.23447253 -52.32234529 -2.482687378e-15)
(-25.7875071 -52.79704228 -2.170084733e-15)
(-26.34553705 -53.26610068 -1.555498405e-15)
(-26.90859692 -53.72957691 -1.160114339e-15)
(-27.47671983 -54.18759964 -1.657228384e-16)
(-28.04989404 -54.64028628 4.539655901e-16)
(-28.62803592 -55.08766156 3.935402781e-16)
(-29.21098614 -55.52960072 1.67589745e-15)
(-29.7985373 -55.96583721 2.219680559e-15)
(-30.39048038 -56.3960267 1.48749578e-15)
(-30.98665136 -56.81984477 8.515890738e-16)
(-31.5869611 -57.23707821 1.400603792e-15)
(-32.19139257 -57.64766451 8.387107759e-16)
(-32.79997838 -58.05168366 5.471096552e-16)
(-33.41275386 -58.44928393 3.227487668e-16)
(-34.02972022 -58.84060231 -9.471770087e-17)
(-34.65082862 -59.22570455 -6.326799889e-16)
(-35.27597513 -59.60455046 -1.738203983e-15)
(-35.90501749 -59.97701385 -9.818310576e-16)
(-36.53778618 -60.34290172 -1.675456056e-15)
(-37.17410721 -60.70199195 -1.228410168e-15)
(-37.81382219 -61.05406645 -1.76686074e-15)
(-38.45682071 -61.39897185 -1.49910421e-15)
(-39.10305645 -61.7366552 -1.083262086e-15)
(-39.75254458 -62.06717717 -4.103302122e-16)
(-40.40534584 -62.39070444 -2.761983734e-16)
(-41.06152026 -62.70744217 -8.50294982e-17)
(-41.7210691 -63.01754297 8.646895774e-16)
(-42.3839048 -63.32103616 1.000604403e-15)
(-43.04982427 -63.61775899 -7.767857749e-17)
(-43.71856253 -63.90740656 -3.266590369e-16)
(-44.38984681 -64.18961313 -4.891237152e-16)
(-45.06350471 -64.46411577 -7.483309413e-16)
(-45.73952201 -64.73088732 -2.177895281e-16)
(-46.41803277 -64.99016513 -6.731793942e-16)
(-47.09921208 -65.24231233 -1.652539754e-15)
(-47.78318814 -65.48766347 -1.853953722e-15)
(-48.46995459 -65.72636186 -1.648210962e-15)
(-49.15939844 -65.95835585 -1.733405063e-15)
(-49.85138127 -66.18349119 -1.765416972e-15)
(-50.54585563 -66.40178283 -2.962175664e-15)
(-51.24272569 -66.61304901 -1.34502967e-15)
(-51.94246972 -66.81780939 -1.22715804e-15)
(-52.64677158 -67.01675263 -2.465262407e-16)
(-53.36402979 -67.22162102 -1.15430754e-15)
(-54.0779639 -67.41291972 -1.320389706e-15)
(-54.78040967 -67.58168529 -1.784356049e-15)
(-55.48247136 -67.73991784 -1.580677702e-15)
(-56.18555707 -67.89060716 -1.438010543e-15)
(-56.89014638 -68.03434025 -1.589710007e-15)
(-57.59632114 -68.17114424 -2.398324877e-15)
(-58.30398345 -68.30088394 -3.256977632e-15)
(-59.01302362 -68.42345414 -2.642272842e-15)
(-59.72329539 -68.53873883 -2.340251294e-15)
(-60.43467436 -68.64665869 -2.156497923e-15)
(-61.14702419 -68.74713034 -1.407436624e-15)
(-61.86021121 -68.84007952 -1.142013313e-15)
(-62.57412281 -68.9254581 -1.197568855e-15)
(-63.28864017 -69.0032138 -1.305510104e-15)
(-64.00364303 -69.07329852 -9.054948309e-16)
(-64.71902974 -69.13568491 -3.025789989e-16)
(-65.43469439 -69.19034211 -2.767041748e-16)
(-66.15052897 -69.23724091 -4.974421951e-16)
(-66.86642999 -69.27636041 -1.265628975e-16)
(-67.58230719 -69.30769428 1.553578161e-16)
(-68.29806235 -69.33122805 -2.2670168e-16)
(-69.01359844 -69.34695193 -3.284451125e-16)
(-69.72883849 -69.35487714 -6.165786947e-16)
(-70.44368395 -69.35499551 -8.052079716e-16)
(-71.15806219 -69.34732534 -8.241053673e-16)
(-71.87188386 -69.33186861 -8.190042493e-16)
(-72.58507658 -69.30864713 -8.60883234e-16)
(-73.29756653 -69.27768012 -8.755398925e-16)
(-74.00927157 -69.23897821 -1.178519468e-15)
(-74.72011912 -69.19256261 -1.022018604e-15)
(-75.43003024 -69.13844809 -1.13085649e-15)
(-76.13892126 -69.07664594 -1.279416457e-15)
(-76.8467164 -69.00717429 -1.278547489e-15)
(-77.55333426 -68.93004428 -1.535602167e-15)
(-78.25867308 -68.84525092 -1.517204054e-15)
(-78.96266639 -68.75282409 -1.414380621e-15)
(-79.66522017 -68.65276536 -1.07043217e-15)
(-80.36624707 -68.54508838 -7.012649166e-16)
(-81.06567132 -68.42981583 -4.779592392e-16)
(-81.76340592 -68.3069612 -6.207381098e-16)
(-82.4593708 -68.17654752 -1.178760555e-15)
(-83.15349203 -68.03860044 -9.907726449e-16)
(-83.84569641 -67.89315132 -1.184945944e-15)
(-84.53591078 -67.74022973 -1.553586189e-15)
(-85.22406249 -67.57986641 -1.75885024e-15)
(-85.91008958 -67.41209879 -1.104215644e-15)
(-86.59390868 -67.23694644 -1.068770634e-15)
(-87.27545285 -67.05444469 -1.303323639e-15)
(-87.95465649 -66.86463093 -1.109879568e-15)
(-88.63144128 -66.66753088 -1.105337168e-15)
(-89.3057323 -66.46316972 -1.339395999e-15)
(-89.97746042 -66.25158213 -1.493006591e-15)
(-90.64654295 -66.03279083 -1.544901564e-15)
(-91.31290613 -65.80682426 -1.533116332e-15)
(-91.97648387 -65.57372143 -1.680629786e-15)
(-92.63719298 -65.33350495 -1.895526299e-15)
(-93.29495609 -65.08620545 -1.875896108e-15)
(-93.94970426 -64.83186076 -1.887352143e-15)
(-94.60136188 -64.5705045 -1.601962629e-15)
(-95.24986692 -64.30218089 -7.857070882e-16)
(-95.89514742 -64.02692934 -7.971350721e-16)
(-96.53713134 -63.74479238 -8.518442068e-16)
(-97.17575726 -63.45581227 -5.429806124e-16)
(-97.81096807 -63.16003517 -8.823041678e-16)
(-98.44269058 -62.85749826 -1.091768808e-15)
(-99.07087275 -62.54825316 -8.641184048e-16)
(-99.69546248 -62.2323531 -9.832891116e-16)
(-100.3163928 -61.90983796 -1.301319735e-15)
(-100.9336109 -61.58076126 -1.518712488e-15)
(-101.5470597 -61.24516965 -1.847557406e-15)
(-102.1566869 -60.90314266 -1.976889048e-15)
(-102.7657299 -60.56926807 -1.966606712e-15)
(-103.5518836 -60.11481394 -2.293252727e-15)
(-103.9778836 -59.87688239 -1.941072774e-15)
(-104.210204 -59.8236412 -2.301960856e-15)
(-104.364915 -59.85952873 -2.409224476e-15)
(-104.4886488 -59.92550221 -2.728997428e-15)
(-104.5997947 -59.9970465 -3.161625325e-15)
(-104.7051524 -60.06643216 -3.274685875e-15)
(-104.8071799 -60.1323338 -2.937422606e-15)
(-104.9068583 -60.19528151 -2.760742659e-15)
(-105.0046751 -60.25603722 -2.935875154e-15)
(-105.1009338 -60.31517665 -2.768453418e-15)
(-105.1958631 -60.37307882 -2.600875691e-15)
(-105.289635 -60.4299827 -3.055740563e-15)
(-105.382387 -60.48604598 -2.83126973e-15)
(-105.4742001 -60.54136093 -3.002469233e-15)
(-105.5651352 -60.5959942 -3.338332253e-15)
(-105.6552396 -60.64999561 -2.849912279e-15)
(-105.744552 -60.70340705 -2.933548428e-15)
(-105.8330947 -60.75625684 -2.79486641e-15)
(-105.9208729 -60.80855868 -2.85266903e-15)
(-106.0078997 -60.86033047 -2.746569479e-15)
(-106.0941769 -60.91158181 -2.906274703e-15)
(-106.1797155 -60.96232884 -2.922023459e-15)
(-106.2645208 -61.01258363 -2.555300091e-15)
(-106.3485901 -61.06235154 -2.431750087e-15)
(-106.4319368 -61.11164874 -2.709589593e-15)
(-106.5145697 -61.16048792 -2.38946497e-15)
(-106.5965113 -61.20889112 -2.441995919e-15)
(-106.6777801 -61.25687627 -2.281414282e-15)
(-106.7583847 -61.30445149 -2.405955357e-15)
(-106.8383408 -61.35162701 -2.089519392e-15)
(-106.9176584 -61.39840832 -1.954483087e-15)
(-106.9963474 -61.44479624 -2.070608983e-15)
(-107.0743809 -61.49076404 -1.983061771e-15)
(-107.15172 -61.53627545 -2.178134475e-15)
(-107.2283111 -61.58128149 -2.006734574e-15)
(-107.3040846 -61.62572343 -2.219510962e-15)
(-107.3789424 -61.66952468 -1.877569155e-15)
(-107.4527571 -61.71258971 -2.167157332e-15)
(-107.5253977 -61.75482469 -2.043870541e-15)
(-107.5967133 -61.79612751 -2.230149943e-15)
(-107.6665586 -61.83640629 -2.423174866e-15)
(-107.7347831 -61.87557225 -2.371171221e-15)
(-107.8012354 -61.91354093 -2.22187236e-15)
(-107.8657935 -61.95025349 -2.070904719e-15)
(-107.9283497 -61.98566559 -2.057714362e-15)
(-107.9888347 -62.01976315 -2.066718658e-15)
(-108.0472043 -62.05255111 -2.017558032e-15)
(-108.1034385 -62.08404932 -1.895901085e-15)
(-108.1575615 -62.11430566 -1.408917469e-15)
(-108.2096315 -62.14338943 -1.53279227e-15)
(-108.2597469 -62.17139094 -1.91055402e-15)
(-108.3080096 -62.19839709 -1.87990992e-15)
(-108.3545489 -62.22450727 -2.190789642e-15)
(-108.3995147 -62.24982706 -2.12673233e-15)
(-108.4430727 -62.27446707 -2.340179074e-15)
(-108.4853856 -62.29852993 -2.067029927e-15)
(-108.5266046 -62.32210356 -2.163677483e-15)
(-108.5668876 -62.34527614 -2.085306673e-15)
(-108.6063738 -62.36811978 -1.703156792e-15)
(-108.6451995 -62.39070322 -1.798517809e-15)
(-108.6834787 -62.41307916 -1.761281413e-15)
(-108.7212982 -62.4352806 -1.642553663e-15)
(-108.7587411 -62.45733866 -1.759368558e-15)
(-108.7958645 -62.4792688 -1.794664667e-15)
(-108.8327201 -62.50108559 -1.943548257e-15)
(-108.8693378 -62.52279156 -2.070346901e-15)
(-108.9057238 -62.54437465 -2.120534203e-15)
(-108.9418825 -62.56582414 -2.500904563e-15)
(-108.9778092 -62.5871277 -2.348162846e-15)
(-109.0135009 -62.6082755 -2.427538368e-15)
(-109.0489257 -62.62924042 -2.388747917e-15)
(-109.0840528 -62.64999913 -2.638028459e-15)
(-109.1188538 -62.6705306 -2.507466248e-15)
(-109.1533048 -62.69081948 -2.715550992e-15)
(-109.187374 -62.710847 -2.631158673e-15)
(-109.2210201 -62.73058743 -2.45409542e-15)
(-109.2542164 -62.75002567 -2.508017778e-15)
(-109.286929 -62.76914263 -2.237506292e-15)
(-109.319137 -62.78792898 -2.529990065e-15)
(-109.3508147 -62.80637279 -2.407608e-15)
(-109.3819292 -62.82445564 -2.297055994e-15)
(-109.4124633 -62.84216986 -2.487858706e-15)
(-109.4423936 -62.85950367 -1.985847542e-15)
(-109.4717104 -62.87645481 -2.011569433e-15)
(-109.500399 -62.89301796 -1.940904239e-15)
(-109.528437 -62.90918074 -1.876302872e-15)
(-109.555814 -62.92493838 -1.770409062e-15)
(-109.5825224 -62.94028943 -1.72503543e-15)
(-109.6085657 -62.95523869 -1.492794794e-15)
(-109.6339266 -62.96977627 -1.602874842e-15)
(-109.6585951 -62.98389784 -1.915780661e-15)
(-109.682568 -62.9976024 -1.576135819e-15)
(-109.7058499 -63.01089504 -1.698911355e-15)
(-109.7284396 -63.02377726 -1.717576082e-15)
(-109.7503271 -63.03624313 -1.738952019e-15)
(-109.7715174 -63.04829662 -1.95572642e-15)
(-109.7920078 -63.05993675 -1.901760777e-15)
(-109.8118031 -63.07117617 -2.085000761e-15)
(-109.8303308 -63.08275443 -2.006242958e-15)
)
;
    }
    outlet
    {
        type            calculated;
        value           uniform (0 0 0);
    }
    front
    {
        type            wedge;
    }
    back
    {
        type            wedge;
    }
}


// ************************************************************************* //
