/*--------------------------------*- C++ -*----------------------------------*\
| =========                 |                                                 |
| \\      /  F ield         | OpenFOAM: The Open Source CFD Toolbox           |
|  \\    /   O peration     | Version:  v1706                                 |
|   \\  /    A nd           | Web:      www.OpenFOAM.com                      |
|    \\/     M anipulation  |                                                 |
\*---------------------------------------------------------------------------*/
FoamFile
{
    version     2.0;
    format      ascii;
    class       volScalarField;
    location    "0.00129";
    object      wallHeatFlux;
}
// * * * * * * * * * * * * * * * * * * * * * * * * * * * * * * * * * * * * * //

dimensions      [1 0 -3 0 0 0 0];


internalField   uniform 0;

boundaryField
{
    inlet
    {
        type            calculated;
        value           uniform 0;
    }
    object
    {
        type            calculated;
        value           nonuniform List<scalar> 
300
(
635108.7766
636376.0661
636840.4217
637090.4779
637229.1688
637294.8325
637306.806
637276.6835
637212.2113
637118.9286
637000.9639
636861.4599
636702.8378
636526.9648
636335.2811
636128.8867
635908.6133
635675.0816
635428.7522
635169.9513
634898.9089
634615.7795
634320.6577
634013.5922
633694.6017
633363.677
633020.7849
632665.8829
632298.9079
631919.7832
631528.4207
631124.7205
630708.5604
630279.8032
629838.289
629383.8393
628916.2481
628435.2948
627940.7262
627432.2831
626909.6997
626372.7197
625821.1193
625254.7272
624673.4401
624077.2504
623466.2549
622840.6526
622200.7508
621546.947
620879.7188
620199.5941
619507.1401
618802.9446
618087.5731
617361.5707
616625.4316
615879.5784
615124.3476
614359.9854
613586.6204
612804.2662
612012.8112
611212.0123
610401.5108
609580.854
608749.5135
607906.9399
607052.6212
606186.1474
605307.2812
604415.9597
603512.3245
602596.7097
601669.588
600731.5321
599783.1629
598825.1082
597857.9342
596882.1194
595898.0142
594905.791
593905.4114
592896.6141
591878.8895
590851.4914
589813.5009
588763.9373
587701.9243
586626.8295
585538.3747
584436.6892
583322.2984
582196.0792
581059.1501
579912.7362
578758.0098
577595.9246
576427.1638
575252.0878
574070.7833
572883.1513
571689.1005
570488.4243
569280.9104
568066.4818
566845.017
565616.5463
564381.1055
563138.7031
561889.1617
560632.0243
559366.2939
558090.7661
556804.1918
555505.8858
554195.3967
552873.8507
551540.7366
550199.3527
548851.2128
547496.0361
546131.8793
544742.9127
543338.5741
541993.7428
540655.5601
539314.3438
537965.4231
536606.5349
535237.0791
533857.4171
532468.5648
531071.9284
529668.8074
528260.3927
526847.3749
525430.221
524008.9311
522583.2425
521152.8335
519717.4749
518276.9593
516831.25
515380.3929
513924.6648
512464.2593
510999.3738
509530.2388
508056.9832
506579.8058
505098.6265
503613.5745
502124.7441
500632.1329
499135.8324
497635.9361
496132.5449
494625.6647
493115.4575
491601.9344
490085.1978
488565.3332
487042.3338
485516.2889
483987.2901
482455.3526
480920.5768
479383.0299
477842.7121
476299.7839
474754.3177
473206.3185
471655.924
470103.1189
468548.0818
466990.8625
465431.4673
463870.0122
462306.613
460741.2835
459174.0779
457605.1305
456034.4906
454462.1851
452888.3382
451312.9624
449736.0778
448157.8415
446578.2964
444997.4529
443415.3986
441832.1871
440247.9058
438662.5862
437076.2575
435489.0014
433900.8904
432311.9741
430723.9627
429297.2848
428812.8391
428258.4249
427530.7508
426705.0374
425838.2981
424957.9196
424075.1757
423194.8525
422319.948
421453.4207
420599.1753
419762.1854
418948.255
418163.6123
417413.967
416703.8324
416035.9438
415410.9063
414827.2678
414281.7063
413769.585
413285.6914
412824.6186
412381.422
411951.8699
411532.6121
411121.3684
410716.6749
410317.8327
409924.7636
409537.8129
409157.6631
408785.0926
408420.9383
408066.0262
407721.0643
407386.6334
407063.0128
406750.1814
406447.9367
406155.7353
405872.8375
405598.4122
405331.6013
405071.6654
404817.926
404569.8502
404327.05
404089.2033
403856.0468
403627.1906
403402.0983
403180.1782
402960.5702
402742.331
402524.3903
402305.5967
402084.9256
401861.3483
401633.9493
401401.9534
401164.6764
400921.5406
400671.9005
400415.0425
400150.1501
399876.2497
399592.2792
399297.0218
398989.223
398667.8144
398331.8301
397980.5723
397613.6809
397231.113
396833.166
396420.2887
395993.0409
395551.9993
395097.6269
394630.2613
394149.9688
393656.5932
393149.9279
392629.5922
392095.2803
391546.7598
390983.9245
390406.9698
389816.2104
389212.1256
388595.3106
387966.3654
387325.8682
386674.1912
386011.4887
385337.7993
384652.8671
383956.3979
)
;
    }
    outlet
    {
        type            calculated;
        value           uniform 0;
    }
    front
    {
        type            wedge;
    }
    back
    {
        type            wedge;
    }
}


// ************************************************************************* //
