/*--------------------------------*- C++ -*----------------------------------*\
| =========                 |                                                 |
| \\      /  F ield         | OpenFOAM: The Open Source CFD Toolbox           |
|  \\    /   O peration     | Version:  v1706                                 |
|   \\  /    A nd           | Web:      www.OpenFOAM.com                      |
|    \\/     M anipulation  |                                                 |
\*---------------------------------------------------------------------------*/
FoamFile
{
    version     2.0;
    format      ascii;
    class       volVectorField;
    location    "0.00129";
    object      wallShearStress;
}
// * * * * * * * * * * * * * * * * * * * * * * * * * * * * * * * * * * * * * //

dimensions      [1 -1 -2 0 0 0 0];


internalField   uniform (0 0 0);

boundaryField
{
    inlet
    {
        type            calculated;
        value           uniform (0 0 0);
    }
    object
    {
        type            calculated;
        value           nonuniform List<vector> 
300
(
(-2.657016605 -0.851031813 2.587712735e-14)
(-2.510762392 -1.386494874 4.692590478e-14)
(-2.522803601 -2.138891652 4.993579391e-14)
(-2.531076838 -2.919373713 1.465236394e-14)
(-2.543722762 -3.70235466 2.744267287e-14)
(-2.561844195 -4.480087751 2.549992082e-14)
(-2.586057556 -5.249213443 5.131350008e-14)
(-2.616889251 -6.008070882 6.44550489e-14)
(-2.654800001 -6.755893462 6.953326445e-14)
(-2.70017077 -7.49247515 7.855931193e-14)
(-2.753293392 -8.217987758 6.014728999e-14)
(-2.814370652 -8.932859118 5.130837021e-14)
(-2.883523861 -9.637683332 4.001189306e-14)
(-2.960804811 -10.33315222 3.458675772e-14)
(-3.046209554 -11.02000332 2.728508473e-14)
(-3.139692056 -11.69898126 1.723552839e-14)
(-3.241176644 -12.37081023 -5.441568355e-17)
(-3.35056862 -13.03617553 -2.040136848e-15)
(-3.467762912 -13.69571232 -4.712543567e-15)
(-3.592650712 -14.34999954 -4.148439259e-15)
(-3.725124516 -14.99955821 -4.721491194e-15)
(-3.865081717 -15.64485254 -8.632369665e-15)
(-4.01242703 -16.28629292 -9.94639745e-15)
(-4.167074116 -16.92424032 -5.029173879e-15)
(-4.32894663 -17.55901164 -8.0319973e-16)
(-4.497978758 -18.19088521 3.071159958e-16)
(-4.674115526 -18.82010644 1.049704578e-15)
(-4.857313024 -19.446894 2.389230122e-15)
(-5.047538335 -20.07144502 6.230965855e-15)
(-5.244769594 -20.69394073 8.998851541e-15)
(-5.448995816 -21.31455159 7.624188113e-15)
(-5.660216709 -21.9334421 6.816310612e-15)
(-5.878442002 -22.55077474 5.989548737e-15)
(-6.103690661 -23.16671363 5.276245731e-15)
(-6.335989274 -23.78142696 4.395890261e-15)
(-6.575369813 -24.39508826 3.824858332e-15)
(-6.821866102 -25.00787551 2.003011198e-15)
(-7.075509432 -25.61996844 -2.327158811e-15)
(-7.336322344 -26.2315418 -1.201604929e-15)
(-7.604312112 -26.84275652 4.217109745e-16)
(-7.879463346 -27.4537465 4.045809111e-15)
(-8.161731569 -28.06460269 5.317415826e-15)
(-8.451039027 -28.67535593 4.570566659e-15)
(-8.747273959 -29.28596074 3.978824927e-15)
(-9.050293798 -29.89628315 1.304934326e-15)
(-9.359932273 -30.50609613 1.261908641e-15)
(-9.676007897 -31.11508301 1.956803367e-15)
(-9.998332833 -31.72284748 2.262966904e-15)
(-10.32672121 -32.32893018 3.057960785e-15)
(-10.66099587 -32.93282772 8.040652237e-15)
(-11.00099411 -33.5340139 7.535345657e-15)
(-11.3465716 -34.13196023 9.628972004e-15)
(-11.69760562 -34.72615598 7.830320998e-15)
(-12.05399719 -35.31612609 5.889728731e-15)
(-12.41567186 -35.9014451 9.296896315e-15)
(-12.78258103 -36.48175015 7.553011574e-15)
(-13.15470238 -37.05675013 6.239160701e-15)
(-13.53203995 -37.6262326 4.743080175e-15)
(-13.91462454 -38.19006803 4.036267004e-15)
(-14.30251396 -38.74821373 2.387690077e-15)
(-14.69579188 -39.30071397 2.993367276e-15)
(-15.09456644 -39.84769956 3.092432867e-15)
(-15.49896659 -40.38938424 2.048423453e-15)
(-15.90913487 -40.92605791 1.339607355e-16)
(-16.32521776 -41.45807354 -2.18141742e-16)
(-16.74735081 -41.98582979 -1.109862851e-15)
(-17.1756404 -42.50974074 -1.321309771e-15)
(-17.61014495 -43.03019985 -1.203633497e-15)
(-18.05085955 -43.54753652 -2.012391671e-15)
(-18.49770872 -44.06197474 -3.455650253e-15)
(-18.95055149 -44.57360164 -3.391066842e-15)
(-19.40919435 -45.08235415 -5.124836092e-16)
(-19.87341123 -45.5880269 -2.960984058e-16)
(-20.34296321 -46.09029808 -2.068020284e-15)
(-20.81761517 -46.58876171 -1.50170813e-15)
(-21.29715026 -47.08296599 -1.648099916e-15)
(-21.78138097 -47.57245098 -3.156594541e-15)
(-22.27015845 -48.05678355 -5.585849949e-15)
(-22.76337756 -48.53558832 -6.735321689e-15)
(-23.26098288 -49.0085697 -5.34897429e-15)
(-23.76297366 -49.47553453 -3.918708725e-15)
(-24.26940706 -49.93640575 -1.719792025e-15)
(-24.78040106 -50.39123424 -4.221596486e-16)
(-25.29613369 -50.84020904 -5.79728271e-16)
(-25.81683283 -51.28365741 5.542362259e-16)
(-26.34275215 -51.72203213 6.117887374e-16)
(-26.87413217 -52.15587045 1.788381579e-16)
(-27.41115308 -52.5857274 -2.376566308e-16)
(-27.95389542 -53.01208563 4.446335174e-16)
(-28.50232094 -53.435273 1.645948867e-15)
(-29.05627395 -53.85540983 9.548142313e-16)
(-29.61549698 -54.27238964 1.327668528e-15)
(-30.17965589 -54.68588774 3.001676125e-15)
(-30.74837548 -55.09539605 2.818203048e-15)
(-31.32128203 -55.50028652 3.570136875e-15)
(-31.8980454 -55.89989198 2.459596651e-15)
(-32.4784126 -56.29359076 6.07383536e-16)
(-33.06222357 -56.68088053 -6.383265784e-17)
(-33.64941013 -57.0614261 -2.352630644e-16)
(-34.23997087 -57.43507214 -4.408152759e-16)
(-34.83393624 -57.80179526 -1.671758653e-15)
(-35.43134702 -58.16167199 -1.228519896e-15)
(-36.03223923 -58.51482445 -2.597471536e-15)
(-36.6366341 -58.86138955 -9.014281649e-16)
(-37.24452961 -59.20148779 -6.061806905e-16)
(-37.85591352 -59.53521457 -4.73489478e-16)
(-38.4707519 -59.8626531 -6.561905672e-16)
(-39.08898872 -60.18381348 -1.002029569e-15)
(-39.71058379 -60.49872195 -1.464272772e-15)
(-40.33550808 -60.80735384 2.869077846e-16)
(-40.96383095 -61.10978471 -1.884869949e-15)
(-41.59571817 -61.40619754 -2.192131967e-15)
(-42.23144548 -61.69699171 -9.83426156e-16)
(-42.87129286 -61.98267397 -1.171188208e-15)
(-43.5154624 -62.2637438 -6.495919123e-16)
(-44.1640247 -62.54051092 -5.597136063e-16)
(-44.81687707 -62.81316616 -1.931172277e-15)
(-45.47373702 -63.08122899 -8.557266747e-16)
(-46.13448053 -63.34491079 -2.772017264e-16)
(-46.79817659 -63.6029409 2.451052446e-17)
(-47.46467576 -63.85458137 1.845275872e-15)
(-48.13424912 -64.09978696 2.367672139e-15)
(-48.80830912 -64.33855516 8.836242776e-16)
(-49.49135852 -64.57657636 9.521276842e-16)
(-50.18063859 -64.81430592 2.539139923e-15)
(-50.85385843 -65.02523307 3.045000881e-15)
(-51.52831537 -65.22325505 1.684360055e-15)
(-52.20441858 -65.4138357 6.131749166e-16)
(-52.88312978 -65.59892959 2.99317102e-16)
(-53.56491368 -65.77934005 -1.231882716e-15)
(-54.24988382 -65.95522883 -1.122966257e-15)
(-54.93793346 -66.12640191 -1.692940279e-15)
(-55.62879784 -66.2924277 -6.425628936e-16)
(-56.32214588 -66.45276285 -7.216659273e-16)
(-57.01766479 -66.60689727 -9.448483687e-16)
(-57.71508549 -66.75439189 -1.203315129e-15)
(-58.41423584 -66.89498359 -1.549542964e-15)
(-59.11501526 -67.02854219 -1.61989727e-15)
(-59.81741144 -67.15510746 -1.411192913e-15)
(-60.52143523 -67.274785 -7.533048386e-16)
(-61.22711431 -67.38772443 -8.920263127e-16)
(-61.93446188 -67.49405649 -1.145262594e-15)
(-62.64346595 -67.59387137 -8.773900683e-16)
(-63.3540868 -67.6872014 -5.363147489e-16)
(-64.06625185 -67.7740205 -2.396734678e-16)
(-64.77987287 -67.85426025 -3.934498514e-16)
(-65.49486583 -67.92786083 -1.689119841e-16)
(-66.21114003 -67.99475135 1.622880408e-16)
(-66.92861609 -68.05487905 -1.833316424e-17)
(-67.64722977 -68.1082271 5.458290429e-16)
(-68.36692242 -68.15478207 4.239134036e-16)
(-69.08763033 -68.19454614 -4.724625432e-16)
(-69.80929877 -68.22752041 6.076310294e-16)
(-70.53187338 -68.25371062 2.672938029e-16)
(-71.25529691 -68.27312322 1.752647738e-16)
(-71.97950833 -68.28574832 -2.178857546e-16)
(-72.70445193 -68.29158625 -3.617055143e-16)
(-73.43007205 -68.2906344 -9.356739699e-16)
(-74.1563017 -68.28288224 -1.013708095e-15)
(-74.88308857 -68.2683275 -7.260163544e-16)
(-75.61038001 -68.24698273 6.725868389e-17)
(-76.33811395 -68.21883431 7.496026521e-16)
(-77.06624305 -68.18389813 5.686436491e-17)
(-77.79470632 -68.1421732 7.549980559e-17)
(-78.52344767 -68.09365806 -4.892760114e-18)
(-79.25241911 -68.03836541 1.24976491e-16)
(-79.98155862 -67.97629285 7.779189033e-16)
(-80.71081424 -67.90744494 -3.006356943e-17)
(-81.44013383 -67.83182913 -1.549808603e-16)
(-82.16945243 -67.74944116 -7.096520762e-16)
(-82.89871803 -67.66028053 -9.231828418e-16)
(-83.62788105 -67.56436335 -1.146446911e-15)
(-84.35687783 -67.46168513 -1.063430576e-15)
(-85.08565197 -67.35224171 -2.861018908e-16)
(-85.81414277 -67.23604903 -7.348113044e-17)
(-86.54230054 -67.1131067 9.836977895e-16)
(-87.27006767 -66.98342624 3.621301991e-16)
(-87.9973755 -66.84700143 1.147989056e-16)
(-88.72417434 -66.70384335 2.590272537e-16)
(-89.45040891 -66.55395572 2.453097888e-16)
(-90.17601605 -66.39734584 2.493728223e-16)
(-90.90094064 -66.23402298 1.839010107e-16)
(-91.62513106 -66.06399253 -2.37599638e-17)
(-92.34853094 -65.8872693 -1.762288356e-16)
(-93.07108165 -65.70386213 -2.295824924e-16)
(-93.79273455 -65.51378081 -1.087600785e-15)
(-94.51343103 -65.31703966 -1.225929381e-15)
(-95.23310963 -65.11364384 -1.181641918e-15)
(-95.95172406 -64.90360387 -1.488701875e-15)
(-96.66922711 -64.68694906 -1.451941924e-15)
(-97.38555512 -64.46368019 -1.483877168e-15)
(-98.10065351 -64.2338059 -1.924747621e-15)
(-98.8144751 -63.99735894 -1.971209912e-15)
(-99.52695138 -63.75435668 -1.837882943e-15)
(-100.2380313 -63.50481376 -1.702668684e-15)
(-100.9476628 -63.24874149 -2.078388116e-15)
(-101.6558005 -62.98615472 -1.944892526e-15)
(-102.362392 -62.71706833 -1.792571948e-15)
(-103.0673885 -62.44159253 -1.581488595e-15)
(-103.7760154 -62.18978175 -1.332543306e-15)
(-105.5186993 -61.21679815 6.005483784e-16)
(-106.3435947 -60.93067816 -1.277760791e-16)
(-106.8057865 -60.98287838 -1.657719917e-15)
(-107.1530999 -61.15473467 -1.38617734e-15)
(-107.4600613 -61.34816949 -1.530463637e-15)
(-107.7499148 -61.53588582 -1.458286953e-15)
(-108.0296692 -61.71389898 -9.047402468e-16)
(-108.3016553 -61.88368927 -1.362101464e-15)
(-108.5668688 -62.04705474 -9.107459469e-16)
(-108.825829 -62.20512768 -1.993646234e-15)
(-109.0786517 -62.35834349 -2.539672491e-15)
(-109.325054 -62.50660697 -3.002997688e-15)
(-109.5643734 -62.64944026 -4.371942236e-15)
(-109.7956095 -62.78612229 -3.737133093e-15)
(-110.0176221 -62.91589394 -4.686040451e-15)
(-110.2292714 -63.0381 -5.057305718e-15)
(-110.4296042 -63.15233779 -4.765741876e-15)
(-110.6180507 -63.25856326 -3.20478021e-15)
(-110.7944842 -63.35709411 -3.38354112e-15)
(-110.9592781 -63.44858736 -3.64059328e-15)
(-111.1132331 -63.53392963 -3.747897569e-15)
(-111.2574624 -63.61412199 -3.674748312e-15)
(-111.3933096 -63.69019559 -4.180020912e-15)
(-111.5221605 -63.7630826 -2.957146623e-15)
(-111.6453398 -63.83356876 -3.600701445e-15)
(-111.7640271 -63.9022609 -2.916574858e-15)
(-111.8791664 -63.96956607 -3.659309623e-15)
(-111.9915005 -64.03574198 -4.975381449e-15)
(-112.1015314 -64.10089554 -5.092881011e-15)
(-112.209543 -64.16502201 -5.327597036e-15)
(-112.3156736 -64.22805554 -6.183145688e-15)
(-112.4199184 -64.28987863 -5.288833645e-15)
(-112.5222003 -64.35036464 -5.150340138e-15)
(-112.6223782 -64.40937449 -3.95192117e-15)
(-112.7202668 -64.46677096 -3.852729373e-15)
(-112.8156982 -64.52244653 -3.325163059e-15)
(-112.9085055 -64.57631391 -3.385284355e-15)
(-112.9985746 -64.62833568 -2.963425127e-15)
(-113.0858348 -64.6785115 -4.010810863e-15)
(-113.1702584 -64.72688005 -3.586843264e-15)
(-113.2519165 -64.77354626 -3.976209166e-15)
(-113.3309307 -64.81864046 -3.119069888e-15)
(-113.4074577 -64.86230837 -2.952810557e-15)
(-113.481709 -64.90471092 -3.961904401e-15)
(-113.5538914 -64.94598825 -3.608369407e-15)
(-113.6242208 -64.98626788 -2.772416499e-15)
(-113.6928814 -65.02563903 -3.643077149e-15)
(-113.7600106 -65.06415647 -3.105575551e-15)
(-113.825737 -65.10186647 -3.000749184e-15)
(-113.8901522 -65.13880024 -2.639861375e-15)
(-113.9533581 -65.17500842 -2.966236786e-15)
(-114.0154571 -65.21055326 -3.122876563e-15)
(-114.076555 -65.24551547 -3.298848801e-15)
(-114.1368235 -65.28002722 -3.451015076e-15)
(-114.1964527 -65.31423412 -2.951649704e-15)
(-114.2556692 -65.34830526 -2.470088301e-15)
(-114.3147344 -65.3824227 -3.404404019e-15)
(-114.3738989 -65.41675219 -2.622201315e-15)
(-114.4334456 -65.45146666 -2.346284681e-15)
(-114.4936305 -65.48670676 -2.501174713e-15)
(-114.5546709 -65.52258257 -2.16209585e-15)
(-114.6167784 -65.55919351 -1.917118118e-15)
(-114.680124 -65.59661609 -1.810049041e-15)
(-114.7448793 -65.63493559 -1.676663137e-15)
(-114.8112041 -65.67423816 -1.386828164e-15)
(-114.879253 -65.71462362 -1.236366362e-15)
(-114.9492245 -65.75623 -1.769560038e-15)
(-115.0213323 -65.79921451 -1.150632169e-15)
(-115.0958377 -65.84376807 -6.674715743e-16)
(-115.173017 -65.89008214 -1.239395713e-15)
(-115.2531338 -65.93833023 -1.061880273e-15)
(-115.3364708 -65.98867978 -1.28609344e-15)
(-115.4232612 -66.04124346 -1.461245668e-15)
(-115.5136665 -66.09607261 -1.046513392e-15)
(-115.6077992 -66.15317132 -9.812646064e-16)
(-115.7056808 -66.21248162 -8.196401777e-16)
(-115.8072801 -66.27391718 -4.105723629e-16)
(-115.9125015 -66.33736139 -3.375454967e-16)
(-116.0212001 -66.40268998 -2.360236821e-16)
(-116.1332426 -66.46980838 -7.692344094e-17)
(-116.248494 -66.53864664 1.522908219e-16)
(-116.3668699 -66.60918787 3.114706854e-16)
(-116.4883203 -66.68144703 4.178184642e-16)
(-116.6128209 -66.75546115 -1.465509104e-16)
(-116.7404171 -66.83130613 -3.657796946e-17)
(-116.871158 -66.90904384 3.500265639e-17)
(-117.0050988 -66.98872332 -1.16375534e-16)
(-117.1422878 -67.07036786 -2.900156162e-16)
(-117.2827179 -67.15394927 -3.646117764e-16)
(-117.4263741 -67.23942235 -3.266818767e-16)
(-117.5731843 -67.32669829 -4.951284232e-16)
(-117.7230224 -67.41566103 -3.61910675e-16)
(-117.8757574 -67.50620085 -2.867536031e-16)
(-118.0312331 -67.59821026 -2.91564758e-16)
(-118.1893201 -67.69161981 -2.860815862e-16)
(-118.3499061 -67.78638741 -3.276751889e-16)
(-118.5128981 -67.88250112 -3.817057618e-16)
(-118.6782821 -67.98000888 -8.619998136e-16)
(-118.846063 -68.07897675 -7.055220727e-16)
(-119.0127115 -68.1852047 -7.301366294e-16)
)
;
    }
    outlet
    {
        type            calculated;
        value           uniform (0 0 0);
    }
    front
    {
        type            wedge;
    }
    back
    {
        type            wedge;
    }
}


// ************************************************************************* //
