/*--------------------------------*- C++ -*----------------------------------*\
| =========                 |                                                 |
| \\      /  F ield         | OpenFOAM: The Open Source CFD Toolbox           |
|  \\    /   O peration     | Version:  v1706                                 |
|   \\  /    A nd           | Web:      www.OpenFOAM.com                      |
|    \\/     M anipulation  |                                                 |
\*---------------------------------------------------------------------------*/
FoamFile
{
    version     2.0;
    format      ascii;
    class       volVectorField;
    location    "0.00017";
    object      wallShearStress;
}
// * * * * * * * * * * * * * * * * * * * * * * * * * * * * * * * * * * * * * //

dimensions      [1 -1 -2 0 0 0 0];


internalField   uniform (0 0 0);

boundaryField
{
    inlet
    {
        type            calculated;
        value           uniform (0 0 0);
    }
    object
    {
        type            calculated;
        value           nonuniform List<vector> 
150
(
(-102.4541676 0.022931196 6.579549724e-12)
(-101.4647217 0.3770799215 -2.069851739e-12)
(-101.4398287 0.7425346029 2.683283958e-12)
(-101.3550917 1.105910148 -8.632658097e-13)
(-101.2464117 1.466727463 7.636048066e-13)
(-101.1168819 1.822547591 -5.635883928e-13)
(-100.966473 2.171633519 -4.913320234e-13)
(-100.7950745 2.512690354 -1.824441145e-15)
(-100.6027053 2.84464212 3.685504444e-13)
(-100.3895017 3.166515112 -6.901585063e-13)
(-100.1556938 3.477381759 -2.144531361e-14)
(-99.90158801 3.776334873 -1.971174268e-14)
(-99.62755464 4.062476753 -2.172139712e-14)
(-99.33401907 4.334915336 -7.221306779e-13)
(-99.02145408 4.592763888 8.383310469e-13)
(-98.69037402 4.835142028 -1.026598719e-12)
(-98.34132841 5.061177238 3.405087511e-13)
(-97.97489584 5.270006526 -7.379448439e-13)
(-97.5916769 5.460778458 -3.740648802e-13)
(-97.19228675 5.632656246 -1.988432602e-13)
(-96.77734763 5.784824779 -6.274874373e-13)
(-96.34748489 5.916510432 2.339938879e-13)
(-95.90333745 6.027039141 -2.964205273e-13)
(-95.44561911 6.116027914 7.141121343e-13)
(-94.97536056 6.184112593 3.38658615e-13)
(-94.49476845 6.236409593 -2.387710666e-13)
(-94.03605302 6.283783576 4.083600491e-13)
(-93.58355896 6.30326175 4.043194567e-13)
(-93.10174297 6.282775578 5.726400945e-15)
(-92.613144 6.236435603 1.861198579e-13)
(-92.19602592 6.216353132 -1.661137757e-13)
(-91.71158758 6.101438853 9.621808553e-14)
(-91.1185404 5.905476362 7.898755327e-15)
(-90.58360299 5.730550375 1.008787178e-14)
(-90.05936664 5.538124696 -2.88810058e-13)
(-89.56333769 5.365034728 -2.727293181e-13)
(-89.13944602 5.442540016 1.879756889e-13)
(-88.70778768 5.63293331 1.169502647e-13)
(-88.16839944 5.672924398 3.533557114e-13)
(-87.58930271 5.623437015 -3.32288773e-13)
(-87.00032624 5.513536929 -2.835928961e-15)
(-86.41535524 5.358325387 1.526710739e-13)
(-85.84109966 5.166342146 2.42157092e-13)
(-85.28088796 4.942833613 1.890630544e-13)
(-84.73640475 4.691291878 9.522682327e-14)
(-84.20852369 4.414220042 3.324416066e-13)
(-83.69773532 4.113549433 2.321900593e-14)
(-83.20469253 3.792635512 1.620703094e-13)
(-82.72924109 3.453732174 5.439530956e-14)
(-82.33099551 1.347792478 5.617274857e-14)
(-72.81853789 -18.8553447 -9.255858985e-14)
(-62.77240817 -24.99480069 2.97443838e-16)
(-58.29520496 -26.94894404 -3.6466803e-14)
(-56.22105555 -27.73376283 -9.189994299e-15)
(-55.07228588 -28.1402414 -1.576262513e-15)
(-54.38012406 -28.41227974 2.097387683e-15)
(-54.03125153 -28.66286847 -6.051297827e-16)
(-54.01374568 -28.96211053 1.301652803e-16)
(-54.33848951 -29.35734469 3.628076942e-16)
(-55.01110612 -29.87748069 1.590000294e-15)
(-56.02353006 -30.53550458 1.663050844e-14)
(-57.35557849 -31.33246344 1.196744932e-14)
(-58.98030116 -32.26218598 5.954504668e-15)
(-60.86914702 -33.31534989 -7.230422732e-15)
(-62.99532543 -34.48222147 4.656747246e-15)
(-65.33532405 -35.75412126 -4.575741655e-15)
(-67.869098 -37.12395387 -1.806943098e-16)
(-70.57957431 -38.58618427 6.920746179e-15)
(-73.45201827 -40.13657428 8.15189599e-15)
(-76.4736625 -41.7718832 1.230563561e-15)
(-79.63403651 -43.48975417 2.496214758e-15)
(-82.92621812 -45.28887906 5.090602115e-16)
(-86.34941646 -47.16967198 1.840514052e-15)
(-89.91293065 -49.13547155 4.237991942e-15)
(-93.64148284 -51.19445377 3.803064037e-15)
(-97.58097009 -53.36201525 2.566076663e-15)
(-101.8014642 -55.66353415 6.225642453e-15)
(-106.3926073 -58.13707186 2.524048699e-15)
(-111.4411926 -60.83349917 2.761489398e-15)
(-116.9811633 -63.81344996 -4.957127723e-16)
(-122.9073636 -67.13012904 9.009027191e-16)
(-128.8658146 -70.77083896 1.047526177e-15)
(-134.1584596 -74.52758499 3.593980296e-15)
(-137.6482309 -77.82813692 1.636914295e-15)
(-137.5634845 -79.59493873 1.11588787e-15)
(-131.3154931 -78.19539893 1.748265797e-15)
(-115.9505046 -71.65882019 1.119864808e-15)
(-89.89972891 -58.37347858 1.280290236e-15)
(-55.57505631 -38.14284645 1.860120434e-15)
(-21.61687123 -15.70851959 3.031316413e-15)
(-2.917076284 -2.630770785 2.483882376e-15)
(-0.05271159228 -0.1830693125 2.252496332e-15)
(0.01426290402 -0.02830823729 2.217299604e-15)
(0.01462606538 -0.02381694233 2.254527265e-15)
(0.01462043415 -0.0237427196 1.995908577e-15)
(0.01461047681 -0.02375077969 1.125483515e-15)
(0.0146010442 -0.02375979796 1.00271329e-15)
(0.01459217509 -0.0237683499 7.318777295e-17)
(0.0145838274 -0.02377644548 -6.273151336e-16)
(0.01457596165 -0.02378411722 -1.056942486e-16)
(0.01456854196 -0.02379139511 -1.38026383e-16)
(0.01456153558 -0.02379830648 -2.000377583e-16)
(0.01455491193 -0.02380487451 -5.462595207e-16)
(0.01454864569 -0.02381112353 -5.164349844e-16)
(0.01454271263 -0.02381707665 -4.072899204e-16)
(0.0145370889 -0.02382275149 -4.309150933e-16)
(0.01453175399 -0.02382816559 -2.688055953e-16)
(0.01452668969 -0.02383333711 -2.359063747e-16)
(0.01452187699 -0.02383827939 -6.969708971e-16)
(0.01451729899 -0.02384300424 -6.966496941e-16)
(0.01451294217 -0.02384752608 -1.236391152e-16)
(0.01450879273 -0.02385185692 -1.576937818e-16)
(0.01450483797 -0.02385600778 4.381641848e-16)
(0.01450106618 -0.02385998886 3.903318089e-16)
(0.01449746647 -0.02386380962 9.091826182e-16)
(0.0144940288 -0.02386747887 3.927294507e-16)
(0.0144907438 -0.02387100482 2.120348565e-18)
(0.0144876028 -0.02387439511 -3.912580726e-16)
(0.01448459768 -0.02387765687 -1.329365744e-15)
(0.01448172089 -0.02388079677 -1.197554156e-15)
(0.01447896523 -0.02388382103 -1.272648708e-15)
(0.01447632324 -0.02388673366 -3.246900113e-16)
(0.01447379054 -0.02388954158 2.148792771e-16)
(0.01447136192 -0.0238922521 8.921538665e-17)
(0.01446903084 -0.02389486839 1.382393195e-16)
(0.01446679249 -0.02389739482 1.564806832e-16)
(0.01446464302 -0.02389983752 1.91049718e-16)
(0.01446257654 -0.02390219881 -4.549940677e-17)
(0.01446058812 -0.02390448041 2.654160924e-18)
(0.01445867519 -0.02390668749 -3.26187251e-16)
(0.01445683395 -0.02390882353 -2.521570484e-16)
(0.01445506077 -0.02391089183 -3.25379829e-16)
(0.01445335197 -0.02391289556 -6.603475876e-17)
(0.01445170342 -0.02391483806 -1.595204127e-17)
(0.01445010999 -0.02391672313 -6.653919821e-17)
(0.01444856427 -0.02391855565 -6.749627067e-16)
(0.0144470548 -0.02392034258 -7.416870349e-16)
(0.01444556338 -0.02392209435 -1.137938822e-15)
(0.0144440616 -0.02392382677 -8.728710745e-16)
(0.01444250679 -0.02392556116 -6.781642137e-16)
(0.01444084305 -0.02392733102 -6.12421454e-16)
(0.0144389976 -0.02392917971 -5.070292184e-16)
(0.01443688449 -0.02393115399 -4.281678443e-16)
(0.01443441591 -0.0239333049 -3.945969141e-16)
(0.01443151147 -0.02393568231 -2.43868654e-16)
(0.01442810137 -0.02393832416 -3.724216378e-16)
(0.01442412489 -0.02394126025 -2.879650949e-16)
(0.01441951924 -0.02394453396 -2.155351541e-16)
(0.01441426328 -0.02394824207 1.075730737e-16)
(0.01440805105 -0.02395379628 5.112434533e-16)
)
;
    }
    outlet
    {
        type            calculated;
        value           uniform (0 0 0);
    }
    front
    {
        type            wedge;
    }
    back
    {
        type            wedge;
    }
}


// ************************************************************************* //
