/*--------------------------------*- C++ -*----------------------------------*\
| =========                 |                                                 |
| \\      /  F ield         | OpenFOAM: The Open Source CFD Toolbox           |
|  \\    /   O peration     | Version:  v1706                                 |
|   \\  /    A nd           | Web:      www.OpenFOAM.com                      |
|    \\/     M anipulation  |                                                 |
\*---------------------------------------------------------------------------*/
FoamFile
{
    version     2.0;
    format      ascii;
    class       volVectorField;
    location    "0.00157";
    object      wallShearStress;
}
// * * * * * * * * * * * * * * * * * * * * * * * * * * * * * * * * * * * * * //

dimensions      [1 -1 -2 0 0 0 0];


internalField   uniform (0 0 0);

boundaryField
{
    inlet
    {
        type            calculated;
        value           nonuniform 0();
    }
    object
    {
        type            calculated;
        value           nonuniform List<vector> 
204
(
(-10.69189048 -30.5830288 -5.185710794e-17)
(-10.7538501 -30.61573503 4.723669262e-17)
(-10.81116269 -30.64239236 1.406783945e-16)
(-10.85937461 -30.66258674 3.837819897e-16)
(-10.90113767 -30.68871036 -1.223078465e-16)
(-10.93476364 -30.72615786 -1.526759402e-16)
(-10.96451709 -30.78001716 1.114675759e-16)
(-10.99238887 -30.84614944 9.160292832e-17)
(-11.02075108 -30.92043318 -2.454972065e-17)
(-11.0513063 -30.9992793 3.246557322e-17)
(-11.08220351 -31.08140277 7.939590233e-16)
(-11.11297016 -31.16744777 1.660251498e-15)
(-11.14379463 -31.25640407 1.991063313e-15)
(-11.17740382 -31.34725967 1.622584744e-15)
(-11.21150939 -31.43951594 9.467208357e-16)
(-11.24620969 -31.53404683 6.167746315e-16)
(-11.28166448 -31.63044677 1.959068227e-16)
(-11.31802644 -31.72832636 1.02621127e-16)
(-11.35537292 -31.82773215 1.488380998e-16)
(-11.39314056 -31.92881061 2.197055518e-16)
(-11.43168045 -32.03097932 3.370282839e-17)
(-11.47101124 -32.13430437 1.469432026e-16)
(-11.51105227 -32.23880839 5.035628326e-16)
(-11.55157809 -32.34461071 5.888462357e-16)
(-11.59278136 -32.4514663 1.724382272e-16)
(-11.63459414 -32.55947396 1.240380423e-16)
(-11.67709289 -32.66849213 1.00153669e-16)
(-11.72013934 -32.77863362 1.491872439e-16)
(-11.76390066 -32.88971553 5.118498552e-16)
(-11.80816058 -33.00191704 2.452550475e-16)
(-11.85318203 -33.1150018 -5.379970274e-17)
(-11.89866839 -33.22920693 -5.497827179e-16)
(-11.94485202 -33.34430954 -3.308549195e-16)
(-11.99155951 -33.46045392 -2.642412371e-16)
(-12.03882878 -33.57756836 -6.25090793e-17)
(-12.086669 -33.6956636 8.171950725e-18)
(-12.13508139 -33.81473944 -6.672405243e-17)
(-12.18406099 -33.93479782 -5.741680365e-16)
(-12.23359946 -34.05583634 -1.801914645e-16)
(-12.28368984 -34.17785635 -1.285432502e-17)
(-12.33432524 -34.30085821 8.571522258e-17)
(-12.38550067 -34.42484587 2.298138708e-18)
(-12.43721192 -34.54982522 3.69813529e-16)
(-12.48945751 -34.67580927 -2.451827967e-16)
(-12.54223508 -34.80281254 -6.539617454e-17)
(-12.59553924 -34.93084637 -5.861963506e-21)
(-12.64936458 -35.05992475 4.081736144e-17)
(-12.70370445 -35.19005914 4.986926727e-16)
(-12.75855272 -35.32126163 2.248577307e-16)
(-12.81390466 -35.45354459 -2.450678595e-16)
(-12.86975797 -35.5869235 -6.385147884e-17)
(-12.92611531 -35.7214218 -3.580166791e-16)
(-12.98298059 -35.8570632 -6.332259638e-17)
(-13.04035909 -35.9938739 1.895879367e-17)
(-13.09825931 -36.13188753 7.131735478e-17)
(-13.15668719 -36.27113562 1.167778976e-16)
(-13.21565018 -36.41165584 1.467794771e-16)
(-13.2751564 -36.55349308 5.420521376e-16)
(-13.33521725 -36.69669677 1.829700398e-16)
(-13.39584801 -36.84132579 1.169353258e-16)
(-13.45707229 -36.98745298 6.286498176e-17)
(-13.5189217 -37.13516391 8.769468687e-17)
(-13.58143283 -37.28455446 8.343014233e-17)
(-13.64464632 -37.43573394 -6.759309808e-17)
(-13.70860446 -37.58881614 2.907923227e-17)
(-13.77336235 -37.74393705 7.89338686e-17)
(-13.83898744 -37.90124008 3.988927477e-16)
(-13.90556077 -38.0608963 2.56439669e-16)
(-13.97314342 -38.22309936 1.323628124e-16)
(-14.04181605 -38.38805454 2.280221833e-16)
(-14.11167013 -38.55599929 1.386647007e-16)
(-14.18279006 -38.72719523 8.011512724e-17)
(-14.25526922 -38.90193811 8.511964629e-17)
(-14.32920309 -39.08055358 1.661563049e-16)
(-14.40471502 -39.2633639 2.415783333e-17)
(-14.48233255 -39.45068774 8.048798249e-17)
(-14.56179595 -39.64322821 4.504945916e-16)
(-14.64374687 -39.84109727 5.567340197e-16)
(-14.72784124 -40.04532924 2.501285565e-16)
(-14.81500884 -40.25585061 7.375026538e-17)
(-14.90497301 -40.47377738 1.275857685e-16)
(-14.99863131 -40.69901694 1.372835449e-16)
(-15.09584237 -40.93323639 7.599897052e-16)
(-15.19639915 -41.1768098 3.681824317e-16)
(-15.30113637 -41.43019079 1.651046172e-16)
(-15.4106514 -41.69455829 3.890009696e-16)
(-15.52510202 -41.97118703 1.371115616e-16)
(-15.64445215 -42.26089387 4.279609344e-17)
(-15.77056629 -42.5640655 -2.716958542e-17)
(-15.90375481 -42.88346193 -2.058141381e-16)
(-16.04387442 -43.22028199 -2.376186149e-16)
(-16.19215724 -43.57567747 -5.292294433e-17)
(-16.35018136 -43.9521895 -2.854045962e-16)
(-16.51959001 -44.35239423 -4.354532038e-16)
(-16.7013684 -44.78041933 -1.417243785e-16)
(-16.89652426 -45.23931663 -2.967059685e-17)
(-17.10904958 -45.73236327 5.580317064e-17)
(-17.34106535 -46.26690108 2.227347358e-16)
(-17.59853724 -46.84919639 1.781315842e-16)
(-17.88480521 -47.49107229 1.221998173e-16)
(-18.21314662 -48.20222181 1.740951217e-16)
(-18.59462467 -49.00758805 2.258025919e-16)
(-19.0678006 -49.92401867 2.606008617e-16)
(-19.72984054 -50.97831025 1.717542528e-16)
(-20.64874971 -51.99557886 1.989578728e-16)
(-21.53214722 -52.95165146 1.778784827e-16)
(-22.428046 -53.78734079 1.420021066e-16)
(-23.34325635 -54.50096721 1.797694859e-16)
(-24.26347824 -55.10245346 1.608194594e-16)
(-25.19119689 -55.60484518 6.479084471e-17)
(-26.12357628 -56.03230675 7.243243086e-17)
(-27.05867761 -56.39049406 1.576975622e-16)
(-27.99444704 -56.69671896 -7.524295014e-17)
(-28.92335324 -56.95201992 1.044410002e-16)
(-29.8495047 -57.1547562 1.089565109e-16)
(-30.77500809 -57.31596588 1.98946495e-16)
(-31.69709663 -57.44187512 2.042981879e-16)
(-32.61073425 -57.53242031 1.69776763e-16)
(-33.51481543 -57.58158118 1.316356955e-16)
(-34.41605705 -57.58919786 -1.052939846e-16)
(-35.31885749 -57.57240512 4.774763145e-17)
(-36.21419468 -57.52994096 1.254025891e-16)
(-37.09868476 -57.46012135 1.818271729e-16)
(-37.97078134 -57.35333415 1.002126462e-16)
(-38.83643837 -57.21878484 6.514846542e-17)
(-39.69336246 -57.04471563 5.133613827e-17)
(-40.5810028 -56.86351292 2.141999546e-18)
(-41.46251976 -56.67985905 2.107377485e-16)
(-42.31007413 -56.46750837 1.794094609e-16)
(-43.13997578 -56.21894749 1.037341079e-16)
(-43.96233563 -55.94689441 -1.968583992e-17)
(-44.77204648 -55.65266034 -1.486409991e-17)
(-45.56917746 -55.33568609 6.319212115e-18)
(-46.35381599 -54.99506939 4.955657452e-17)
(-47.12613851 -54.62920719 1.121948831e-16)
(-47.88821168 -54.24297391 2.659843622e-16)
(-48.637415 -53.83671388 2.446958652e-16)
(-49.37951224 -53.41944812 2.934296019e-16)
(-50.10180983 -52.98080017 1.250026094e-16)
(-50.80576465 -52.51474533 1.710384056e-16)
(-51.50007594 -52.03078136 6.073031083e-17)
(-52.18238578 -51.5314945 8.807296637e-17)
(-52.85197705 -51.02074781 1.430888398e-16)
(-53.50345997 -50.49129254 1.532743682e-16)
(-54.13985984 -49.94165488 2.57070503e-16)
(-54.76341979 -49.37708363 2.568932822e-16)
(-55.37405586 -48.80011261 2.468996903e-16)
(-55.97104823 -48.21367743 8.736471322e-17)
(-56.55152894 -47.61240824 9.827582887e-18)
(-57.11681203 -46.99826612 2.396179045e-16)
(-57.666494 -46.36782111 2.081900958e-16)
(-58.20436578 -45.72847602 1.336562349e-16)
(-58.72817993 -45.08068624 1.44996017e-16)
(-59.23646407 -44.42449431 1.427877467e-16)
(-59.72831916 -43.75499866 6.644166197e-18)
(-60.20704771 -43.07691169 5.093868469e-17)
(-60.67077997 -42.39090837 2.358428657e-16)
(-61.1195224 -41.69378159 2.952627418e-16)
(-61.5559653 -40.99121101 3.098151266e-16)
(-61.97755711 -40.28233245 2.141225207e-16)
(-62.38449075 -39.56526732 2.691953506e-16)
(-62.77805974 -38.84335715 1.925046426e-16)
(-63.15661847 -38.11290369 1.56808671e-16)
(-63.5226224 -37.37888779 2.092464241e-16)
(-63.87432183 -36.63737076 2.05948743e-16)
(-64.21452692 -35.89365817 1.82409395e-16)
(-64.54085498 -35.14771581 6.004757309e-17)
(-64.85227476 -34.39350098 1.026483251e-16)
(-65.15351375 -33.63833646 1.060420707e-16)
(-65.44151201 -32.88246573 1.8720756e-16)
(-65.71506256 -32.11966711 1.558149154e-16)
(-65.97867196 -31.35677525 1.395948785e-16)
(-66.22934778 -30.59326679 1.180090623e-16)
(-66.46670756 -29.8257274 1.444698318e-16)
(-66.69279252 -29.0559668 1.32694062e-16)
(-66.90837006 -28.28665722 1.083320899e-16)
(-67.11251602 -27.51841207 1.98879079e-16)
(-67.30396475 -26.74855991 1.460882114e-16)
(-67.48409896 -25.97664242 8.351143013e-17)
(-67.65394281 -25.20620878 8.719748068e-17)
(-67.81210439 -24.43426892 8.724041002e-17)
(-67.96040252 -23.66385212 9.020006527e-17)
(-68.09780763 -22.89313589 1.027899185e-16)
(-68.2254134 -22.12437129 7.172289448e-17)
(-68.34226674 -21.3555604 8.148071576e-17)
(-68.44964223 -20.58855184 1.017173715e-16)
(-68.54707548 -19.82233252 7.787891566e-17)
(-68.6353293 -19.05829243 6.03819837e-17)
(-68.71370719 -18.29572032 3.356559924e-17)
(-68.78279553 -17.53508238 -1.641171689e-17)
(-68.84274791 -16.77622669 -4.806238261e-18)
(-68.89388472 -16.01971626 -4.181999368e-17)
(-68.93613708 -15.26528589 -3.827753947e-18)
(-68.96981892 -14.5134152 3.456067666e-17)
(-68.99491689 -13.76396494 5.010306173e-17)
(-69.01171452 -13.01725628 5.418706346e-17)
(-69.02031611 -12.27312535 3.95497119e-17)
(-69.02107447 -11.53193774 1.733902537e-17)
(-69.01406969 -10.79359664 1.128932397e-17)
(-68.99957139 -10.05851658 9.328745595e-18)
(-68.97756798 -9.326500448 4.398357667e-17)
(-68.94836356 -8.597956441 3.813716839e-17)
(-68.91246538 -7.872631821 5.783165188e-17)
(-69.10662062 -7.222509808 5.491174932e-17)
)
;
    }
    outlet
    {
        type            calculated;
        value           uniform (0 0 0);
    }
    front
    {
        type            wedge;
    }
    back
    {
        type            wedge;
    }
    procBoundary3to1
    {
        type            processor;
        value           uniform (0 0 0);
    }
    procBoundary3to2
    {
        type            processor;
        value           uniform (0 0 0);
    }
}


// ************************************************************************* //
