/*--------------------------------*- C++ -*----------------------------------*\
| =========                 |                                                 |
| \\      /  F ield         | OpenFOAM: The Open Source CFD Toolbox           |
|  \\    /   O peration     | Version:  v1706                                 |
|   \\  /    A nd           | Web:      www.OpenFOAM.com                      |
|    \\/     M anipulation  |                                                 |
\*---------------------------------------------------------------------------*/
FoamFile
{
    version     2.0;
    format      ascii;
    class       volVectorField;
    location    "0.00239";
    object      wallShearStress;
}
// * * * * * * * * * * * * * * * * * * * * * * * * * * * * * * * * * * * * * //

dimensions      [1 -1 -2 0 0 0 0];


internalField   uniform (0 0 0);

boundaryField
{
    inlet
    {
        type            calculated;
        value           nonuniform 0();
    }
    object
    {
        type            calculated;
        value           nonuniform List<vector> 
196
(
(-0.3871643717 -0.1908884149 -7.159199798e-15)
(-0.3671441689 -0.3124841898 -2.135372118e-14)
(-0.3695892031 -0.4839157585 -3.666775242e-14)
(-0.3714865826 -0.6632598161 -2.37013051e-14)
(-0.3739146493 -0.8450995014 -2.050376816e-14)
(-0.3769532763 -1.027977409 3.03849495e-15)
(-0.3806075401 -1.211324571 1.277945992e-14)
(-0.384873525 -1.39486015 1.554300234e-14)
(-0.3897467005 -1.578419717 1.856065414e-14)
(-0.3952232183 -1.761893321 1.116518331e-14)
(-0.4013000154 -1.945199597 1.159639439e-14)
(-0.4079746941 -2.128273703 3.695181669e-15)
(-0.415245382 -2.311061326 -6.048962181e-16)
(-0.4231106088 -2.493515478 1.367236984e-16)
(-0.4315692069 -2.675594744 -8.257638572e-16)
(-0.440620231 -2.857262267 -2.835340329e-15)
(-0.450262899 -3.038485172 -7.577759504e-15)
(-0.4604965392 -3.219234139 -1.569659673e-14)
(-0.471320554 -3.39948323 -2.04010335e-14)
(-0.4827343859 -3.579209638 -2.127611319e-14)
(-0.4947374952 -3.758393595 -2.604826934e-14)
(-0.5073293399 -3.937018217 -2.3340337e-14)
(-0.5205093612 -4.115069385 -1.77780975e-14)
(-0.5342769735 -4.292535633 -8.459280209e-15)
(-0.5486315549 -4.469408007 -4.483185596e-15)
(-0.5635724427 -4.645679927 -1.194107214e-15)
(-0.5790989302 -4.821347062 -1.42411111e-15)
(-0.5952102669 -4.996407198 -5.625408465e-17)
(-0.6119056518 -5.170860026 1.046527376e-16)
(-0.629184245 -5.344707082 -1.157056157e-15)
(-0.6470451608 -5.517951534 1.01737052e-16)
(-0.6654874726 -5.690598037 1.315150728e-15)
(-0.6845102189 -5.86265261 9.663349215e-16)
(-0.704112401 -6.034122453 -3.259278501e-16)
(-0.7242929917 -6.205015838 -1.155653146e-15)
(-0.7450509336 -6.375341935 -3.448180818e-16)
(-0.766385146 -6.545110707 -5.872344548e-17)
(-0.7882945232 -6.714332738 1.648899061e-16)
(-0.8107779442 -6.883019188 6.383544102e-16)
(-0.8338342653 -7.051181561 2.895347173e-15)
(-0.8574623264 -7.218831679 2.178991862e-15)
(-0.8816609555 -7.385981581 1.909163312e-16)
(-0.9064289621 -7.552643362 -3.130362817e-16)
(-0.9317651395 -7.718829098 1.650902314e-16)
(-0.9576682709 -7.884550828 1.084936127e-15)
(-0.9841371132 -8.049820346 6.473232037e-16)
(-1.011170415 -8.214649271 -1.250174253e-15)
(-1.038766895 -8.379048841 -9.087260239e-16)
(-1.066925259 -8.543029971 -2.095037936e-15)
(-1.09564418 -8.706603107 -1.430117961e-15)
(-1.124922307 -8.869778184 8.661719135e-17)
(-1.154758262 -9.032564699 3.691158571e-16)
(-1.18515063 -9.194971456 1.285486793e-15)
(-1.216097937 -9.357006525 9.332605855e-16)
(-1.247598746 -9.518677896 3.139936906e-15)
(-1.279651466 -9.679992005 7.985506836e-16)
(-1.312254567 -9.840955391 -7.945664908e-16)
(-1.345406391 -10.00157335 -3.719150008e-15)
(-1.379105309 -10.16185097 -2.466990305e-15)
(-1.41334953 -10.32179181 -9.783153673e-16)
(-1.448137376 -10.48139983 -8.122060277e-16)
(-1.483466953 -10.64067709 1.860448375e-16)
(-1.519336414 -10.79962565 4.90780875e-16)
(-1.555743828 -10.95824663 -1.154696029e-16)
(-1.592687195 -11.11654048 -7.927617215e-16)
(-1.630164511 -11.27450717 -5.665850746e-16)
(-1.668173665 -11.43214566 -1.380893534e-15)
(-1.706712585 -11.58945481 -7.991652753e-16)
(-1.745779052 -11.74643218 -4.035422733e-16)
(-1.785370814 -11.90307504 -3.899205787e-16)
(-1.825485705 -12.05938094 -1.555490519e-15)
(-1.866121351 -12.21534571 -7.060256335e-16)
(-1.907275431 -12.37096555 -9.830433054e-18)
(-1.948945614 -12.52623615 -1.447688126e-17)
(-1.99112947 -12.68115256 1.12829212e-16)
(-2.033824583 -12.83570974 -1.664706796e-16)
(-2.077028541 -12.9899025 6.956967182e-16)
(-2.12073879 -13.14372485 1.567237867e-16)
(-2.164952939 -13.29717164 3.800981098e-16)
(-2.209668456 -13.45023678 2.172051006e-16)
(-2.254882788 -13.6029141 8.116399667e-16)
(-2.3005935 -13.75519794 6.431453794e-16)
(-2.346797952 -13.90708175 5.490534025e-16)
(-2.393493678 -14.05855984 2.212858676e-17)
(-2.440678088 -14.20962587 2.118238215e-16)
(-2.488348647 -14.36027394 7.730904126e-16)
(-2.536502758 -14.51049794 2.397730697e-16)
(-2.585137919 -14.66029223 1.35292433e-17)
(-2.634251533 -14.80965106 4.387021681e-17)
(-2.683840976 -14.95856838 -1.204056695e-17)
(-2.733903782 -15.1070393 1.48038268e-16)
(-2.78443723 -15.25505769 -2.190669884e-16)
(-2.835438896 -15.40261912 -6.088614462e-16)
(-2.886906029 -15.54971764 -6.698154443e-16)
(-2.938836072 -15.69634858 -1.020184028e-15)
(-2.991226469 -15.84250733 -6.327804768e-17)
(-3.044074574 -15.98818912 -2.531185056e-16)
(-3.097377659 -16.13338883 1.079932992e-16)
(-3.151133215 -16.27810273 -4.251511841e-17)
(-3.205338365 -16.42232546 3.106203381e-16)
(-3.259990609 -16.56605361 3.595882974e-17)
(-3.315087172 -16.70928274 1.315155915e-16)
(-3.370625279 -16.85200849 4.535696858e-17)
(-3.426602109 -16.99422647 6.425524528e-17)
(-3.483014971 -17.13593333 -4.595408279e-16)
(-3.539861032 -17.27712486 -1.388890952e-16)
(-3.597137279 -17.41779651 -4.21297045e-18)
(-3.654840976 -17.55794491 -1.690516189e-16)
(-3.712969001 -17.69756553 5.447837126e-16)
(-3.771518572 -17.83665497 5.092687969e-16)
(-3.830486472 -17.97520855 1.053966214e-15)
(-3.889869596 -18.11322192 1.306835581e-15)
(-3.949665056 -18.25069201 4.608134808e-16)
(-4.009869358 -18.38761326 -3.931886877e-16)
(-4.070479244 -18.52398129 -1.108918127e-15)
(-4.131491567 -18.65979241 -1.192752792e-15)
(-4.192902895 -18.79504184 -2.025149743e-15)
(-4.254709729 -18.92972454 -7.361311847e-16)
(-4.316908621 -19.06383587 8.52998602e-16)
(-4.379495848 -19.19737044 4.876950232e-16)
(-4.442467888 -19.3303235 1.508293862e-16)
(-4.505820941 -19.46268967 1.343578452e-16)
(-4.569551177 -19.59446332 1.335210207e-16)
(-4.633654589 -19.72563837 -7.724515104e-17)
(-4.698127408 -19.85620991 2.946153381e-16)
(-4.762965469 -19.98617156 2.274668928e-17)
(-4.828164644 -20.11551725 -2.497287418e-16)
(-4.893720581 -20.24424005 -1.178594617e-15)
(-4.959629152 -20.37233439 -8.215969556e-16)
(-5.025885651 -20.49979236 -8.548814443e-18)
(-5.092485824 -20.62660819 -3.515933762e-17)
(-5.159424901 -20.75277409 7.65905614e-17)
(-5.226698187 -20.87828291 1.27324646e-16)
(-5.294300875 -21.00312708 8.342118061e-17)
(-5.362227988 -21.12729896 7.739389403e-18)
(-5.430474547 -21.2507907 1.809767364e-16)
(-5.499035477 -21.37359447 6.426689178e-17)
(-5.567905378 -21.4957014 -6.733255515e-17)
(-5.637078811 -21.61710284 -9.733840115e-17)
(-5.706550596 -21.73779109 6.169744115e-17)
(-5.776314731 -21.85775599 3.770577288e-16)
(-5.846365603 -21.97698878 1.931938219e-16)
(-5.916697393 -22.09548028 1.711500619e-17)
(-5.987303994 -22.21322073 3.670501444e-17)
(-6.058179508 -22.33020076 -3.42453318e-16)
(-6.129317048 -22.44640871 -8.599849057e-17)
(-6.200710683 -22.56183566 3.618003177e-17)
(-6.272353675 -22.67647084 2.605229063e-16)
(-6.344239115 -22.79030286 1.604189599e-16)
(-6.41636016 -22.9033208 -3.441263337e-17)
(-6.488709598 -23.01551294 9.855304688e-17)
(-6.561280259 -23.1268679 -6.757032808e-18)
(-6.63406452 -23.2373734 -2.636023493e-16)
(-6.707054582 -23.3470166 -8.509498503e-17)
(-6.780242841 -23.45578572 -2.149876735e-16)
(-6.85362092 -23.56366705 1.118659567e-16)
(-6.927180535 -23.67064702 1.332870454e-17)
(-7.000912838 -23.77671133 -3.812593103e-16)
(-7.074809369 -23.88184678 -4.948480524e-17)
(-7.148860759 -23.98603798 2.500024906e-18)
(-7.223057667 -24.08926983 1.732391449e-17)
(-7.297389993 -24.19152557 3.433691712e-16)
(-7.371848006 -24.29278992 9.89267796e-17)
(-7.446421305 -24.39304602 5.362791213e-18)
(-7.521098829 -24.49227558 4.188533533e-16)
(-7.595869728 -24.59046113 1.005089078e-16)
(-7.670722071 -24.68758319 1.778542762e-16)
(-7.74564367 -24.78362138 6.424817697e-16)
(-7.820622379 -24.87855665 9.117066727e-16)
(-7.895644705 -24.97236629 1.056214476e-15)
(-7.970696883 -25.06502748 1.006436493e-15)
(-8.045764168 -25.15651576 5.824446619e-16)
(-8.120832223 -25.24680827 6.447067407e-16)
(-8.195884758 -25.33587758 3.351111376e-16)
(-8.270904845 -25.42369543 1.888258024e-16)
(-8.34587505 -25.51023272 3.156763734e-17)
(-8.420776279 -25.5954576 -2.064584797e-16)
(-8.495588507 -25.67933634 -2.263160979e-16)
(-8.570290582 -25.76183381 -6.521673099e-17)
(-8.64485938 -25.84291091 1.450678655e-17)
(-8.719270046 -25.92252561 8.34980371e-17)
(-8.793495569 -26.00063219 7.470649334e-17)
(-8.867507577 -26.07718351 -7.521815126e-17)
(-8.941273635 -26.15212452 1.915495671e-16)
(-9.014758645 -26.22539617 9.176910549e-17)
(-9.087923442 -26.29693255 3.82872065e-16)
(-9.160724335 -26.36666095 3.025010707e-16)
(-9.233111736 -26.43449892 1.635129743e-16)
(-9.305028541 -26.50035237 1.122494463e-16)
(-9.376409496 -26.5641156 -1.491281053e-16)
(-9.447176741 -26.62566372 -4.408023387e-16)
(-9.517237642 -26.68485153 -1.893982594e-16)
(-9.586478688 -26.74150535 -3.525968141e-17)
(-9.654758229 -26.79541646 -2.745164467e-16)
(-9.721891451 -26.84632494 8.620280685e-18)
(-9.787625746 -26.89390545 -2.131718507e-17)
)
;
    }
    outlet
    {
        type            calculated;
        value           nonuniform 0();
    }
    front
    {
        type            wedge;
    }
    back
    {
        type            wedge;
    }
    procBoundary1to0
    {
        type            processor;
        value           uniform (0 0 0);
    }
    procBoundary1to2
    {
        type            processor;
        value           uniform (0 0 0);
    }
    procBoundary1to3
    {
        type            processor;
        value           uniform (0 0 0);
    }
}


// ************************************************************************* //
