/*--------------------------------*- C++ -*----------------------------------*\
| =========                 |                                                 |
| \\      /  F ield         | OpenFOAM: The Open Source CFD Toolbox           |
|  \\    /   O peration     | Version:  v1706                                 |
|   \\  /    A nd           | Web:      www.OpenFOAM.com                      |
|    \\/     M anipulation  |                                                 |
\*---------------------------------------------------------------------------*/
FoamFile
{
    version     2.0;
    format      ascii;
    class       volVectorField;
    location    "0.00163";
    object      wallShearStress;
}
// * * * * * * * * * * * * * * * * * * * * * * * * * * * * * * * * * * * * * //

dimensions      [1 -1 -2 0 0 0 0];


internalField   uniform (0 0 0);

boundaryField
{
    inlet
    {
        type            calculated;
        value           uniform (0 0 0);
    }
    object
    {
        type            calculated;
        value           nonuniform List<vector> 
400
(
(-0.45750199 -0.2049719304 -6.08957618e-15)
(-0.4379401584 -0.3452801405 -1.607247815e-14)
(-0.4409075465 -0.540716792 -3.483607461e-14)
(-0.4428957078 -0.7432526711 -3.01656294e-14)
(-0.4454908675 -0.9480890565 -1.701181496e-14)
(-0.4487032223 -1.153830285 6.644782377e-15)
(-0.4524853785 -1.359834045 1.774047623e-14)
(-0.4568858242 -1.565737536 1.953817128e-14)
(-0.4619203674 -1.771353998 2.192051078e-14)
(-0.4675689481 -1.976541867 1.558117232e-14)
(-0.4738213093 -2.181177059 1.197813365e-14)
(-0.4806623337 -2.385156084 2.150771622e-15)
(-0.4880862081 -2.58836067 -1.695534149e-15)
(-0.4961176551 -2.790690011 -2.723677839e-17)
(-0.5047811231 -2.992095794 -3.156470218e-16)
(-0.5140629105 -3.192542776 -1.005675933e-15)
(-0.5239586789 -3.391980796 -5.380402858e-15)
(-0.5344777411 -3.590363819 -1.21956463e-14)
(-0.5456276674 -3.787672989 -1.698863232e-14)
(-0.5574078544 -3.983891474 -1.897754677e-14)
(-0.5698260969 -4.179010259 -2.178536596e-14)
(-0.5828868121 -4.373038335 -1.841595339e-14)
(-0.5965723774 -4.56596417 -1.300340364e-14)
(-0.6109190143 -4.757806389 -8.657160958e-15)
(-0.6258933207 -4.948590724 -2.475599353e-15)
(-0.6415191047 -5.138327062 -3.960686154e-16)
(-0.6577749889 -5.327038853 -1.003159817e-16)
(-0.6746994283 -5.514747298 3.345714976e-17)
(-0.692262899 -5.701505066 -4.364277687e-17)
(-0.7104554058 -5.887335481 -1.11989492e-15)
(-0.7292867303 -6.072254421 -1.011482224e-18)
(-0.7487734331 -6.256309647 1.637136274e-15)
(-0.7688903689 -6.439546113 6.876857186e-16)
(-0.7896390921 -6.621983119 -5.161236334e-16)
(-0.8110307121 -6.803661063 -1.555683149e-15)
(-0.8330562099 -6.984622441 -1.232223515e-16)
(-0.8557086869 -7.164894938 5.151617478e-17)
(-0.8789884541 -7.344503812 6.222653979e-17)
(-0.902904921 -7.523486589 5.396120004e-16)
(-0.9274441335 -7.701882947 2.085735276e-15)
(-0.9526029672 -7.879714777 7.779049499e-16)
(-0.9783829768 -8.057005986 6.629651971e-17)
(-1.004787726 -8.233785911 -6.401408812e-18)
(-1.031810277 -8.41008161 4.088738365e-17)
(-1.05945043 -8.585912805 1.544889085e-15)
(-1.087703433 -8.76129931 1.426540188e-15)
(-1.116566034 -8.936256774 8.505727107e-17)
(-1.146036921 -9.110800456 6.408115139e-16)
(-1.176116089 -9.284946015 -9.238376117e-17)
(-1.206802457 -9.45870839 1.370776201e-17)
(-1.238094072 -9.632100414 9.46087051e-17)
(-1.269988424 -9.805132689 3.902583049e-16)
(-1.302482986 -9.977813572 1.61601509e-15)
(-1.335575635 -10.15015005 1.389746662e-15)
(-1.369265377 -10.32214959 3.42431866e-15)
(-1.403551335 -10.49381905 1.297171948e-15)
(-1.43843131 -10.66516553 -1.010185357e-17)
(-1.473902079 -10.83619399 -1.275035227e-15)
(-1.509961325 -11.00690915 -1.256034837e-15)
(-1.546608407 -11.17731551 -3.701792812e-16)
(-1.583843357 -11.34741966 -3.983839248e-16)
(-1.621665535 -11.51722699 1.614443289e-16)
(-1.660074097 -11.68674337 2.897257372e-16)
(-1.699067393 -11.85597386 1.139822012e-17)
(-1.738643164 -12.02492268 3.355700805e-18)
(-1.778799486 -12.19359371 -4.379324207e-16)
(-1.819535389 -12.36199071 -1.400772696e-15)
(-1.86085087 -12.53011846 -1.212729181e-15)
(-1.902745787 -12.69798106 -6.157536568e-16)
(-1.945219477 -12.86558229 -1.874877329e-16)
(-1.988271022 -13.0329259 -5.579953948e-16)
(-2.031898935 -13.20001348 -6.412761441e-16)
(-2.076101506 -13.36684668 -1.240229982e-17)
(-2.120877023 -13.53342648 9.236979178e-17)
(-2.166223965 -13.69975322 2.864662503e-17)
(-2.21214125 -13.86582734 -3.216149658e-16)
(-2.258628096 -14.03164936 4.72968514e-16)
(-2.305683666 -14.19721889 -3.736278212e-17)
(-2.353307207 -14.36253635 2.6089031e-16)
(-2.401497622 -14.52760088 1.165021861e-16)
(-2.450253584 -14.69241121 7.000663855e-16)
(-2.499573731 -14.85696636 7.03236368e-16)
(-2.549456339 -15.02126404 1.012016489e-17)
(-2.599899767 -15.18530247 -1.761401805e-17)
(-2.650902217 -15.34907876 1.573840417e-16)
(-2.702461987 -15.51258999 5.510415618e-16)
(-2.754577355 -15.67583252 -6.604169056e-17)
(-2.807246727 -15.83880265 -1.918826311e-17)
(-2.860468386 -16.00149597 -2.192852038e-17)
(-2.914240557 -16.16390712 -8.53218051e-17)
(-2.96856157 -16.32603145 5.865336345e-17)
(-3.023429356 -16.48786236 -3.845784469e-16)
(-3.078842038 -16.6493946 -3.419294076e-16)
(-3.134797202 -16.8106207 -3.738102139e-16)
(-3.19129245 -16.9715341 -9.269635733e-16)
(-3.248325199 -17.13212783 -1.132909202e-16)
(-3.305892672 -17.29239428 -4.230987075e-16)
(-3.363992018 -17.45232522 1.319708005e-16)
(-3.422620799 -17.61191369 1.067716764e-16)
(-3.481776522 -17.7711513 8.595740334e-18)
(-3.541457313 -17.93003297 -3.057320266e-17)
(-3.601661368 -18.08856206 -7.248587936e-17)
(-3.662343674 -18.24676865 8.013075217e-17)
(-3.723340732 -18.40447328 8.373971028e-17)
(-3.785183974 -18.56157158 -3.071707009e-16)
(-3.847605049 -18.71847683 -8.175833363e-17)
(-3.910458854 -18.87508352 -2.555325911e-16)
(-3.973700047 -19.03130603 -1.026643399e-16)
(-4.037392964 -19.18704513 6.948162899e-16)
(-4.101606525 -19.34229862 1.003160714e-15)
(-4.166333437 -19.49709446 1.42410532e-15)
(-4.23155701 -19.6514304 1.475064005e-15)
(-4.297267303 -19.80529965 4.95019385e-16)
(-4.36345721 -19.95869063 -2.979259315e-16)
(-4.430121469 -20.1115918 -8.223189746e-16)
(-4.497255397 -20.2639916 -1.649630151e-15)
(-4.564853909 -20.41587662 -2.683711002e-15)
(-4.632911492 -20.5672325 -1.47217525e-15)
(-4.701422366 -20.71804453 3.823893882e-16)
(-4.770380271 -20.86829645 2.325521447e-16)
(-4.839778815 -21.01797198 1.086218923e-16)
(-4.909611366 -21.16705339 8.626179334e-17)
(-4.979871786 -21.31552256 1.132519382e-16)
(-5.050553518 -21.46336287 1.093156861e-16)
(-5.121640172 -21.61058232 5.63702557e-16)
(-5.192996372 -21.75707884 2.532433418e-16)
(-5.26487607 -21.90271185 -2.424747752e-16)
(-5.337236295 -22.04771312 -1.275049665e-15)
(-5.409976034 -22.19205059 -9.534376448e-16)
(-5.483027232 -22.33565905 -2.513669911e-16)
(-5.55638446 -22.47844625 -3.184682608e-16)
(-5.630086272 -22.62036906 -1.470126153e-16)
(-5.704135982 -22.76142567 1.014782076e-16)
(-5.778521743 -22.90159831 1.580041035e-16)
(-5.85323121 -23.04086516 9.308809857e-17)
(-5.928252936 -23.1792032 -3.623597286e-17)
(-6.003575562 -23.31658926 1.238322521e-17)
(-6.079189085 -23.45299947 -4.423510222e-16)
(-6.15508216 -23.58841156 -3.275416322e-16)
(-6.231245981 -23.72280366 -8.679357881e-17)
(-6.307671446 -23.85615489 3.942224505e-16)
(-6.384349668 -23.98844779 3.485344944e-16)
(-6.461264961 -24.11966146 8.522468328e-17)
(-6.538428683 -24.24979585 7.198399543e-17)
(-6.615730307 -24.37892754 -4.309512411e-16)
(-6.692779298 -24.50671254 -1.268489093e-16)
(-6.77067054 -24.63278374 4.323469675e-17)
(-6.848972398 -24.75813883 9.952493879e-17)
(-6.927251881 -24.88254863 1.196073124e-16)
(-7.005368075 -25.0057893 -1.492243569e-16)
(-7.083288036 -25.12749284 1.214020385e-16)
(-7.161747036 -25.24746701 2.208428156e-17)
(-7.240554157 -25.36628113 -5.282825475e-16)
(-7.319348214 -25.48396855 -5.564968073e-16)
(-7.398020656 -25.60031053 -8.391707539e-16)
(-7.476546851 -25.71510193 -2.96024657e-16)
(-7.555025484 -25.82813646 -1.47814771e-16)
(-7.634001722 -25.93949198 -5.941058893e-16)
(-7.712924942 -26.04965832 -4.44459357e-16)
(-7.791509549 -26.1581816 -2.590382758e-16)
(-7.870340036 -26.26489982 6.263640736e-17)
(-7.948943028 -26.37019564 5.361052292e-16)
(-8.027316959 -26.47361408 2.600315342e-16)
(-8.105820995 -26.57521476 1.585732422e-16)
(-8.184053955 -26.67518127 6.799414251e-16)
(-8.262251749 -26.77322808 2.827062377e-16)
(-8.340195698 -26.86953311 1.566979934e-16)
(-8.418043633 -26.96390103 7.258710455e-16)
(-8.49563452 -27.05644337 1.059621099e-15)
(-8.573114093 -27.14703357 1.381168385e-15)
(-8.65028473 -27.23577976 1.427361364e-15)
(-8.7273257 -27.32247703 9.967594593e-16)
(-8.804055985 -27.40731948 9.716908526e-16)
(-8.880460445 -27.4902058 5.311748517e-16)
(-8.95652232 -27.57110261 2.818641808e-16)
(-9.032231956 -27.64995368 -7.655856188e-18)
(-9.107599425 -27.72671465 -4.689069764e-16)
(-9.182643461 -27.80137365 -6.75221766e-16)
(-9.257344177 -27.87394994 -5.020465958e-16)
(-9.331662347 -27.94442213 -1.587179861e-16)
(-9.405612546 -28.01277651 1.389999871e-17)
(-9.479095401 -28.07902403 -2.399854223e-18)
(-9.552021806 -28.14301607 -7.186694209e-17)
(-9.624486055 -28.20468036 1.115225856e-16)
(-9.696324161 -28.26410913 1.012448676e-16)
(-9.767257226 -28.32096871 5.161198316e-16)
(-9.838024102 -28.37502379 4.098898039e-16)
(-9.907924672 -28.42690016 2.493326889e-16)
(-9.977129356 -28.47587998 1.371436012e-16)
(-10.04558365 -28.5221851 -1.690616977e-16)
(-10.11312283 -28.56573538 -3.335220852e-16)
(-10.17921129 -28.60625183 -8.362925408e-17)
(-10.24438712 -28.6431498 -9.318520896e-17)
(-10.30823011 -28.67670214 -3.256154584e-16)
(-10.3708936 -28.70642394 -1.521606953e-18)
(-10.43169282 -28.73249174 4.100510609e-17)
(-10.48963285 -28.75392034 -2.416147918e-16)
(-10.54490609 -28.76963004 2.058399745e-17)
(-10.59570174 -28.7798339 1.648708415e-16)
(-10.63719999 -28.78394458 4.600604258e-16)
(-10.67081583 -28.79063316 -8.673183643e-17)
(-10.69759976 -28.80888137 -1.925418345e-16)
(-10.72039781 -28.84212073 1.19357722e-16)
(-10.74183073 -28.88546709 1.483446232e-16)
(-10.76289817 -28.93505942 9.881878383e-19)
(-10.78435042 -28.9889934 4.278234419e-17)
(-10.80641942 -29.04624906 6.343271906e-16)
(-10.82916817 -29.10621897 1.397417065e-15)
(-10.85259306 -29.16852915 1.788117234e-15)
(-10.87671966 -29.23296641 1.379086781e-15)
(-10.90141681 -29.29940402 9.087844844e-16)
(-10.92673579 -29.36759384 5.737332941e-16)
(-10.9526888 -29.43748359 2.886604987e-16)
(-10.97921737 -29.5091196 8.481737365e-17)
(-11.00621489 -29.58239992 1.210570897e-16)
(-11.03369114 -29.65714634 2.08371476e-16)
(-11.06166107 -29.73329435 5.422783729e-17)
(-11.0901283 -29.81081628 1.637615897e-16)
(-11.11909027 -29.88969475 3.157099717e-16)
(-11.14854357 -29.96991724 3.678347071e-16)
(-11.17848581 -30.05147438 1.847188579e-16)
(-11.20891518 -30.13435786 1.428964182e-16)
(-11.23983232 -30.21856529 9.681126131e-17)
(-11.27123896 -30.30409786 1.511306453e-16)
(-11.30314215 -30.3909784 3.3961424e-16)
(-11.3354869 -30.47925998 2.483643044e-16)
(-11.36822011 -30.56886664 -6.104368372e-17)
(-11.40155322 -30.65954792 -4.185186004e-16)
(-11.43545804 -30.75148583 -3.243713808e-16)
(-11.4698133 -30.84482777 -3.166001142e-16)
(-11.50462975 -30.93958139 -6.969785084e-17)
(-11.53994787 -31.03575674 -4.232725806e-17)
(-11.57582133 -31.13341587 -7.417223808e-17)
(-11.61210826 -31.23260723 -3.509205965e-16)
(-11.64915909 -31.33319733 -1.956344587e-16)
(-11.68647958 -31.43530988 -4.093223713e-17)
(-11.72458825 -31.5385573 1.064409026e-16)
(-11.76319416 -31.64340413 7.648232416e-17)
(-11.80233247 -31.74966977 2.443785252e-16)
(-11.84211441 -31.85760879 -1.162918177e-16)
(-11.88250873 -31.96722093 -1.330683465e-16)
(-11.92360157 -32.07856832 3.495675419e-17)
(-11.96536885 -32.19171413 7.631643799e-17)
(-12.00779894 -32.30664859 2.986583632e-16)
(-12.05093426 -32.42341946 2.790576506e-16)
(-12.09473693 -32.54209791 -2.872708114e-17)
(-12.13918373 -32.66264557 -7.497751905e-17)
(-12.18434781 -32.78495607 -2.172846052e-16)
(-12.23059991 -32.90911731 -4.888094114e-17)
(-12.27751411 -33.03553639 7.486226747e-17)
(-12.32573611 -33.16400844 8.693438681e-17)
(-12.3747516 -33.29543203 1.631433408e-16)
(-12.42446487 -33.42925965 1.700098509e-16)
(-12.47578897 -33.56558927 3.838242516e-16)
(-12.52828521 -33.70521337 2.589324968e-16)
(-12.58173242 -33.84790567 1.821115054e-16)
(-12.63638485 -33.99360892 9.969930738e-17)
(-12.69240828 -34.14256041 1.037884071e-16)
(-12.74985591 -34.29496164 1.405461495e-16)
(-12.80878816 -34.45101286 -2.518284393e-17)
(-12.86927321 -34.61090665 1.083931164e-17)
(-12.9313844 -34.77486051 9.793757511e-17)
(-12.99510417 -34.9430856 2.756222419e-16)
(-13.06056223 -35.11569793 2.963778669e-16)
(-13.1276573 -35.29283851 1.546710915e-16)
(-13.19651825 -35.47440613 2.14812991e-16)
(-13.26810241 -35.66056772 1.291257315e-16)
(-13.342234 -35.85279438 1.416276021e-16)
(-13.41816179 -36.05126815 9.966885078e-17)
(-13.4970277 -36.25541034 2.00739449e-16)
(-13.57882385 -36.46646802 8.388089037e-17)
(-13.66329417 -36.68468427 6.762849227e-17)
(-13.75045049 -36.91027568 3.749460434e-16)
(-13.84064424 -37.14338975 4.735857127e-16)
(-13.93422021 -37.38452208 2.71689543e-16)
(-14.03139497 -37.6342354 7.852658944e-17)
(-14.13239259 -37.89315506 1.513380405e-16)
(-14.23711252 -38.16209678 2.242015207e-16)
(-14.34487665 -38.44099993 7.87061637e-16)
(-14.45814983 -38.72902289 4.675972393e-16)
(-14.57691283 -39.02944449 2.50041004e-16)
(-14.70074895 -39.34255408 4.529332685e-16)
(-14.83057924 -39.66898902 1.993998546e-16)
(-14.96636125 -40.0103379 1.371268806e-16)
(-15.10835533 -40.36713488 -5.033886614e-17)
(-15.25777416 -40.74024318 -3.746429615e-16)
(-15.41520899 -41.13157879 -4.498562613e-16)
(-15.58114431 -41.54297277 -2.524098677e-16)
(-15.75597109 -41.97613426 -5.284398754e-16)
(-15.94176512 -42.432289 -6.750208971e-16)
(-16.13985907 -42.91508166 -1.758749399e-16)
(-16.35128154 -43.42794482 -1.992638023e-17)
(-16.57895011 -43.97402689 1.060014592e-16)
(-16.82548094 -44.55918648 3.275455647e-16)
(-17.09574781 -45.18998208 2.982202417e-16)
(-17.39402532 -45.87644628 1.65042122e-16)
(-17.73152195 -46.62926063 2.482842704e-16)
(-18.12044499 -47.46953882 2.493241377e-16)
(-18.59817765 -48.41593468 2.644632191e-16)
(-19.25902846 -49.49277009 2.471188664e-16)
(-20.17130898 -50.52810311 2.092034989e-16)
(-21.03808318 -51.49091864 2.099128888e-16)
(-21.9115614 -52.33422497 1.509273363e-16)
(-22.80626915 -53.04823093 2.151237072e-16)
(-23.71305173 -53.65440658 2.068643528e-16)
(-24.62766171 -54.16894008 1.265021647e-16)
(-25.54550221 -54.6094977 9.954121909e-17)
(-26.46342327 -54.98422527 1.287309434e-16)
(-27.38010371 -55.30378527 -6.303308482e-17)
(-28.29250784 -55.57234796 1.220381088e-16)
(-29.20323932 -55.79027437 1.627597859e-16)
(-30.1141239 -55.96726456 2.444021794e-16)
(-31.02191459 -56.10874503 2.618444264e-16)
(-31.92157971 -56.21453458 2.429531981e-16)
(-32.81347231 -56.27837399 1.499296725e-16)
(-33.70272561 -56.30682668 -4.493673655e-17)
(-34.58861218 -56.30694291 4.310512135e-17)
(-35.46588636 -56.27843269 1.72831542e-16)
(-36.33411671 -56.21437731 1.926978489e-16)
(-37.19927506 -56.12514544 1.500985337e-16)
(-38.05373909 -56.00849653 1.314138609e-16)
(-38.90251955 -55.85398848 7.939419772e-17)
(-39.79348432 -55.70407081 9.768524528e-17)
(-40.65254753 -55.54105033 1.255876786e-16)
(-41.48205 -55.33812503 1.408278483e-16)
(-42.29582067 -55.10015778 9.330263301e-17)
(-43.103972 -54.8396828 8.195160209e-17)
(-43.90031816 -54.55700508 -1.100315556e-16)
(-44.68362698 -54.25092197 1.787836509e-17)
(-45.45467298 -53.92410347 -1.457596767e-17)
(-46.21125092 -53.56956413 9.484358066e-17)
(-46.95921913 -53.19570732 2.901695335e-16)
(-47.69339478 -52.80344234 2.484765134e-16)
(-48.41195791 -52.38606977 3.980924891e-16)
(-49.12072624 -51.95143047 2.607931707e-16)
(-49.81697053 -51.50068812 1.895438608e-16)
(-50.49861783 -51.03445722 1.156886866e-16)
(-51.16423206 -50.54735404 1.337025555e-16)
(-51.81771603 -50.04338014 1.777670324e-16)
(-52.45646036 -49.52381761 1.981098428e-16)
(-53.08044698 -48.99014128 3.944217004e-16)
(-53.69111221 -48.43895392 3.346164772e-16)
(-54.28901513 -47.87472336 3.017769792e-16)
(-54.87156988 -47.29606575 1.746520445e-16)
(-55.44024751 -46.70595124 1.074310477e-16)
(-55.99364342 -46.1023246 2.246149396e-16)
(-56.5324862 -45.48794677 2.328993814e-16)
(-57.05669663 -44.85906949 1.588030261e-16)
(-57.56793509 -44.22299884 2.008644538e-16)
(-58.06250024 -43.57621136 1.784660539e-16)
(-58.54194807 -42.92150132 1.392188352e-16)
(-59.00414867 -42.25331014 1.099993582e-16)
(-59.45471777 -41.57767742 1.566874421e-16)
(-59.8908558 -40.8959387 2.937166994e-16)
(-60.31108008 -40.20416841 2.709961192e-16)
(-60.71746113 -39.50591554 2.837740051e-16)
(-61.10900121 -38.79801372 3.647144427e-16)
(-61.48795344 -38.0872355 3.04127202e-16)
(-61.8509339 -37.36691367 2.244698205e-16)
(-62.20164924 -36.64423643 3.195646375e-16)
(-62.53690773 -35.91395266 2.912317098e-16)
(-62.85985601 -35.17962528 2.506239334e-16)
(-63.16934278 -34.44340733 1.671303238e-16)
(-63.46393336 -33.70095296 1.432101928e-16)
(-63.74628012 -32.95546687 1.31108403e-16)
(-64.01539759 -32.20872421 2.360750355e-16)
(-64.26997263 -31.45645553 2.046935083e-16)
(-64.51277448 -30.70231724 1.677426762e-16)
(-64.74312167 -29.94674379 1.472190769e-16)
(-64.96103814 -29.18993907 1.728173606e-16)
(-65.16656865 -28.4318941 1.532515623e-16)
(-65.35988883 -27.67286573 1.364364027e-16)
(-65.54112674 -26.91295386 1.879962676e-16)
(-65.7105499 -26.15248253 1.719097114e-16)
(-65.86836079 -25.39164442 1.159751246e-16)
(-66.01477413 -24.63081138 1.146490723e-16)
(-66.14996881 -23.87011041 1.058579891e-16)
(-66.27423284 -23.1099342 1.251471696e-16)
(-66.38767569 -22.35047651 1.086223889e-16)
(-66.49043823 -21.59204733 8.50234744e-17)
(-66.58264019 -20.83469766 9.281670735e-17)
(-66.66455466 -20.07869912 1.045708593e-16)
(-66.73635104 -19.32417283 6.226126806e-17)
(-66.79828326 -18.57135634 -1.169503148e-17)
(-66.85056006 -17.82039757 -1.02763786e-16)
(-66.89341037 -17.07159637 -3.353398263e-17)
(-66.92697711 -16.32506515 -5.699349852e-18)
(-66.95146428 -15.58104555 -1.626492489e-17)
(-66.9670157 -14.83958766 2.606761483e-17)
(-66.97386797 -14.10090186 3.161542971e-17)
(-66.97218142 -13.36505054 4.685197471e-17)
(-66.96218252 -12.63225287 5.182377627e-17)
(-66.94401933 -11.90252984 3.559889218e-17)
(-66.91793977 -11.17610273 1.604721052e-17)
(-66.88408235 -10.452963 1.728532863e-17)
(-66.84270622 -9.733327332 2.844873145e-17)
(-66.7939632 -9.017142772 5.642538287e-17)
(-66.73815455 -8.304748654 5.289782643e-17)
(-66.67585943 -7.596042521 6.63858228e-17)
(-66.83745664 -6.954125186 4.808045874e-17)
)
;
    }
    outlet
    {
        type            calculated;
        value           uniform (0 0 0);
    }
    front
    {
        type            wedge;
    }
    back
    {
        type            wedge;
    }
}


// ************************************************************************* //
