/*--------------------------------*- C++ -*----------------------------------*\
| =========                 |                                                 |
| \\      /  F ield         | OpenFOAM: The Open Source CFD Toolbox           |
|  \\    /   O peration     | Version:  v1706                                 |
|   \\  /    A nd           | Web:      www.OpenFOAM.com                      |
|    \\/     M anipulation  |                                                 |
\*---------------------------------------------------------------------------*/
FoamFile
{
    version     2.0;
    format      ascii;
    class       volScalarField;
    location    "0.00163";
    object      wallHeatFlux;
}
// * * * * * * * * * * * * * * * * * * * * * * * * * * * * * * * * * * * * * //

dimensions      [1 0 -3 0 0 0 0];


internalField   uniform 0;

boundaryField
{
    inlet
    {
        type            calculated;
        value           uniform 0;
    }
    object
    {
        type            calculated;
        value           nonuniform List<scalar> 
400
(
390885.793
391406.6357
391609.1787
391737.0301
391828.1642
391896.6074
391948.4956
391988.0474
392017.9804
392040.0462
392055.3304
392064.5601
392068.0039
392066.5225
392060.7009
392051.0075
392037.6211
392020.9061
392001.1446
391978.4953
391953.2041
391925.3661
391895.0077
391862.6072
391827.9404
391791.2097
391752.3791
391711.7553
391669.2962
391624.9973
391578.9343
391531.2425
391481.8564
391430.8227
391378.2182
391324.0171
391268.2359
391210.8974
391152.0629
391091.7078
391029.8515
390966.5153
390901.7244
390835.4755
390767.7867
390698.6606
390628.1084
390556.1405
390482.7717
390408.0133
390331.8737
390254.3641
390175.4897
390095.2507
390013.6716
389930.7389
389846.4718
389760.8648
389673.9341
389585.6657
389496.0906
389405.1908
389312.977
389219.4484
389124.6037
389028.4481
388930.9757
388832.2006
388732.1115
388630.7061
388528.0077
388423.9954
388318.6769
388212.0577
388104.1318
387994.9018
387884.3754
387772.541
387659.4181
387544.9983
387429.2752
387312.26
387193.9357
387074.3133
386953.3818
386831.1442
386707.5983
386582.7531
386456.6111
386329.1692
386200.4496
386070.4399
385939.1701
385806.6249
385672.8206
385537.7705
385401.479
385263.9423
385125.1835
384985.1786
384843.9272
384701.3373
384557.0213
384409.9652
384264.1372
384118.2013
383971.3234
383822.629
383672.1797
383520.4037
383367.4233
383213.3098
383058.1094
382901.7964
382744.3694
382585.8397
382426.2016
382265.456
382103.6211
381940.7059
381776.7386
381611.731
381445.6914
381278.5778
381110.2988
380940.185
380769.8637
380599.2658
380428.2091
380256.1854
380083.056
379908.9433
379733.9424
379558.1385
379381.5933
379204.356
379026.4604
378847.9291
378668.7743
378489.0361
378308.6952
378127.7494
377946.131
377763.809
377580.0622
377392.9399
377209.395
377027.1444
376844.6002
376660.0812
376472.764
376287.4561
376103.4325
375919.0438
375733.6188
375546.5629
375358.3701
375172.6679
374986.7466
374799.5738
374614.2485
374427.8311
374240.7603
374054.9083
373868.2871
373682.6662
373496.6499
373311.5627
373126.637
372943.3527
372760.3313
372578.3523
372396.2364
372213.9466
372031.3672
371848.6602
371666.0442
371483.7511
371301.7771
371119.9913
370938.4241
370756.2274
370573.5619
370391.214
370208.6958
370025.417
369845.8018
369666.067
369488.3013
369311.5399
369134.9888
368957.3969
368782.5338
368609.3815
368440.0235
368270.9575
368100.4109
367932.8765
367767.2025
367600.9897
367555.1321
367590.8875
367627.0536
367652.7884
367676.0253
367698.8038
367722.4992
367747.9783
367775.9185
367806.9176
367840.992
367878.5697
367920.0339
367965.2658
368014.0446
368066.6322
368123.1562
368183.6693
368248.2108
368316.8344
368389.6105
368466.5777
368547.7979
368633.268
368723.003
368816.7967
368914.416
369016.9301
369124.2654
369235.9426
369351.9029
369472.1884
369596.8089
369725.2604
369858.7571
369995.4539
370138.2935
370285.0572
370436.5961
370592.348
370752.4529
370917.0865
371085.7979
371258.3647
371434.9076
371615.3653
371799.5311
371987.5898
372181.1955
372377.2964
372579.0485
372782.7488
372989.0875
373201.6792
373417.5566
373635.6734
373856.6346
374080.6629
374307.729
374537.5614
374769.8251
375004.3218
375240.5552
375478.4097
375717.0358
375956.373
376201.033
376447.6208
376692.2138
376940.6638
377190.9859
377441.7106
377691.0738
377939.0536
378185.6335
378430.544
378673.2533
378911.1242
379139.8371
379370.7963
379598.0085
379820.7746
380040.7246
380253.7816
380458.2694
380656.354
380846.0286
381023.8504
381185.1975
381334.1864
381466.1892
381575.2956
381663.1801
381721.2192
381748.065
381726.9151
381660.241
381513.8964
381309.5739
380977.6404
378451.007
375350.8501
372261.5937
369200.8023
366163.9409
363152.6745
360146.9968
357145.9725
354133.3083
351106.0292
348079.6841
345041.4079
341982.4005
338900.8512
335817.823
332723.4685
329605.593
326465.8585
323325.949
320162.1679
316984.5354
313809.0021
310546.3988
307351.293
304126.5466
300915.984
297690.2881
294456.4131
291216.878
287966.3179
284732.124
281492.4332
278249.9133
275028.3211
271804.1222
268577.9374
265349.192
262138.1671
258935.8634
255742.7626
252555.0651
249390.4028
246237.1469
243101.3281
239973.0243
236863.5454
233764.903
230694.0186
227628.5831
224581.114
221542.7961
218536.3279
215542.5744
212562.2582
209611.4811
206678.7538
203778.7435
200889.1509
198036.0565
195194.2763
192386.3085
189596.1524
186822.0324
184082.2615
181363.9642
178663.053
175998.165
173357.1701
170739.224
168144.6758
165574.4589
163029.0909
160509.1529
158014.7505
155546.055
153103.0589
150686.1777
148295.0825
145929.7544
143590.162
141276.6917
138989.3396
136728.3649
134493.6975
132285.3288
130102.9404
127946.4715
125815.6724
123710.6262
121631.0748
119577.1364
117548.5581
115545.4532
113567.5391
111614.9952
109687.48
107785.2714
105907.6339
104055.2873
102231.3172
)
;
    }
    outlet
    {
        type            calculated;
        value           uniform 0;
    }
    front
    {
        type            wedge;
    }
    back
    {
        type            wedge;
    }
}


// ************************************************************************* //
