/*--------------------------------*- C++ -*----------------------------------*\
| =========                 |                                                 |
| \\      /  F ield         | OpenFOAM: The Open Source CFD Toolbox           |
|  \\    /   O peration     | Version:  v1706                                 |
|   \\  /    A nd           | Web:      www.OpenFOAM.com                      |
|    \\/     M anipulation  |                                                 |
\*---------------------------------------------------------------------------*/
FoamFile
{
    version     2.0;
    format      ascii;
    class       volVectorField;
    location    "0.00155";
    object      wallShearStress;
}
// * * * * * * * * * * * * * * * * * * * * * * * * * * * * * * * * * * * * * //

dimensions      [1 -1 -2 0 0 0 0];


internalField   uniform (0 0 0);

boundaryField
{
    inlet
    {
        type            calculated;
        value           nonuniform 0();
    }
    object
    {
        type            calculated;
        value           nonuniform List<vector> 
196
(
(0.1160834047 -0.216101657 -5.960075692e-15)
(0.1359885191 -0.365773395 -1.392972957e-14)
(0.1324835771 -0.5742316457 -5.239777619e-14)
(0.1302561999 -0.7901985914 -2.96853361e-14)
(0.1275459927 -1.00851539 -2.728566019e-14)
(0.1242777925 -1.227604465 1.614089071e-14)
(0.1204237141 -1.446785395 2.984069988e-14)
(0.1159687042 -1.665685123 2.690568574e-14)
(0.1108974868 -1.884062439 3.423415346e-14)
(0.1051974347 -2.101784218 1.714658707e-14)
(0.09893872085 -2.318658319 1.702000814e-14)
(0.09198557336 -2.534575479 1.997880074e-15)
(0.0843867974 -2.749526798 -5.657258972e-15)
(0.07616120075 -2.96342619 3.576851895e-17)
(0.06730592423 -3.176184311 -2.841072838e-16)
(0.05775245816 -3.387782478 -9.301899141e-16)
(0.04753658986 -3.598230826 -5.717258707e-15)
(0.03665754463 -3.807493446 -1.452806681e-14)
(0.02510730676 -4.01556281 -2.172094668e-14)
(0.01287033407 -4.222451034 -2.076783275e-14)
(-4.693138299e-05 -4.428172296 -2.684930222e-14)
(-0.01364801457 -4.632742477 -2.506167823e-14)
(-0.02793525495 -4.836186483 -1.616828875e-14)
(-0.04291043435 -5.038533998 -8.104340035e-15)
(-0.05857443037 -5.239818881 -2.6295649e-15)
(-0.07492804399 -5.440078208 -1.718002852e-16)
(-0.0919716804 -5.639352044 2.551706282e-17)
(-0.1097054685 -5.837682383 3.556810951e-17)
(-0.1281294847 -6.035112549 -1.133662308e-16)
(-0.1472435363 -6.231686706 -2.927520284e-15)
(-0.1670483148 -6.427449139 3.541960903e-18)
(-0.1875436869 -6.622443817 1.444809753e-15)
(-0.2087305804 -6.816713711 8.878646645e-16)
(-0.2306093545 -7.010300234 -4.709347309e-16)
(-0.2531806577 -7.203242127 -3.094206725e-15)
(-0.2764463915 -7.395575111 -2.337436708e-16)
(-0.3004125941 -7.587334414 -3.943659835e-18)
(-0.3250766788 -7.778551074 4.520127774e-17)
(-0.3504407766 -7.969248766 5.075249514e-16)
(-0.3765151523 -8.159451694 4.091233035e-15)
(-0.4033006052 -8.349180757 7.34408147e-16)
(-0.4308104111 -8.538453541 4.54262289e-17)
(-0.45903995 -8.72728603 -9.027046877e-17)
(-0.4879978214 -8.91568733 1.172303964e-16)
(-0.5176867924 -9.103667244 2.822224347e-15)
(-0.5481157109 -9.291232481 1.37160982e-15)
(-0.5792825007 -9.478389218 2.811920678e-16)
(-0.6111931221 -9.665138889 1.465241028e-15)
(-0.6438528158 -9.851483621 -2.443812855e-16)
(-0.6772682867 -10.0374279 -1.071029707e-17)
(-0.7114235897 -10.22297084 4.739145917e-17)
(-0.7463373642 -10.40811075 7.727642318e-16)
(-0.7819835225 -10.59284829 1.43476737e-15)
(-0.8183881149 -10.77717897 1.564349967e-15)
(-0.8555151514 -10.96110799 4.319651577e-15)
(-0.8933885585 -11.14462624 1.331603677e-15)
(-0.9319716743 -11.3277394 2.028839257e-17)
(-0.9712862776 -11.51043761 -2.776253711e-15)
(-1.011291307 -11.69272837 -2.565415335e-15)
(-1.052009079 -11.87459946 -2.218734305e-16)
(-1.093396218 -12.05606153 -2.894662223e-17)
(-1.13547408 -12.23710213 1.152474756e-16)
(-1.17819874 -12.41773546 1.562830664e-16)
(-1.221590941 -12.59795053 -6.121413091e-16)
(-1.265607651 -12.77776499 1.790382779e-17)
(-1.310272771 -12.95717073 -7.453313467e-16)
(-1.355541605 -13.13619137 -2.304569477e-15)
(-1.401445499 -13.31482175 -1.150584406e-15)
(-1.447938446 -13.49309194 -3.818070214e-16)
(-1.495056723 -13.67099943 -2.722399253e-17)
(-1.542760563 -13.84858279 -7.001675462e-16)
(-1.591084145 -14.02584527 -6.143955201e-16)
(-1.63999653 -14.20282555 1.232720787e-16)
(-1.689533486 -14.37953336 -3.356497617e-17)
(-1.739668075 -14.55600687 4.385723355e-17)
(-1.790442673 -14.73226209 -7.853390437e-16)
(-1.841823651 -14.90833465 1.18875285e-15)
(-1.893870439 -15.08424011 -1.445241624e-16)
(-1.946524625 -15.26001463 6.169182087e-16)
(-1.999877927 -15.43566637 1.411498724e-16)
(-2.05383421 -15.61123515 1.260919229e-15)
(-2.108517051 -15.78670888 6.233664268e-16)
(-2.163822202 -15.96214136 5.381785355e-17)
(-2.219855068 -16.13750644 1.431056536e-17)
(-2.276525617 -16.3128501 1.260907444e-16)
(-2.33393026 -16.48813955 1.063551316e-15)
(-2.391989651 -16.66342186 -2.940984676e-17)
(-2.450767762 -16.83865745 -3.20771013e-17)
(-2.510211786 -17.01387028 -6.870638714e-17)
(-2.570376234 -17.18902821 -1.257447468e-16)
(-2.631221416 -17.3641534 5.227630335e-16)
(-2.692761605 -17.53921019 -3.165193383e-16)
(-2.75499739 -17.71419633 -2.963742456e-16)
(-2.817913785 -17.88908196 -4.617589839e-16)
(-2.88153562 -18.06385309 -1.640205598e-15)
(-2.945836029 -18.23848452 8.602927193e-17)
(-3.010822846 -18.41294273 -7.509220579e-16)
(-3.076484348 -18.58718163 1.749966397e-16)
(-3.142828461 -18.76118911 7.536061932e-17)
(-3.209848835 -18.93491371 7.89598864e-18)
(-3.277502604 -19.10832114 -3.682051961e-17)
(-3.345850671 -19.28132757 -1.760017778e-16)
(-3.414817517 -19.45396659 7.464591933e-17)
(-3.484473149 -19.62613699 5.552304597e-17)
(-3.554653708 -19.79783285 -9.130377349e-16)
(-3.625556803 -19.96891175 -1.729256972e-16)
(-3.696996513 -20.13949094 -3.074048111e-16)
(-3.769093116 -20.30942224 -1.457189831e-16)
(-3.841613961 -20.47872893 1.346500815e-15)
(-3.914858569 -20.64725489 1.256335497e-15)
(-3.988546174 -20.81519286 1.519905903e-15)
(-4.062848073 -20.98237404 2.217498369e-15)
(-4.137512176 -21.14884597 5.387070888e-16)
(-4.212875773 -21.31447643 -9.461783207e-16)
(-4.288667556 -21.47949481 -1.499187795e-15)
(-4.365014227 -21.64378477 -2.061428165e-15)
(-4.441750025 -21.80737474 -3.088529606e-15)
(-4.519154215 -21.97019247 -1.48433246e-15)
(-4.597045907 -22.13247453 5.290414111e-16)
(-4.675488062 -22.29416208 2.202313476e-16)
(-4.754378349 -22.45526422 2.996905333e-17)
(-4.833974833 -22.61574093 6.411912998e-17)
(-4.914123888 -22.77581951 7.985653276e-17)
(-4.994873173 -22.93546058 7.35731985e-17)
(-5.076131652 -23.09465808 7.836698978e-16)
(-5.158147554 -23.25336768 2.02682301e-16)
(-5.240760503 -23.41179991 -2.216892659e-16)
(-5.324018941 -23.56990109 -1.375587046e-15)
(-5.407794234 -23.72763811 -1.059225947e-15)
(-5.492339167 -23.88491492 5.208640409e-17)
(-5.577469319 -24.04193267 -2.343594021e-16)
(-5.663241922 -24.19861303 -3.903803876e-17)
(-5.749446333 -24.35488701 1.588615034e-16)
(-5.8363606 -24.51057649 1.265415553e-16)
(-5.92385002 -24.66591245 7.459002824e-17)
(-6.011878906 -24.82083208 -7.708128812e-17)
(-6.100215999 -24.97519789 -4.590454992e-17)
(-6.189177229 -25.12877499 -2.616822584e-16)
(-6.278699399 -25.2818562 -1.832237958e-16)
(-6.368608926 -25.43440395 -6.117846999e-19)
(-6.458680647 -25.58622027 6.437911908e-16)
(-6.549349823 -25.73705572 3.116903138e-16)
(-6.640511639 -25.8872809 -8.320402938e-18)
(-6.731925898 -26.03684627 4.557079068e-17)
(-6.823409907 -26.18555035 -6.775177372e-16)
(-6.915525711 -26.33315655 -8.829525139e-17)
(-7.008081264 -26.4800878 2.337245142e-17)
(-7.100804165 -26.62627877 1.295047764e-17)
(-7.193592034 -26.77155024 9.567583709e-17)
(-7.287058679 -26.91570901 -3.420044817e-16)
(-7.380911721 -27.05915452 7.502382714e-17)
(-7.474914927 -27.20179622 4.967922394e-18)
(-7.569037817 -27.34350323 -6.597636592e-16)
(-7.663820148 -27.48412329 -4.768881453e-16)
(-7.758937911 -27.6239795 -8.776077083e-16)
(-7.854230562 -27.76296089 -1.67646733e-16)
(-7.949664927 -27.90098417 -2.790466254e-17)
(-8.04561553 -28.03789013 -6.885583032e-16)
(-8.141793565 -28.17386798 -3.713401887e-16)
(-8.238093693 -28.30878009 -2.033207645e-16)
(-8.334458816 -28.44255292 5.744246788e-17)
(-8.431158764 -28.57503043 8.190440465e-16)
(-8.527903581 -28.70632919 2.525933543e-16)
(-8.624634446 -28.83628351 6.722599607e-17)
(-8.72130327 -28.96480769 8.708724229e-16)
(-8.818118894 -29.09176238 1.94211285e-16)
(-8.914805448 -29.21720351 9.71709498e-17)
(-9.011381962 -29.34095624 8.201506576e-16)
(-9.107780531 -29.46299 1.265254005e-15)
(-9.204015633 -29.58319856 1.639086547e-15)
(-9.299952818 -29.70154862 1.59739543e-15)
(-9.395817705 -29.81786838 9.123527941e-16)
(-9.491409356 -29.93223896 9.840203139e-16)
(-9.586518749 -30.04449611 3.088228536e-16)
(-9.681335143 -30.15436874 7.890553007e-17)
(-9.77583937 -30.26188008 -1.456183868e-17)
(-9.869851833 -30.36699257 -6.446423924e-16)
(-9.963377296 -30.46965986 -8.197985823e-16)
(-10.05648864 -30.5698534 -3.237786216e-16)
(-10.14913541 -30.66764634 1.974649174e-17)
(-10.24112552 -30.76293482 1.841633773e-16)
(-10.33242878 -30.85554763 -1.410517987e-17)
(-10.42288931 -30.94540208 -1.354479175e-16)
(-10.51278204 -31.03221044 7.831682757e-17)
(-10.60212152 -31.11626795 5.258429316e-17)
(-10.69063107 -31.19747425 6.710447005e-16)
(-10.77814015 -31.27560344 4.461267442e-16)
(-10.86458775 -31.35040839 1.759238506e-16)
(-10.94995626 -31.42169619 1.321878529e-16)
(-11.03416872 -31.48935387 -1.294646508e-16)
(-11.11697955 -31.55320525 -3.861548e-16)
(-11.19839858 -31.61283703 -9.99153987e-17)
(-11.27828474 -31.6679663 -8.524033825e-17)
(-11.35627385 -31.71847596 -4.647370402e-16)
(-11.43235584 -31.76399602 -2.216525845e-17)
(-11.50614352 -31.80413452 -5.897293596e-17)
)
;
    }
    outlet
    {
        type            calculated;
        value           nonuniform 0();
    }
    front
    {
        type            wedge;
    }
    back
    {
        type            wedge;
    }
    procBoundary1to0
    {
        type            processor;
        value           uniform (0 0 0);
    }
    procBoundary1to2
    {
        type            processor;
        value           uniform (0 0 0);
    }
    procBoundary1to3
    {
        type            processor;
        value           uniform (0 0 0);
    }
}


// ************************************************************************* //
