/*--------------------------------*- C++ -*----------------------------------*\
| =========                 |                                                 |
| \\      /  F ield         | OpenFOAM: The Open Source CFD Toolbox           |
|  \\    /   O peration     | Version:  v1706                                 |
|   \\  /    A nd           | Web:      www.OpenFOAM.com                      |
|    \\/     M anipulation  |                                                 |
\*---------------------------------------------------------------------------*/
FoamFile
{
    version     2.0;
    format      ascii;
    class       volVectorField;
    location    "0.00219";
    object      wallShearStress;
}
// * * * * * * * * * * * * * * * * * * * * * * * * * * * * * * * * * * * * * //

dimensions      [1 -1 -2 0 0 0 0];


internalField   uniform (0 0 0);

boundaryField
{
    inlet
    {
        type            calculated;
        value           nonuniform 0();
    }
    object
    {
        type            calculated;
        value           nonuniform List<vector> 
196
(
(-0.1929743359 -0.09090365969 0.002074109447)
(-0.1835924117 -0.148968932 0.002089354294)
(-0.1849496256 -0.2308857571 0.00210754632)
(-0.1860923488 -0.3167342691 0.002130609962)
(-0.1875277987 -0.4039684951 0.002158647138)
(-0.1892901008 -0.4919229307 0.002191432146)
(-0.1913784733 -0.5803506695 0.002228617435)
(-0.1937883612 -0.6691382762 0.002269805764)
(-0.1965153384 -0.7582243764 0.002314577494)
(-0.1995556276 -0.8475704726 0.002362507705)
(-0.2029061238 -0.9371487565 0.002413175683)
(-0.2065643334 -1.026936681 0.002466167335)
(-0.2105282346 -1.116914259 0.002521078463)
(-0.2147962545 -1.207062761 0.002577519934)
(-0.2193671492 -1.297364083 0.002635113973)
(-0.2242399861 -1.387800462 0.002693495573)
(-0.2294140644 -1.47835438 0.002752315411)
(-0.2348889084 -1.569008572 0.002811236104)
(-0.2406642055 -1.659746089 0.002869932608)
(-0.2467398184 -1.750550357 0.002928093789)
(-0.2531157213 -1.841405375 0.002985419481)
(-0.2597919658 -1.932295674 0.003041620784)
(-0.2667686791 -2.023206443 0.003096418958)
(-0.2740460877 -2.114123662 0.003149545782)
(-0.2816244592 -2.205034036 0.003200742071)
(-0.2895041186 -2.295925253 0.003249757073)
(-0.2976854156 -2.386785788 0.003296349)
(-0.3061687363 -2.477605246 0.003340283078)
(-0.3149544702 -2.56837397 0.003381331189)
(-0.3240430058 -2.659083445 0.003419273935)
(-0.3334347819 -2.749726013 0.003453896461)
(-0.3431302159 -2.840295002 0.003484989572)
(-0.3531297512 -2.930784742 0.003512349718)
(-0.3634338209 -3.02119039 0.003535778088)
(-0.3740428948 -3.111508091 0.003555080199)
(-0.3849573918 -3.201734805 0.003570069862)
(-0.39617773 -3.291868225 0.003580560497)
(-0.4077043816 -3.381906947 0.003586365951)
(-0.4195377473 -3.47185019 0.003587307991)
(-0.4316783204 -3.56169793 0.003583210111)
(-0.4441265656 -3.651450808 0.003573900003)
(-0.456882898 -3.741110013 0.003559207025)
(-0.4699477598 -3.830677278 0.003538955909)
(-0.4833215977 -3.920154726 0.003512982465)
(-0.4970049759 -4.009545191 0.003481124179)
(-0.5109982814 -4.098851698 0.00344321088)
(-0.525302034 -4.188077657 0.003399084502)
(-0.5399167472 -4.277226941 0.003348579542)
(-0.5548429248 -4.366303602 0.003291531681)
(-0.5700810456 -4.455311942 0.003227777216)
(-0.5856316628 -4.544256362 0.003157165555)
(-0.6014953076 -4.633141671 0.003079535172)
(-0.617672564 -4.721972578 0.002994724363)
(-0.634163996 -4.81075402 0.002902578877)
(-0.6509701407 -4.899491196 0.00280293146)
(-0.6680916117 -4.988188813 0.00269562565)
(-0.6855290076 -5.076852102 0.002580505746)
(-0.7032830198 -5.165486156 0.002457402515)
(-0.7213543242 -5.254096231 0.002326169638)
(-0.7397434767 -5.342687141 0.002186642884)
(-0.758451177 -5.431264193 0.002038655475)
(-0.7774781122 -5.51983206 0.001882045472)
(-0.7968250217 -5.60839563 0.001716654103)
(-0.8164925691 -5.696959856 0.001542321762)
(-0.8364814134 -5.785529303 0.00135888512)
(-0.8567924205 -5.874108599 0.001166186269)
(-0.8774263095 -5.962702184 0.0009640537682)
(-0.8983838251 -6.051314626 0.0007523378694)
(-0.9196657115 -6.13994981 0.000530867924)
(-0.9412727405 -6.228611941 0.0002994711372)
(-0.9632057155 -6.317305163 5.798356663e-05)
(-0.9854653877 -6.406032937 -0.0001937559209)
(-1.008052647 -6.494799106 -0.0004559089277)
(-1.030968262 -6.583607281 -0.0007286623608)
(-1.054212939 -6.672460585 -0.001012168036)
(-1.07778766 -6.761362258 -0.001306598989)
(-1.101693196 -6.850315474 -0.001612127515)
(-1.125930341 -6.939322881 -0.001928922026)
(-1.150499827 -7.028387473 -0.002257156569)
(-1.175402601 -7.117511667 -0.002596980292)
(-1.200639345 -7.206697722 -0.002948576746)
(-1.22621092 -7.295948039 -0.003312124784)
(-1.252118074 -7.385264366 -0.00368776941)
(-1.278361796 -7.474648912 -0.004075713364)
(-1.304942638 -7.564103133 -0.004476124815)
(-1.331861496 -7.653628631 -0.004889158832)
(-1.359119091 -7.743226719 -0.005314996636)
(-1.38671629 -7.832898677 -0.005753809876)
(-1.414653696 -7.922645576 -0.00620576299)
(-1.44293202 -8.012467917 -0.00667101472)
(-1.471552121 -8.102366826 -0.007149753745)
(-1.500514555 -8.192342272 -0.007642158987)
(-1.529820163 -8.282395183 -0.008148415842)
(-1.559469446 -8.372525273 -0.008668681482)
(-1.589463097 -8.462732653 -0.009203103035)
(-1.619801846 -8.55301724 -0.009751857195)
(-1.650486217 -8.643378872 -0.01031511676)
(-1.681516638 -8.73381652 -0.01089307647)
(-1.712893879 -8.824330008 -0.01148587094)
(-1.744618326 -8.914918062 -0.01209367697)
(-1.776690517 -9.005579969 -0.0127166681)
(-1.809110914 -9.096314523 -0.0133549912)
(-1.841880051 -9.187120329 -0.01400882363)
(-1.874998195 -9.277995821 -0.01467832475)
(-1.908465788 -9.368939519 -0.01536364334)
(-1.942283335 -9.459949772 -0.01606497045)
(-1.976450796 -9.551024208 -0.01678246697)
(-2.010968715 -9.642161028 -0.01751628853)
(-2.045837252 -9.733357735 -0.01826654203)
(-2.081056706 -9.824612267 -0.01903339135)
(-2.116627042 -9.915921803 -0.01981702768)
(-2.152548594 -10.00728339 -0.02061755802)
(-2.188821422 -10.09869498 -0.02143515537)
(-2.225445551 -10.19015283 -0.0222699201)
(-2.262420831 -10.28165386 -0.02312201795)
(-2.299747357 -10.37319501 -0.02399160342)
(-2.337425051 -10.46477282 -0.02487878592)
(-2.375453828 -10.55638367 -0.02578371145)
(-2.413833444 -10.6480239 -0.0267064698)
(-2.452563537 -10.73968937 -0.02764722859)
(-2.491643872 -10.83137618 -0.02860608821)
(-2.531074264 -10.92308014 -0.02958321194)
(-2.570854093 -11.01479686 -0.03057862102)
(-2.610982842 -11.10652152 -0.03159248067)
(-2.65146011 -11.19824992 -0.03262490602)
(-2.69228538 -11.2899771 -0.03367600177)
(-2.733457777 -11.38169791 -0.034745797)
(-2.774976639 -11.47340712 -0.03583445402)
(-2.816841196 -11.56509967 -0.03694198705)
(-2.859050382 -11.65676937 -0.03806847686)
(-2.901603577 -11.74841141 -0.03921404548)
(-2.94449927 -11.84001912 -0.04037872365)
(-2.987736716 -11.93158678 -0.04156260198)
(-3.031314571 -12.02310814 -0.0427657399)
(-3.075231214 -12.11457653 -0.04398810046)
(-3.119485517 -12.20598511 -0.04522982632)
(-3.164076029 -12.29732739 -0.04649086288)
(-3.209001124 -12.38859595 -0.04777128678)
(-3.25425875 -12.47978315 -0.04907117077)
(-3.299847463 -12.57088232 -0.05039046268)
(-3.345764942 -12.66188467 -0.05172920514)
(-3.392009252 -12.75278237 -0.05308732457)
(-3.438578274 -12.8435672 -0.05446490338)
(-3.485469624 -12.93423075 -0.05586180557)
(-3.53268088 -13.02476434 -0.05727809629)
(-3.580209333 -13.11515783 -0.05871376152)
(-3.628052579 -13.20540313 -0.0601686929)
(-3.676207403 -13.29549023 -0.06164292579)
(-3.724670817 -13.38540888 -0.0631362457)
(-3.773439772 -13.47514904 -0.06464865212)
(-3.822510885 -13.56470024 -0.06618004565)
(-3.871880651 -13.65405171 -0.06773031832)
(-3.92154557 -13.74319237 -0.06929943812)
(-3.971501495 -13.83211055 -0.070887284)
(-4.02174471 -13.92079522 -0.07249374864)
(-4.072270909 -14.00923375 -0.07411860601)
(-4.123075901 -14.09741399 -0.07576184296)
(-4.174154867 -14.18532309 -0.07742329853)
(-4.22550318 -14.2729486 -0.07910269264)
(-4.277115766 -14.36027687 -0.08079994303)
(-4.328987459 -14.447294 -0.08251479791)
(-4.381112831 -14.53398553 -0.08424709622)
(-4.433486074 -14.6203375 -0.08599669975)
(-4.486101507 -14.70633503 -0.08776334132)
(-4.538952671 -14.79196236 -0.08954673703)
(-4.592033568 -14.8772042 -0.09134667534)
(-4.645337203 -14.96204418 -0.09316292302)
(-4.698856333 -15.0464651 -0.09499531586)
(-4.752584099 -15.13045087 -0.09684350508)
(-4.806512414 -15.21398311 -0.09870718907)
(-4.860633322 -15.29704318 -0.1005860429)
(-4.914937978 -15.37961194 -0.1024797551)
(-4.969418084 -15.46167074 -0.1043880765)
(-5.02406396 -15.54319871 -0.1063105827)
(-5.078865444 -15.62417421 -0.1082470834)
(-5.133812655 -15.70457562 -0.110197177)
(-5.188894019 -15.78437945 -0.1121605319)
(-5.244097848 -15.86356129 -0.1141368385)
(-5.299411468 -15.94209614 -0.1161255952)
(-5.354821602 -16.01995668 -0.1181265129)
(-5.410313456 -16.09711393 -0.120139041)
(-5.465871211 -16.17353724 -0.1221629283)
(-5.521478385 -16.24919504 -0.1241977026)
(-5.577116106 -16.32405147 -0.1262429475)
(-5.63276414 -16.39806872 -0.1282982261)
(-5.688399684 -16.471205 -0.1303630981)
(-5.743997989 -16.54341538 -0.1324371711)
(-5.799530763 -16.61464953 -0.134519847)
(-5.85496559 -16.68485088 -0.1366107819)
(-5.910266425 -16.75395723 -0.1387096846)
(-5.965390259 -16.82189637 -0.1408160536)
(-6.020286903 -16.88858607 -0.1429295229)
(-6.074895918 -16.95392986 -0.1450500595)
(-6.129143755 -17.01781522 -0.1471777304)
(-6.182934627 -17.0801056 -0.1493129755)
(-6.236135275 -17.14063695 -0.1514569246)
)
;
    }
    outlet
    {
        type            calculated;
        value           nonuniform 0();
    }
    front
    {
        type            wedge;
    }
    back
    {
        type            wedge;
    }
    procBoundary1to0
    {
        type            processor;
        value           uniform (0 0 0);
    }
    procBoundary1to2
    {
        type            processor;
        value           uniform (0 0 0);
    }
    procBoundary1to3
    {
        type            processor;
        value           uniform (0 0 0);
    }
}


// ************************************************************************* //
