/*--------------------------------*- C++ -*----------------------------------*\
| =========                 |                                                 |
| \\      /  F ield         | OpenFOAM: The Open Source CFD Toolbox           |
|  \\    /   O peration     | Version:  v1706                                 |
|   \\  /    A nd           | Web:      www.OpenFOAM.com                      |
|    \\/     M anipulation  |                                                 |
\*---------------------------------------------------------------------------*/
FoamFile
{
    version     2.0;
    format      ascii;
    class       volVectorField;
    location    "0.00261";
    object      wallShearStress;
}
// * * * * * * * * * * * * * * * * * * * * * * * * * * * * * * * * * * * * * //

dimensions      [1 -1 -2 0 0 0 0];


internalField   uniform (0 0 0);

boundaryField
{
    inlet
    {
        type            calculated;
        value           uniform (0 0 0);
    }
    object
    {
        type            calculated;
        value           nonuniform List<vector> 
300
(
(-1.248207586 -0.7950003456 5.193038631e-15)
(-1.186186453 -1.297561159 -1.681075628e-15)
(-1.203421106 -2.008120259 -1.538517762e-14)
(-1.223411884 -2.750234703 -3.541940487e-15)
(-1.249641071 -3.499849228 -6.280577323e-15)
(-1.282427392 -4.249573273 -2.242950789e-14)
(-1.321922996 -4.995979381 -3.238031296e-14)
(-1.368290798 -5.737155737 -3.197852376e-14)
(-1.421703994 -6.472011205 -1.83101173e-14)
(-1.482331085 -7.200008136 -1.725710657e-14)
(-1.550323416 -7.921022229 -1.542523525e-14)
(-1.625806593 -8.63524435 -8.755225351e-15)
(-1.708874957 -9.343096968 -6.290578714e-15)
(-1.799588442 -10.0451575 -9.854210391e-15)
(-1.89797129 -10.7420863 -1.200741652e-14)
(-2.004012584 -11.43456116 -1.124593615e-14)
(-2.117668706 -12.12322 -1.156252584e-14)
(-2.238867959 -12.80861495 -1.109254815e-14)
(-2.367517389 -13.49118061 -1.14201735e-14)
(-2.503511369 -14.17121806 -1.200769206e-14)
(-2.646741177 -14.84889576 -1.170959201e-14)
(-2.797104301 -15.52426518 -8.966587177e-15)
(-2.954512377 -16.19728837 -5.168506096e-15)
(-3.11889684 -16.86787226 -6.466787963e-15)
(-3.2902118 -17.53590427 -7.588580768e-15)
(-3.468434317 -18.20128526 -1.051043669e-14)
(-3.653562152 -18.86395485 -1.305541203e-14)
(-3.845609654 -19.52390763 -1.174661765e-14)
(-4.044602314 -20.18119903 -1.056004107e-14)
(-4.250570547 -20.83594088 -1.22072429e-14)
(-4.463543522 -21.48828854 -1.764718356e-14)
(-4.683543644 -22.13842171 -1.68323551e-14)
(-4.91058257 -22.78652244 -1.887825557e-14)
(-5.144659194 -23.4327533 -1.594853727e-14)
(-5.385760095 -24.07724036 -1.449716449e-14)
(-5.633862022 -24.72006223 -1.525183258e-14)
(-5.88893597 -25.36124811 -1.373745567e-14)
(-6.150951675 -26.0007832 -1.418969859e-14)
(-6.41988151 -26.63861978 -1.652192846e-14)
(-6.695703199 -27.27469154 -1.584023762e-14)
(-6.978400634 -27.90892663 -1.562767243e-14)
(-7.267963056 -28.54125828 -1.431529142e-14)
(-7.564382504 -29.17162965 -1.369636928e-14)
(-7.86765032 -29.79999345 -1.163676619e-14)
(-8.177753411 -30.42630644 -1.08223202e-14)
(-8.494671059 -31.05052024 -1.034058337e-14)
(-8.818373403 -31.67257184 -1.071618934e-14)
(-9.148822168 -32.29237683 -1.066045884e-14)
(-9.485973035 -32.90982534 -1.108959981e-14)
(-9.829780713 -33.52478865 -1.357083458e-14)
(-10.180203 -34.13712627 -1.571733528e-14)
(-10.53720556 -34.74670258 -1.259584551e-14)
(-10.90076312 -35.35339713 -1.197836855e-14)
(-11.27085886 -35.95711475 -9.670809221e-15)
(-11.64748105 -36.55778832 -9.040222808e-15)
(-12.03061813 -37.15537451 -9.134047668e-15)
(-12.42025224 -37.74984011 -8.088111012e-15)
(-12.81635517 -38.34114979 -7.651688953e-15)
(-13.21888533 -38.929249 -5.956175127e-15)
(-13.62778984 -39.5140566 -6.704824252e-15)
(-14.04300808 -40.09545957 -5.590789885e-15)
(-14.46447971 -40.67332465 -5.414041947e-15)
(-14.89215134 -41.24751374 -4.192211724e-15)
(-15.3259815 -41.81790205 -3.735292183e-15)
(-15.76594171 -42.38439404 -3.278833969e-15)
(-16.21201132 -42.94692562 -3.586354653e-15)
(-16.66417111 -43.50546273 -4.595594378e-15)
(-17.12239268 -44.05998125 -5.24642459e-15)
(-17.58662963 -44.61044258 -3.907236894e-15)
(-18.05681835 -45.15678296 -2.905187794e-15)
(-18.53287775 -45.69889078 -1.997041541e-15)
(-19.01472187 -46.23661828 -2.362641187e-15)
(-19.50227501 -46.76980563 -1.323575039e-15)
(-19.99548374 -47.29831134 -7.015341252e-16)
(-20.49432572 -47.82204793 -3.870971149e-16)
(-20.99880403 -48.34099253 -9.460386349e-16)
(-21.50893587 -48.85518871 -2.621188842e-15)
(-22.02473114 -49.36471757 -2.61068149e-15)
(-22.54617015 -49.86964988 -2.992728529e-15)
(-23.07318677 -50.36999169 -3.644692683e-15)
(-23.60566567 -50.86564709 -2.61937647e-15)
(-24.14346465 -51.35642871 -2.369863947e-15)
(-24.68643843 -51.84207989 -2.862178551e-15)
(-25.23447253 -52.32234529 -2.491896943e-15)
(-25.7875071 -52.79704228 -2.1645514e-15)
(-26.34553705 -53.26610068 -1.577131099e-15)
(-26.90859692 -53.72957691 -1.278500384e-15)
(-27.47671983 -54.18759965 -1.650071982e-16)
(-28.04989404 -54.64028628 6.040907993e-16)
(-28.62803592 -55.08766156 4.010637078e-16)
(-29.21098614 -55.52960072 1.311704479e-15)
(-29.7985373 -55.96583721 1.975342482e-15)
(-30.39048038 -56.39602671 1.49573542e-15)
(-30.98665136 -56.81984477 8.686959199e-16)
(-31.5869611 -57.23707821 1.415639808e-15)
(-32.19139257 -57.64766451 8.392717365e-16)
(-32.79997838 -58.05168366 5.405544385e-16)
(-33.41275386 -58.44928393 3.146380685e-16)
(-34.02972023 -58.84060231 -9.615411067e-17)
(-34.65082863 -59.22570455 -6.342616015e-16)
(-35.27597513 -59.60455046 -1.738634243e-15)
(-35.90501749 -59.97701385 -9.829208415e-16)
(-36.53778618 -60.34290172 -1.759834018e-15)
(-37.17410721 -60.70199195 -1.22144475e-15)
(-37.81382219 -61.05406645 -1.64007302e-15)
(-38.45682071 -61.39897185 -1.487412515e-15)
(-39.10305645 -61.73665521 -9.838444773e-16)
(-39.75254458 -62.06717717 -2.525159551e-16)
(-40.40534585 -62.39070444 -1.448222016e-16)
(-41.06152026 -62.70744217 -5.989700756e-17)
(-41.7210691 -63.01754297 7.589302258e-16)
(-42.3839048 -63.32103616 1.014701165e-15)
(-43.04982427 -63.61775899 -7.895811548e-17)
(-43.71856253 -63.90740656 -3.362442736e-16)
(-44.38984681 -64.18961313 -5.351941497e-16)
(-45.06350471 -64.46411577 -7.514217687e-16)
(-45.73952201 -64.73088732 -2.181700945e-16)
(-46.41803277 -64.99016513 -4.676600197e-16)
(-47.09921208 -65.24231233 -1.619221859e-15)
(-47.78318815 -65.48766347 -1.860906166e-15)
(-48.46995459 -65.72636186 -1.645323986e-15)
(-49.15939844 -65.95835586 -1.727028763e-15)
(-49.85138127 -66.18349119 -1.762404487e-15)
(-50.54585564 -66.40178284 -2.673612961e-15)
(-51.24272569 -66.61304901 -1.191191703e-15)
(-51.94246972 -66.8178094 -1.066888183e-15)
(-52.64677158 -67.01675263 -3.786448841e-16)
(-53.36402979 -67.22162102 -1.159206263e-15)
(-54.0779639 -67.41291972 -1.319159507e-15)
(-54.78040967 -67.58168529 -1.756479965e-15)
(-55.48247136 -67.73991784 -1.582068016e-15)
(-56.18555707 -67.89060716 -1.436021385e-15)
(-56.89014638 -68.03434025 -1.5891133e-15)
(-57.59632114 -68.17114424 -2.39368337e-15)
(-58.30398346 -68.30088394 -3.427924483e-15)
(-59.01302362 -68.42345414 -2.795937039e-15)
(-59.72329539 -68.53873884 -2.355230929e-15)
(-60.43467436 -68.64665869 -2.035248672e-15)
(-61.14702419 -68.74713034 -1.269668162e-15)
(-61.86021121 -68.84007952 -1.058508251e-15)
(-62.57412281 -68.9254581 -1.116634092e-15)
(-63.28864017 -69.0032138 -1.277357685e-15)
(-64.00364303 -69.07329852 -8.950025085e-16)
(-64.71902974 -69.13568491 -2.277210511e-16)
(-65.4346944 -69.19034211 7.001600363e-17)
(-66.15052897 -69.23724091 -4.436674842e-16)
(-66.86642999 -69.27636041 -1.352095502e-16)
(-67.58230719 -69.30769428 1.639130891e-16)
(-68.29806235 -69.33122805 -2.349923598e-16)
(-69.01359844 -69.34695193 -3.238224813e-16)
(-69.72883849 -69.35487714 -6.091508997e-16)
(-70.44368395 -69.35499551 -8.211383943e-16)
(-71.15806219 -69.34732534 -8.20726068e-16)
(-71.87188386 -69.33186861 -8.167223745e-16)
(-72.58507658 -69.30864713 -8.431752011e-16)
(-73.29756653 -69.27768012 -8.609372787e-16)
(-74.00927157 -69.23897821 -1.311260677e-15)
(-74.72011913 -69.19256261 -1.018725156e-15)
(-75.43003024 -69.13844809 -1.244567413e-15)
(-76.13892126 -69.07664594 -1.283378046e-15)
(-76.8467164 -69.00717429 -1.275475827e-15)
(-77.55333426 -68.93004428 -1.516337578e-15)
(-78.25867308 -68.84525092 -1.503501608e-15)
(-78.96266639 -68.75282409 -1.394388196e-15)
(-79.66522017 -68.65276536 -1.033602158e-15)
(-80.36624708 -68.54508838 -6.943995707e-16)
(-81.06567132 -68.42981583 -4.722688488e-16)
(-81.76340592 -68.3069612 -6.073012908e-16)
(-82.4593708 -68.17654752 -1.164968024e-15)
(-83.15349204 -68.03860044 -9.967579221e-16)
(-83.84569641 -67.89315132 -1.175547723e-15)
(-84.53591079 -67.74022973 -1.53445066e-15)
(-85.22406249 -67.57986641 -1.72917879e-15)
(-85.91008959 -67.4120988 -1.089952344e-15)
(-86.59390868 -67.23694645 -1.053922189e-15)
(-87.27545285 -67.05444469 -1.289088767e-15)
(-87.95465649 -66.86463093 -1.106222658e-15)
(-88.63144128 -66.66753088 -1.0851301e-15)
(-89.3057323 -66.46316973 -1.330983243e-15)
(-89.97746043 -66.25158213 -1.478362195e-15)
(-90.64654296 -66.03279083 -1.533043565e-15)
(-91.31290613 -65.80682426 -1.454315976e-15)
(-91.97648387 -65.57372144 -1.675786152e-15)
(-92.63719298 -65.33350495 -1.887760116e-15)
(-93.29495609 -65.08620545 -1.863255692e-15)
(-93.94970427 -64.83186077 -1.872611624e-15)
(-94.60136189 -64.5705045 -1.58382083e-15)
(-95.24986692 -64.30218089 -1.034832142e-15)
(-95.89514742 -64.02692935 -7.822245869e-16)
(-96.53713134 -63.74479238 -8.415425409e-16)
(-97.17575726 -63.45581227 -4.07027142e-16)
(-97.81096807 -63.16003517 -8.717514328e-16)
(-98.44269058 -62.85749826 -1.078929638e-15)
(-99.07087276 -62.54825316 -9.700092905e-16)
(-99.69546249 -62.2323531 -9.571905978e-16)
(-100.3163928 -61.90983797 -1.290282101e-15)
(-100.9336109 -61.58076127 -1.507881874e-15)
(-101.5470597 -61.24516965 -1.834900166e-15)
(-102.1566869 -60.90314266 -2.233588753e-15)
(-102.7657299 -60.56926807 -1.954050162e-15)
(-103.5518836 -60.11481394 -2.287518812e-15)
(-103.9778836 -59.87688239 -1.932230025e-15)
(-104.210204 -59.82364121 -2.291348608e-15)
(-104.364915 -59.85952873 -2.398791741e-15)
(-104.4886488 -59.92550221 -2.881724561e-15)
(-104.5997947 -59.99704651 -3.16164122e-15)
(-104.7051524 -60.06643216 -3.421755763e-15)
(-104.8071799 -60.1323338 -2.931675583e-15)
(-104.9068583 -60.19528151 -2.575971768e-15)
(-105.0046751 -60.25603722 -2.943545823e-15)
(-105.1009338 -60.31517665 -2.921877132e-15)
(-105.1958632 -60.37307882 -2.597707201e-15)
(-105.289635 -60.42998271 -2.921164e-15)
(-105.382387 -60.48604598 -2.825573421e-15)
(-105.4742001 -60.54136094 -2.996242211e-15)
(-105.5651352 -60.5959942 -3.335832085e-15)
(-105.6552396 -60.64999561 -2.84700044e-15)
(-105.744552 -60.70340705 -2.796422348e-15)
(-105.8330947 -60.75625684 -2.924307364e-15)
(-105.9208729 -60.80855868 -3.002390694e-15)
(-106.0078997 -60.86033048 -2.872503234e-15)
(-106.0941769 -60.91158181 -2.90287156e-15)
(-106.1797155 -60.96232885 -2.737316075e-15)
(-106.2645208 -61.01258364 -2.514804453e-15)
(-106.3485901 -61.06235154 -2.569233652e-15)
(-106.4319368 -61.11164874 -2.704480889e-15)
(-106.5145697 -61.16048793 -2.507931078e-15)
(-106.5965113 -61.20889113 -2.436142623e-15)
(-106.6777801 -61.25687628 -2.270292943e-15)
(-106.7583847 -61.30445149 -2.39622513e-15)
(-106.8383408 -61.35162701 -2.075245032e-15)
(-106.9176584 -61.39840833 -1.938347852e-15)
(-106.9963474 -61.44479624 -2.079428028e-15)
(-107.0743809 -61.49076404 -1.965984977e-15)
(-107.15172 -61.53627545 -2.155897505e-15)
(-107.2283111 -61.58128149 -1.99261193e-15)
(-107.3040846 -61.62572343 -2.20214181e-15)
(-107.3789424 -61.66952468 -2.124882446e-15)
(-107.4527571 -61.71258971 -2.149945011e-15)
(-107.5253977 -61.75482469 -2.028153967e-15)
(-107.5967133 -61.79612751 -2.328868695e-15)
(-107.6665586 -61.83640629 -2.405433497e-15)
(-107.7347831 -61.87557226 -2.216443007e-15)
(-107.8012354 -61.91354093 -2.198999941e-15)
(-107.8657935 -61.9502535 -2.302401914e-15)
(-107.9283497 -61.98566559 -2.037207215e-15)
(-107.9888347 -62.01976315 -2.039989661e-15)
(-108.0472043 -62.05255111 -1.995067591e-15)
(-108.1034385 -62.08404932 -1.873426032e-15)
(-108.1575615 -62.11430566 -1.500221166e-15)
(-108.2096315 -62.14338943 -1.387266623e-15)
(-108.2597469 -62.17139095 -1.891425492e-15)
(-108.3080096 -62.1983971 -1.85391212e-15)
(-108.3545489 -62.22450728 -2.032887366e-15)
(-108.3995147 -62.24982707 -2.108729527e-15)
(-108.4430727 -62.27446708 -2.072356401e-15)
(-108.4853856 -62.29852993 -1.926184134e-15)
(-108.5266046 -62.32210357 -2.278124548e-15)
(-108.5668876 -62.34527615 -2.065484624e-15)
(-108.6063738 -62.36811978 -1.92889906e-15)
(-108.6451995 -62.39070323 -1.781899044e-15)
(-108.6834787 -62.41307917 -1.635216332e-15)
(-108.7212982 -62.4352806 -1.749537388e-15)
(-108.7587411 -62.45733866 -1.617466585e-15)
(-108.7958645 -62.4792688 -1.894081587e-15)
(-108.8327202 -62.50108559 -1.924387742e-15)
(-108.8693378 -62.52279157 -2.051020585e-15)
(-108.9057238 -62.54437466 -1.976533082e-15)
(-108.9418825 -62.56582414 -2.376533472e-15)
(-108.9778092 -62.5871277 -2.33705407e-15)
(-109.013501 -62.6082755 -2.533170653e-15)
(-109.0489257 -62.62924042 -2.369755959e-15)
(-109.0840528 -62.64999913 -2.543732399e-15)
(-109.1188538 -62.6705306 -2.189998889e-15)
(-109.1533048 -62.69081949 -2.539601151e-15)
(-109.187374 -62.710847 -2.627671935e-15)
(-109.2210202 -62.73058743 -2.443764124e-15)
(-109.2542165 -62.75002568 -2.497027518e-15)
(-109.286929 -62.76914263 -2.225899454e-15)
(-109.319137 -62.78792899 -2.508196364e-15)
(-109.3508147 -62.8063728 -2.381438271e-15)
(-109.3819292 -62.82445565 -2.405673739e-15)
(-109.4124633 -62.84216987 -2.460673761e-15)
(-109.4423936 -62.85950368 -2.050388118e-15)
(-109.4717104 -62.87645481 -2.057403251e-15)
(-109.500399 -62.89301796 -1.966847537e-15)
(-109.528437 -62.90918074 -1.99836222e-15)
(-109.5558141 -62.92493838 -1.780232108e-15)
(-109.5825224 -62.94028943 -1.718577081e-15)
(-109.6085657 -62.9552387 -1.486501895e-15)
(-109.6339266 -62.96977628 -1.592688027e-15)
(-109.6585951 -62.98389785 -1.901224106e-15)
(-109.682568 -62.99760241 -1.773689313e-15)
(-109.7058499 -63.01089504 -1.679948711e-15)
(-109.7284396 -63.02377726 -1.800882464e-15)
(-109.7503271 -63.03624314 -1.723515541e-15)
(-109.7715174 -63.04829663 -1.948269802e-15)
(-109.7920078 -63.05993676 -1.890510219e-15)
(-109.8118032 -63.07117617 -2.167830192e-15)
(-109.8303308 -63.08275443 -1.999261088e-15)
)
;
    }
    outlet
    {
        type            calculated;
        value           uniform (0 0 0);
    }
    front
    {
        type            wedge;
    }
    back
    {
        type            wedge;
    }
}


// ************************************************************************* //
