# Wall shear stress
# Time           	patch            	min              	max              
1.0000000000e-05	object	(1.2872389588e-02 -2.2446656921e-02 -2.0327067249e-15)	(2.5456645334e-02 -1.2551374613e-04 3.7522902562e-15)
2.0000000000e-05	object	(1.5557414946e-02 -2.7131513989e-02 -2.2060425509e-15)	(3.0711764662e-02 -1.4676045894e-04 4.4109890706e-15)
3.0000000000e-05	object	(1.4851753699e-02 -2.5870248243e-02 -2.2511455112e-15)	(2.9294127499e-02 -1.3599517050e-04 5.1614534227e-15)
4.0000000000e-05	object	(1.4693502478e-02 -2.5563377839e-02 -2.2045022662e-15)	(2.8957641782e-02 -1.3323405456e-04 6.3321946256e-15)
5.0000000000e-05	object	(1.4632097857e-02 -2.5425662329e-02 -2.3314200316e-15)	(2.8807715101e-02 -1.3186157169e-04 6.8387312725e-15)
6.0000000000e-05	object	(1.4563096300e-02 -2.5273089267e-02 -2.4532569100e-15)	(2.8641217811e-02 -1.3060799801e-04 6.2881580763e-15)
7.0000000000e-05	object	(1.4497464056e-02 -2.5133298851e-02 -2.4225556018e-15)	(2.8488976816e-02 -1.2957339031e-04 7.2819114923e-15)
8.0000000000e-05	object	(1.4433211605e-02 -2.5006332070e-02 -2.4443832784e-15)	(2.8350987831e-02 -1.2870238070e-04 7.9075424522e-15)
9.0000000000e-05	object	(1.4367840249e-02 -2.4888635667e-02 -2.3475516384e-15)	(2.8223358634e-02 -1.2794401085e-04 6.5403246878e-15)
1.0000000000e-04	object	(1.4306819859e-02 -2.4778518250e-02 -2.4313992189e-15)	(2.8104247266e-02 -1.2727090538e-04 6.0714003796e-15)
1.1000000000e-04	object	(1.4249717850e-02 -2.4674798975e-02 -2.4189400880e-15)	(2.7992359565e-02 -1.2666486711e-04 7.2602515784e-15)
1.2000000000e-04	object	(1.4195995179e-02 -2.4576545891e-02 -2.4008870458e-15)	(2.7886624274e-02 -1.2611309648e-04 6.3138396354e-15)
1.3000000000e-04	object	(-9.7610181511e+01 -4.8585078804e+01 -2.8020650014e-14)	(1.8981172729e-02 9.8764314455e+00 2.5323658639e-14)
1.4000000000e-04	object	(-1.0330018865e+02 -5.1569070352e+01 -1.5967734751e-14)	(1.4686222479e-02 -2.4153137570e-02 7.9437480581e-14)
1.5000000000e-04	object	(-1.1749566855e+02 -6.4370937145e+01 -1.1802696240e-14)	(1.4217413440e-02 -2.4142477617e-02 4.9178786223e-14)
1.6000000000e-04	object	(-1.2985983536e+02 -7.3644627713e+01 -1.2004405644e-14)	(1.4129443055e-02 -2.4096470633e-02 3.4320615120e-14)
1.7000000000e-04	object	(-1.3832656196e+02 -8.0237756864e+01 -5.3646702243e-14)	(1.4063670154e-02 -2.4041463584e-02 3.0675980736e-14)
1.8000000000e-04	object	(-1.4473646564e+02 -8.4696027185e+01 -7.1479100008e-14)	(1.3804282881e+00 -2.3985238647e-02 3.7221109200e-14)
1.9000000000e-04	object	(-1.4866577522e+02 -8.7468021160e+01 -3.1774569962e-14)	(1.3961539257e-02 -2.3925559515e-02 4.5560851582e-14)
2.0000000000e-04	object	(-1.5138700867e+02 -8.9105870181e+01 -2.7691467910e-14)	(1.3916199115e-02 -2.3865648730e-02 3.8119872589e-14)
2.1000000000e-04	object	(-1.5324975957e+02 -8.9121839485e+01 -2.8228794037e-14)	(1.3873012708e-02 -2.3805095491e-02 3.1993750908e-14)
2.2000000000e-04	object	(-1.3879838816e+02 -7.6244715722e+01 -2.5513882075e-14)	(-3.1188748522e+00 1.2852403847e+01 3.2183373725e-14)
2.3000000000e-04	object	(-1.1567651555e+02 -6.5617164507e+01 -6.7718687310e-14)	(-1.1942513173e-01 -4.3150752729e-02 3.6583040475e-14)
2.4000000000e-04	object	(-1.0293896795e+02 -6.0303432191e+01 -2.0932592138e-14)	(-2.6873092194e-02 -3.2413661839e-01 3.6908748281e-14)
2.5000000000e-04	object	(-9.7650106382e+01 -5.7038931886e+01 -1.9427221813e-14)	(-1.7574890718e-01 -3.6384035269e-01 3.9635996364e-14)
2.6000000000e-04	object	(-9.1960265180e+01 -5.5265830572e+01 -1.9980581632e-14)	(-5.4597378721e-01 -4.3240395745e-01 3.8737516124e-14)
2.7000000000e-04	object	(-8.6352631410e+01 -5.8968893446e+01 -1.8135524736e-14)	(-1.1271664123e+00 -7.4806703682e-01 3.9033205616e-14)
2.8000000000e-04	object	(-9.2247915333e+01 -6.1966989440e+01 -1.6507874610e-14)	(-1.9713151635e+00 -7.8397316714e-01 3.7963365203e-14)
2.9000000000e-04	object	(-9.7272597405e+01 -6.4351679704e+01 -1.2895914115e-14)	(-4.1884449799e+00 -7.8607771227e-01 3.9313023436e-14)
3.0000000000e-04	object	(-1.0119374379e+02 -6.6002809913e+01 -1.1262036974e-14)	(-4.8777991186e+00 -8.2453563452e-01 4.0077896082e-14)
3.1000000000e-04	object	(-1.0440209835e+02 -6.7360875691e+01 -1.1786016576e-14)	(-5.0294050241e+00 -8.5944017435e-01 3.8604303623e-14)
3.2000000000e-04	object	(-1.0715575560e+02 -6.8240469395e+01 -1.0662201433e-14)	(-4.8039192194e+00 -8.1298237863e-01 3.6799195639e-14)
3.3000000000e-04	object	(-1.0947675571e+02 -6.8906947699e+01 -1.1143596495e-14)	(-4.8525078128e+00 -8.1999545353e-01 4.3887697183e-14)
3.4000000000e-04	object	(-1.1136513977e+02 -6.9326454145e+01 -1.0653984607e-14)	(-4.9330299947e+00 -8.3639881128e-01 4.0004851879e-14)
3.5000000000e-04	object	(-1.1300426945e+02 -6.9624908686e+01 -1.0999665003e-14)	(-4.9834555865e+00 -8.4807649849e-01 4.0289786648e-14)
3.6000000000e-04	object	(-1.1452875173e+02 -6.9829163977e+01 -1.1349820974e-14)	(-5.0150005322e+00 -8.5574120923e-01 4.4892461404e-14)
3.7000000000e-04	object	(-1.1598472716e+02 -6.9969433711e+01 -1.1433912938e-14)	(-5.0365462819e+00 -8.6100196518e-01 4.7756486546e-14)
3.8000000000e-04	object	(-1.1744685445e+02 -7.0061178083e+01 -1.2448679479e-14)	(-5.0509280035e+00 -8.6462571138e-01 5.2282208105e-14)
3.9000000000e-04	object	(-1.1897116166e+02 -7.0128452614e+01 -1.3031068157e-14)	(-5.0604305056e+00 -8.6710009495e-01 6.1561444418e-14)
4.0000000000e-04	object	(-1.2056892881e+02 -7.0173830443e+01 -1.1961658284e-14)	(-5.0668787374e+00 -8.6878967918e-01 6.7090891608e-14)
4.1000000000e-04	object	(-1.2234686496e+02 -7.0205257249e+01 -1.3498821835e-14)	(-5.0712423470e+00 -8.6993716943e-01 6.0569439775e-14)
4.2000000000e-04	object	(-1.2428857851e+02 -7.0739875239e+01 -1.2812351401e-14)	(-5.0741970875e+00 -8.7071044656e-01 7.1343663611e-14)
4.3000000000e-04	object	(-1.2631892478e+02 -7.1974646617e+01 -9.6728195635e-15)	(-5.0762018456e+00 -8.7123663810e-01 6.4899936313e-14)
4.4000000000e-04	object	(-1.2849996244e+02 -7.3308741753e+01 -1.1151123895e-14)	(-5.0775658468e+00 -8.7159351289e-01 7.6411445551e-14)
4.5000000000e-04	object	(-1.3073838766e+02 -7.4661376182e+01 -1.1029631903e-14)	(-5.0784952677e+00 -8.7183705507e-01 7.5810415113e-14)
4.6000000000e-04	object	(-1.3294657294e+02 -7.6002614354e+01 -1.0574154755e-14)	(-5.0791320144e+00 -8.7200327938e-01 9.0593712498e-14)
4.7000000000e-04	object	(-1.3514713557e+02 -7.7296821969e+01 -1.1528648499e-14)	(-5.0795680295e+00 -8.7211720130e-01 8.0198111989e-14)
4.8000000000e-04	object	(-1.3721387427e+02 -7.8570060832e+01 -1.2290217681e-14)	(-5.0798660607e+00 -8.7219526572e-01 8.2894096547e-14)
4.9000000000e-04	object	(-1.3918769009e+02 -7.9736265416e+01 -1.0970342467e-14)	(-5.0800699432e+00 -8.7224861878e-01 7.8332873872e-14)
5.0000000000e-04	object	(-1.4097984382e+02 -8.0794321052e+01 -1.0132255902e-14)	(-5.0802097325e+00 -8.7228516417e-01 7.8906536300e-14)
5.1000000000e-04	object	(-1.4258597164e+02 -8.1753849947e+01 -1.1100080281e-14)	(-5.0803057669e+00 -8.7231026227e-01 7.8823466581e-14)
5.2000000000e-04	object	(-1.4402688853e+02 -8.2608144650e+01 -1.1790993893e-14)	(-5.0803715473e+00 -8.7232747506e-01 7.8826492672e-14)
5.3000000000e-04	object	(-1.4531821813e+02 -8.3364360692e+01 -1.2484853177e-14)	(-5.0804168775e+00 -8.7233928786e-01 8.4865371934e-14)
5.4000000000e-04	object	(-1.4645836810e+02 -8.4032311065e+01 -9.2938141154e-15)	(-5.0804481991e+00 -8.7234744905e-01 8.7626906449e-14)
5.5000000000e-04	object	(-1.4746148799e+02 -8.4628408358e+01 -1.0816459655e-14)	(-5.0804697950e+00 -8.7235308798e-01 8.9389075921e-14)
5.6000000000e-04	object	(-1.4786720063e+02 -8.4836270761e+01 -9.9607541984e-15)	(-5.0804846791e+00 -8.7235697396e-01 9.0332520824e-14)
5.7000000000e-04	object	(-1.4793153765e+02 -8.4870598109e+01 -8.5023425161e-15)	(-5.0804949390e+00 -8.7235965279e-01 9.1084898919e-14)
5.8000000000e-04	object	(-1.4795489057e+02 -8.4883599485e+01 -8.8572484950e-15)	(-5.0805020114e+00 -8.7236149958e-01 9.2327163133e-14)
5.9000000000e-04	object	(-1.4796854964e+02 -8.4891302349e+01 -1.0862778957e-14)	(-5.0805068858e+00 -8.7236277236e-01 9.1636387184e-14)
6.0000000000e-04	object	(-1.4797748212e+02 -8.4896351067e+01 -1.2009079589e-14)	(-5.0805102452e+00 -8.7236364958e-01 9.1605159180e-14)
6.1000000000e-04	object	(-1.4798343333e+02 -8.4899715990e+01 -1.2309665764e-14)	(-5.0805125609e+00 -8.7236425427e-01 9.2009556529e-14)
6.2000000000e-04	object	(-1.4798741292e+02 -8.4901966607e+01 -1.3139277280e-14)	(-5.0805141578e+00 -8.7236467120e-01 9.1985290126e-14)
6.3000000000e-04	object	(-1.4799007353e+02 -8.4903478174e+01 -1.1697184514e-14)	(-5.0805152584e+00 -8.7236495858e-01 9.3616572686e-14)
6.4000000000e-04	object	(-1.4799187907e+02 -8.4904487013e+01 -1.2800344836e-14)	(-5.0805160169e+00 -8.7236515663e-01 9.3021572184e-14)
6.5000000000e-04	object	(-1.4799310330e+02 -8.4905171097e+01 -1.1554220772e-14)	(-5.0805165398e+00 -8.7236529317e-01 9.3143870849e-14)
6.6000000000e-04	object	(-1.4799393397e+02 -8.4905635372e+01 -1.2989382074e-14)	(-5.0805169000e+00 -8.7236538726e-01 9.2726989493e-14)
6.7000000000e-04	object	(-1.4799449921e+02 -8.4905951373e+01 -1.2616770437e-14)	(-5.0805171483e+00 -8.7236545209e-01 9.3643417346e-14)
6.8000000000e-04	object	(-1.4799488504e+02 -8.4906167130e+01 -1.3089180317e-14)	(-5.0805173197e+00 -8.7236549685e-01 9.3922671425e-14)
6.9000000000e-04	object	(-1.4799514912e+02 -8.4906314828e+01 -1.3019095280e-14)	(-5.0805174379e+00 -8.7236552771e-01 9.2498895397e-14)
7.0000000000e-04	object	(-1.4799533023e+02 -8.4906416135e+01 -1.2657197435e-14)	(-5.0805175196e+00 -8.7236554898e-01 9.4496318000e-14)
7.1000000000e-04	object	(-1.4799545462e+02 -8.4906485721e+01 -1.2531967798e-14)	(-5.0805175758e+00 -8.7236556370e-01 9.3749308685e-14)
7.2000000000e-04	object	(-1.4799554014e+02 -8.4906533565e+01 -1.2107205095e-14)	(-5.0805176144e+00 -8.7236557380e-01 9.4038117342e-14)
7.3000000000e-04	object	(-1.4799559898e+02 -8.4906566482e+01 -1.2307739697e-14)	(-5.0805176412e+00 -8.7236558079e-01 9.3563845832e-14)
