/*--------------------------------*- C++ -*----------------------------------*\
| =========                 |                                                 |
| \\      /  F ield         | OpenFOAM: The Open Source CFD Toolbox           |
|  \\    /   O peration     | Version:  v1706                                 |
|   \\  /    A nd           | Web:      www.OpenFOAM.com                      |
|    \\/     M anipulation  |                                                 |
\*---------------------------------------------------------------------------*/
FoamFile
{
    version     2.0;
    format      ascii;
    class       volVectorField;
    location    "0.00158";
    object      wallShearStress;
}
// * * * * * * * * * * * * * * * * * * * * * * * * * * * * * * * * * * * * * //

dimensions      [1 -1 -2 0 0 0 0];


internalField   uniform (0 0 0);

boundaryField
{
    inlet
    {
        type            calculated;
        value           nonuniform 0();
    }
    object
    {
        type            calculated;
        value           nonuniform List<vector> 
204
(
(-10.70647768 -29.80348858 -1.574236449e-16)
(-10.76149222 -29.82452208 4.847612117e-17)
(-10.81180598 -29.84010358 1.488903286e-16)
(-10.85301776 -29.84975509 3.196453085e-16)
(-10.88688682 -29.86404656 -1.651437341e-16)
(-10.91258377 -29.89068656 -1.601406712e-16)
(-10.93518723 -29.93323993 1.180803191e-16)
(-10.95583667 -29.98743512 1.161018437e-16)
(-10.97656272 -30.04884425 -7.620162793e-18)
(-10.99766856 -30.11594606 8.256401456e-17)
(-11.01964957 -30.18715361 6.56558815e-16)
(-11.04248606 -30.26182361 1.451111409e-15)
(-11.06624654 -30.33935166 1.861669128e-15)
(-11.09083216 -30.41967922 1.450469712e-15)
(-11.11627219 -30.50238306 9.904205409e-16)
(-11.14209323 -30.58756746 6.399127279e-16)
(-11.16877468 -30.67460083 3.013371651e-16)
(-11.19605031 -30.76385196 9.742058753e-17)
(-11.22404226 -30.85505792 1.346567392e-16)
(-11.25251676 -30.94830552 2.498226361e-16)
(-11.2815478 -31.04313895 3.407502737e-17)
(-11.31127261 -31.13976884 1.399919808e-16)
(-11.34139551 -31.2382164 2.927555572e-16)
(-11.37219356 -31.33810289 3.709864565e-16)
(-11.40345269 -31.43969997 1.758055376e-16)
(-11.43540173 -31.54275799 1.070980517e-16)
(-11.46801306 -31.64750743 9.095951254e-17)
(-11.50106976 -31.75398427 1.599391501e-16)
(-11.53468172 -31.86179902 3.543014558e-16)
(-11.56890859 -31.97106529 2.711843416e-16)
(-11.60383105 -32.08187328 -5.983202338e-17)
(-11.63903485 -32.19431161 -4.211151826e-16)
(-11.67495453 -32.30784377 -3.327009919e-16)
(-11.71146559 -32.42291782 -2.350231573e-16)
(-11.74863606 -32.53938678 -9.300167923e-17)
(-11.78616018 -32.65741635 -8.751848472e-18)
(-11.82438919 -32.7765496 -8.144750917e-17)
(-11.86331365 -32.89721604 -3.640372848e-16)
(-11.90267263 -33.01936242 -2.191627476e-16)
(-11.94270115 -33.14281147 -1.278054203e-17)
(-11.98322019 -33.26772093 7.657215535e-17)
(-12.02444943 -33.39389593 4.260073888e-17)
(-12.06637989 -33.52153665 2.482362768e-16)
(-12.10880517 -33.65067448 -1.002214213e-16)
(-12.1519357 -33.78112532 -1.180257905e-16)
(-12.19563103 -33.91306042 7.201921188e-18)
(-12.24005956 -34.04632546 5.151539108e-17)
(-12.28505219 -34.1810938 2.91132571e-16)
(-12.33080396 -34.31718667 2.366561702e-16)
(-12.37712262 -34.45480549 -9.790628683e-17)
(-12.424232 -34.59374657 -3.837772083e-17)
(-12.47191106 -34.73425446 -1.637639691e-16)
(-12.52041923 -34.87610086 -6.211460579e-17)
(-12.56952338 -35.01955731 1.240711855e-17)
(-12.61948711 -35.16442045 1.198041842e-16)
(-12.67009663 -35.3109447 1.416819735e-16)
(-12.72163412 -35.45894313 1.495112737e-16)
(-12.77382566 -35.60876008 3.761653828e-16)
(-12.82703792 -35.76011489 1.85061957e-16)
(-12.88093869 -35.91343382 1.345160933e-16)
(-12.93593931 -36.06844686 4.472611348e-17)
(-12.99179361 -36.22554113 1.080905655e-16)
(-13.04871394 -36.3846283 8.917163813e-17)
(-13.10666347 -36.54591668 -6.019915327e-17)
(-13.16570966 -36.70949354 4.5454414e-17)
(-13.22593051 -36.87550552 8.456895977e-17)
(-13.28739861 -37.04410726 2.597165117e-16)
(-13.35019375 -37.21547491 2.611654438e-16)
(-13.41440316 -37.38980329 1.428367506e-16)
(-13.48012246 -37.56730629 2.375917047e-16)
(-13.54745882 -37.74822366 1.492335816e-16)
(-13.61652737 -37.93281608 1.19976278e-16)
(-13.68745887 -38.1213801 8.492904756e-17)
(-13.76039492 -38.31424162 1.858842869e-16)
(-13.83548637 -38.51175584 2.593672186e-17)
(-13.91288483 -38.71431131 7.629741505e-17)
(-13.99272416 -38.92231898 3.85248786e-16)
(-14.07519145 -39.13617627 5.193514216e-16)
(-14.1605426 -39.35635288 2.655069989e-16)
(-14.24900039 -39.58339897 7.693394084e-17)
(-14.34080773 -39.8178958 1.216891568e-16)
(-14.4362457 -40.06049048 1.539033172e-16)
(-14.53561784 -40.31190835 6.293171223e-16)
(-14.63919679 -40.57283932 3.758036913e-16)
(-14.74765071 -40.84401525 1.834645551e-16)
(-14.86071018 -41.12704249 3.406912406e-16)
(-14.97949507 -41.4218483 1.5716285e-16)
(-15.10420718 -41.73027585 6.657107454e-17)
(-15.23501051 -42.05322484 -1.592882905e-17)
(-15.3726653 -42.39240522 -1.892016331e-16)
(-15.51691869 -42.74892072 -2.19396485e-16)
(-15.67046971 -43.12310786 -1.329371646e-16)
(-15.83433566 -43.51911957 -3.454591462e-16)
(-16.00933757 -43.93929955 -4.252478268e-16)
(-16.19686041 -44.38699011 -1.251165454e-16)
(-16.39825813 -44.86573815 -3.101567702e-17)
(-16.61713949 -45.37912861 6.679080529e-17)
(-16.85575498 -45.9341797 2.356361271e-16)
(-17.12001008 -46.53746427 2.000659234e-16)
(-17.4133941 -47.20068568 1.599705341e-16)
(-17.7489735 -47.93398893 1.765625348e-16)
(-18.13771308 -48.76202244 2.320587517e-16)
(-18.61746248 -49.70171608 2.732042644e-16)
(-19.28431269 -50.77839816 1.870719477e-16)
(-20.20481004 -51.81140431 1.957080811e-16)
(-21.0875765 -52.77982724 1.811683232e-16)
(-21.98179005 -53.62533153 1.595181706e-16)
(-22.89504537 -54.34669592 1.80244148e-16)
(-23.81304066 -54.95464639 1.552136427e-16)
(-24.7384059 -55.4620308 5.788262215e-17)
(-25.66855203 -55.89269856 7.658078336e-17)
(-26.60157371 -56.25320176 1.71480436e-16)
(-27.53551487 -56.56068022 -6.92026312e-17)
(-28.46328175 -56.81715471 1.548567051e-16)
(-29.38841964 -57.02120894 9.975377801e-17)
(-30.31287363 -57.18335237 1.984503603e-16)
(-31.23435638 -57.30985308 2.003966625e-16)
(-32.14770485 -57.40094322 1.793306092e-16)
(-33.0518766 -57.45087011 1.448599646e-16)
(-33.95328247 -57.45955011 -1.412546686e-17)
(-34.85651266 -57.44355877 4.304592297e-17)
(-35.75288131 -57.40181535 1.800677388e-16)
(-36.63885249 -57.33278135 1.951102059e-16)
(-37.51290942 -57.22739032 9.737670221e-17)
(-38.38083408 -57.09416237 9.920194078e-17)
(-39.2399367 -56.92316061 5.983757703e-17)
(-40.12253908 -56.73837708 1.002621242e-17)
(-41.01353478 -56.55691315 1.689815675e-16)
(-41.86598586 -56.34775612 1.731302664e-16)
(-42.69983788 -56.10150808 9.978782342e-17)
(-43.52758896 -55.83189668 -3.170612713e-18)
(-44.34486354 -55.5413515 -4.955326444e-17)
(-45.14906425 -55.2283531 3.349197845e-18)
(-45.9398967 -54.89084836 3.94442054e-17)
(-46.71882268 -54.52761268 1.232897213e-16)
(-47.48799836 -54.14425892 2.182510668e-16)
(-48.25077634 -53.7472501 2.52879091e-16)
(-48.99717806 -53.327067 3.000527979e-16)
(-49.73032373 -52.8925006 1.830147434e-16)
(-50.44454645 -52.4317499 1.697411045e-16)
(-51.14761476 -51.9516962 5.421505398e-17)
(-51.83897415 -51.45567386 9.61576409e-17)
(-52.51800173 -50.94781837 1.653030816e-16)
(-53.17923449 -50.42140067 1.46569024e-16)
(-53.82543799 -49.87513812 2.603836128e-16)
(-54.45870839 -49.31346996 2.617125285e-16)
(-55.07965698 -48.73925478 2.428896259e-16)
(-55.6869947 -48.15564916 8.287620058e-17)
(-56.27761934 -47.55714087 6.792312479e-18)
(-56.85250362 -46.94538935 1.811395411e-16)
(-57.41174401 -46.3170584 2.211320933e-16)
(-57.95948909 -45.67990435 8.160361397e-17)
(-58.49350558 -45.03477109 1.45669727e-16)
(-59.01175531 -44.38158654 1.382910157e-16)
(-59.51321719 -43.71464867 1.264868623e-17)
(-60.00161237 -43.03918255 6.568372538e-17)
(-60.47480273 -42.3556004 2.240473476e-16)
(-60.93246552 -41.66073589 2.304366334e-16)
(-61.37736629 -40.96022886 3.132591375e-16)
(-61.80691938 -40.25298641 2.245613915e-16)
(-62.22172823 -39.53747775 2.17853789e-16)
(-62.6228951 -38.81736835 1.987816108e-16)
(-63.00861047 -38.08857593 1.667863916e-16)
(-63.3814652 -37.35615823 1.585156943e-16)
(-63.73962421 -36.61614837 2.11701692e-16)
(-64.08585075 -35.87368803 1.850480929e-16)
(-64.4178416 -35.12869451 1.798287455e-16)
(-64.7346271 -34.37539441 9.761566749e-17)
(-65.04075903 -33.6209541 9.924642509e-17)
(-65.33338527 -32.86583195 1.841744859e-16)
(-65.61127616 -32.10388787 1.562910054e-16)
(-65.87883632 -31.34183591 1.290418444e-16)
(-66.13314913 -30.57908363 1.145984425e-16)
(-66.37376804 -29.81205666 1.419295583e-16)
(-66.60289715 -29.0429943 1.296828228e-16)
(-66.82119022 -28.27409979 1.138742738e-16)
(-67.02796796 -27.50629119 1.620768284e-16)
(-67.2218828 -26.73692128 1.482402374e-16)
(-67.40422313 -25.96549748 7.863136106e-17)
(-67.57595476 -25.19531284 8.389064621e-17)
(-67.73591788 -24.42370835 8.292315025e-17)
(-67.88584382 -23.65368633 8.760114375e-17)
(-68.02463275 -22.88340758 1.018328691e-16)
(-68.15334953 -22.1148716 7.591635422e-17)
(-68.27118899 -21.3463771 8.014606817e-17)
(-68.37941937 -20.57941809 1.01572931e-16)
(-68.47759173 -19.81367697 1.2633902e-16)
(-68.56594101 -19.04985489 1.4186152e-17)
(-68.644613 -18.28699544 -1.010532679e-17)
(-68.71439334 -17.52639564 -1.746996712e-17)
(-68.77478596 -16.76772282 6.195636833e-18)
(-68.82615137 -16.01129506 -3.102250983e-17)
(-68.86860938 -15.25684966 3.249973933e-17)
(-68.902596 -14.5048496 3.807787665e-17)
(-68.92814027 -13.75530307 4.8645742e-17)
(-68.94543661 -13.0085233 4.621113347e-17)
(-68.95457889 -12.26434467 2.994295477e-17)
(-68.95590373 -11.52313769 8.969889773e-18)
(-68.94946995 -10.78478702 6.50622164e-18)
(-68.93554624 -10.04965837 4.134375957e-17)
(-68.91416306 -9.317534874 4.311722029e-17)
(-68.88565412 -8.588836455 4.144304464e-17)
(-68.85051439 -7.863350145 6.101554055e-17)
(-69.04545191 -7.213180615 5.705035918e-17)
)
;
    }
    outlet
    {
        type            calculated;
        value           uniform (0 0 0);
    }
    front
    {
        type            wedge;
    }
    back
    {
        type            wedge;
    }
    procBoundary3to1
    {
        type            processor;
        value           uniform (0 0 0);
    }
    procBoundary3to2
    {
        type            processor;
        value           uniform (0 0 0);
    }
}


// ************************************************************************* //
