/*--------------------------------*- C++ -*----------------------------------*\
| =========                 |                                                 |
| \\      /  F ield         | OpenFOAM: The Open Source CFD Toolbox           |
|  \\    /   O peration     | Version:  v1706                                 |
|   \\  /    A nd           | Web:      www.OpenFOAM.com                      |
|    \\/     M anipulation  |                                                 |
\*---------------------------------------------------------------------------*/
FoamFile
{
    version     2.0;
    format      ascii;
    class       volVectorField;
    location    "0.00133";
    object      wallShearStress;
}
// * * * * * * * * * * * * * * * * * * * * * * * * * * * * * * * * * * * * * //

dimensions      [1 -1 -2 0 0 0 0];


internalField   uniform (0 0 0);

boundaryField
{
    inlet
    {
        type            calculated;
        value           uniform (0 0 0);
    }
    object
    {
        type            calculated;
        value           nonuniform List<vector> 
300
(
(-2.65701661 -0.8510318149 2.58824514e-14)
(-2.510762397 -1.386494877 4.715207412e-14)
(-2.522803606 -2.138891657 5.043755986e-14)
(-2.531076843 -2.91937372 1.450283121e-14)
(-2.543722767 -3.702354668 2.753143179e-14)
(-2.5618442 -4.48008776 2.533540054e-14)
(-2.586057561 -5.249213453 5.13647165e-14)
(-2.616889256 -6.008070894 6.445532079e-14)
(-2.654800005 -6.755893475 6.952852137e-14)
(-2.700170775 -7.492475164 7.822283641e-14)
(-2.753293397 -8.217987774 6.008203279e-14)
(-2.814370657 -8.932859135 5.140017519e-14)
(-2.883523866 -9.63768335 3.995868875e-14)
(-2.960804816 -10.33315224 3.453068842e-14)
(-3.046209559 -11.02000334 2.727477789e-14)
(-3.139692061 -11.69898128 1.72524759e-14)
(-3.24117665 -12.37081026 1.885499985e-17)
(-3.350568626 -13.03617555 -2.032264396e-15)
(-3.467762918 -13.69571235 -4.702948595e-15)
(-3.592650718 -14.34999956 -4.127709986e-15)
(-3.725124522 -14.99955824 -4.660631268e-15)
(-3.865081723 -15.64485257 -8.628886541e-15)
(-4.012427037 -16.28629294 -1.140980544e-14)
(-4.167074122 -16.92424035 -4.905025479e-15)
(-4.328946637 -17.55901167 -7.376658062e-16)
(-4.497978765 -18.19088524 3.456314065e-16)
(-4.674115533 -18.82010647 1.066648298e-15)
(-4.857313031 -19.44689403 2.406211939e-15)
(-5.047538341 -20.07144506 6.306420274e-15)
(-5.244769601 -20.69394076 9.403952467e-15)
(-5.448995822 -21.31455162 7.624930147e-15)
(-5.660216716 -21.93344214 6.878600738e-15)
(-5.878442008 -22.55077477 5.990451429e-15)
(-6.103690667 -23.16671366 5.165531914e-15)
(-6.33598928 -23.78142699 4.292282921e-15)
(-6.575369819 -24.39508829 3.694049957e-15)
(-6.821866107 -25.00787554 1.858762329e-15)
(-7.075509437 -25.61996847 -2.360738352e-15)
(-7.336322348 -26.23154183 -1.18085349e-15)
(-7.604312115 -26.84275654 4.846742592e-16)
(-7.879463349 -27.45374652 3.999178117e-15)
(-8.161731571 -28.06460271 5.353256224e-15)
(-8.451039029 -28.67535595 4.634116948e-15)
(-8.74727396 -29.28596076 4.063802268e-15)
(-9.0502938 -29.89628316 1.529867257e-15)
(-9.359932275 -30.50609614 1.257339268e-15)
(-9.676007898 -31.11508302 2.061172963e-15)
(-9.998332835 -31.72284749 2.36578426e-15)
(-10.32672121 -32.32893019 3.390801347e-15)
(-10.66099587 -32.93282773 8.490364037e-15)
(-11.00099411 -33.53401391 7.590401019e-15)
(-11.3465716 -34.13196025 9.707709529e-15)
(-11.69760562 -34.72615599 7.863067617e-15)
(-12.0539972 -35.3161261 6.199364836e-15)
(-12.41567187 -35.90144511 9.426945807e-15)
(-12.78258104 -36.48175017 7.511815477e-15)
(-13.15470239 -37.05675015 6.224924545e-15)
(-13.53203995 -37.62623262 4.691360319e-15)
(-13.91462456 -38.19006805 3.999070934e-15)
(-14.30251397 -38.74821376 2.35551948e-15)
(-14.6957919 -39.30071399 2.991059004e-15)
(-15.09456645 -39.84769959 3.077658179e-15)
(-15.4989666 -40.38938427 2.009840157e-15)
(-15.90913488 -40.92605794 6.725151053e-17)
(-16.32521777 -41.45807357 -2.620540584e-16)
(-16.74735082 -41.98582982 -1.127901003e-15)
(-17.17564041 -42.50974078 -1.283020161e-15)
(-17.61014496 -43.03019989 -1.20564165e-15)
(-18.05085957 -43.54753655 -2.020432438e-15)
(-18.49770873 -44.06197478 -3.479474073e-15)
(-18.9505515 -44.57360168 -3.278182406e-15)
(-19.40919437 -45.08235419 -4.272028724e-16)
(-19.87341125 -45.58802694 -3.104809028e-16)
(-20.34296323 -46.09029811 -2.102435635e-15)
(-20.81761518 -46.58876175 -1.530762978e-15)
(-21.29715028 -47.08296603 -1.692886808e-15)
(-21.78138099 -47.57245103 -3.214036391e-15)
(-22.27015847 -48.05678359 -5.619722708e-15)
(-22.76337758 -48.53558837 -7.043484317e-15)
(-23.26098291 -49.00856975 -5.405011969e-15)
(-23.76297368 -49.47553458 -3.963080576e-15)
(-24.26940709 -49.9364058 -1.975233881e-15)
(-24.78040109 -50.39123429 -4.567082183e-16)
(-25.29613372 -50.84020909 -5.779336565e-16)
(-25.81683286 -51.28365746 5.2952549e-16)
(-26.34275218 -51.72203218 6.042616419e-16)
(-26.87413219 -52.15587051 1.983896158e-16)
(-27.4111531 -52.58572745 -2.331802203e-16)
(-27.95389545 -53.01208568 4.694051628e-16)
(-28.50232096 -53.43527305 1.424156034e-15)
(-29.05627397 -53.85540988 9.656461533e-16)
(-29.61549701 -54.27238968 1.328281269e-15)
(-30.17965592 -54.68588779 3.289214111e-15)
(-30.7483755 -55.0953961 2.83702424e-15)
(-31.32128205 -55.50028656 3.601921819e-15)
(-31.89804542 -55.89989202 2.503494037e-15)
(-32.47841263 -56.29359081 6.089026157e-16)
(-33.0622236 -56.68088058 -5.74744636e-17)
(-33.64941016 -57.06142615 -2.453351005e-16)
(-34.2399709 -57.43507219 -4.472328126e-16)
(-34.83393627 -57.80179532 -1.732962507e-15)
(-35.43134705 -58.16167204 -1.325146273e-15)
(-36.03223926 -58.5148245 -2.462904165e-15)
(-36.63663413 -58.86138961 -1.084082628e-15)
(-37.24452964 -59.20148785 -5.677219309e-16)
(-37.85591355 -59.53521463 -4.297434637e-16)
(-38.47075194 -59.86265316 -6.576739954e-16)
(-39.08898876 -60.18381354 -1.040810106e-15)
(-39.71058383 -60.49872201 -1.506257958e-15)
(-40.33550812 -60.8073539 2.578570208e-16)
(-40.96383099 -61.10978477 -1.684553955e-15)
(-41.59571821 -61.40619759 -2.376808115e-15)
(-42.23144552 -61.69699177 -1.362440123e-15)
(-42.8712929 -61.98267402 -1.228227246e-15)
(-43.51546244 -62.26374385 -7.066368546e-16)
(-44.16402474 -62.54051097 -6.042026188e-16)
(-44.8168771 -62.81316621 -1.979959369e-15)
(-45.47373706 -63.08122904 -8.96970806e-16)
(-46.13448056 -63.34491084 -2.411977557e-16)
(-46.79817663 -63.60294096 6.762313415e-17)
(-47.4646758 -63.85458142 1.660047662e-15)
(-48.13424916 -64.09978701 2.61911937e-15)
(-48.80830917 -64.33855522 6.619557044e-16)
(-49.49135857 -64.57657642 9.85041898e-16)
(-50.18063864 -64.81430598 2.32316054e-15)
(-50.85385848 -65.02523314 2.838934727e-15)
(-51.52831543 -65.22325511 1.662207996e-15)
(-52.20441863 -65.41383576 5.886122817e-16)
(-52.88312983 -65.59892966 2.545082473e-16)
(-53.56491374 -65.77934012 -1.044820832e-15)
(-54.24988387 -65.95522889 -1.180619268e-15)
(-54.93793351 -66.12640197 -1.909923795e-15)
(-55.62879789 -66.29242776 -5.841213163e-16)
(-56.32214593 -66.45276291 -8.524106041e-16)
(-57.01766484 -66.60689733 -1.001760122e-15)
(-57.71508554 -66.75439195 -1.268304435e-15)
(-58.4142359 -66.89498366 -1.849769341e-15)
(-59.11501532 -67.02854226 -1.673761432e-15)
(-59.81741149 -67.15510753 -1.456196462e-15)
(-60.52143529 -67.27478507 -5.494499625e-16)
(-61.22711437 -67.38772449 -8.941943936e-16)
(-61.93446194 -67.49405656 -1.158104889e-15)
(-62.64346601 -67.59387144 -8.852348136e-16)
(-63.35408686 -67.68720147 -5.598238138e-16)
(-64.06625192 -67.77402057 -2.503075427e-16)
(-64.77987294 -67.85426032 -3.899819827e-16)
(-65.4948659 -67.9278609 -1.563453623e-16)
(-66.2111401 -67.99475142 1.684106011e-16)
(-66.92861616 -68.05487912 -1.418264241e-17)
(-67.64722984 -68.10822717 8.002047061e-16)
(-68.36692248 -68.15478214 4.378733558e-16)
(-69.0876304 -68.19454621 -4.698868837e-16)
(-69.80929884 -68.22752048 6.112843597e-16)
(-70.53187345 -68.25371069 2.643323674e-16)
(-71.25529698 -68.27312329 -1.730000776e-16)
(-71.97950841 -68.28574839 -2.18092496e-16)
(-72.70445201 -68.29158632 -3.551804983e-16)
(-73.43007213 -68.29063447 -1.166082522e-15)
(-74.15630178 -68.28288231 -9.969872824e-16)
(-74.88308865 -68.26832758 -5.041348231e-16)
(-75.61038009 -68.2469828 8.480482008e-17)
(-76.33811403 -68.21883438 7.68415243e-16)
(-77.06624313 -68.1838982 2.69976423e-16)
(-77.7947064 -68.14217328 3.35155292e-17)
(-78.52344775 -68.09365813 -2.664476767e-17)
(-79.2524192 -68.03836548 1.252730311e-16)
(-79.9815587 -67.97629292 7.455636583e-16)
(-80.71081433 -67.90744501 -6.633856622e-17)
(-81.44013391 -67.83182921 -2.721534498e-16)
(-82.16945251 -67.74944123 -8.103285494e-16)
(-82.89871812 -67.6602806 -9.973502004e-16)
(-83.62788114 -67.56436343 -1.451277343e-15)
(-84.35687792 -67.4616852 -1.060387258e-15)
(-85.08565206 -67.35224178 9.064522377e-17)
(-85.81414286 -67.2360491 -6.433207959e-17)
(-86.54230064 -67.11310678 6.712537677e-16)
(-87.27006777 -66.98342631 3.735922552e-16)
(-87.9973756 -66.8470015 1.358271956e-16)
(-88.72417443 -66.70384342 3.05341293e-16)
(-89.450409 -66.55395579 3.031573289e-16)
(-90.17601615 -66.39734592 2.151725529e-16)
(-90.90094074 -66.23402306 2.41095623e-16)
(-91.62513116 -66.0639926 2.790672993e-17)
(-92.34853105 -65.88726938 -1.203049423e-16)
(-93.07108176 -65.7038622 -1.927852998e-16)
(-93.79273465 -65.51378088 -8.282210046e-16)
(-94.51343114 -65.31703973 -1.210717723e-15)
(-95.23310974 -65.11364391 -1.167597241e-15)
(-95.95172417 -64.90360395 -1.487348666e-15)
(-96.66922722 -64.68694913 -1.459592932e-15)
(-97.38555523 -64.46368026 -1.494799896e-15)
(-98.10065362 -64.23380598 -2.181989628e-15)
(-98.81447521 -63.99735902 -1.993230922e-15)
(-99.52695149 -63.75435675 -1.850613577e-15)
(-100.2380314 -63.50481384 -1.715408698e-15)
(-100.947663 -63.24874156 -2.03881621e-15)
(-101.6558006 -62.98615479 -2.203996463e-15)
(-102.3623922 -62.71706841 -1.812750776e-15)
(-103.0673887 -62.44159261 -1.598263874e-15)
(-103.7760155 -62.18978183 -1.351601382e-15)
(-105.5186994 -61.21679822 6.435072668e-16)
(-106.3435948 -60.93067823 -1.275277976e-16)
(-106.8057866 -60.98287846 -1.702918568e-15)
(-107.1531 -61.15473475 -1.400834134e-15)
(-107.4600614 -61.34816957 -1.786599913e-15)
(-107.7499149 -61.5358859 -1.476772148e-15)
(-108.0296694 -61.71389906 -9.322368049e-16)
(-108.3016555 -61.88368936 -1.38845843e-15)
(-108.5668689 -62.04705484 -9.135198676e-16)
(-108.8258292 -62.20512778 -2.175635787e-15)
(-109.0786519 -62.35834359 -2.934558169e-15)
(-109.3250542 -62.50660707 -3.168548687e-15)
(-109.5643735 -62.64944036 -4.528116498e-15)
(-109.7956097 -62.7861224 -3.858660034e-15)
(-110.0176223 -62.91589405 -4.955299799e-15)
(-110.2292716 -63.03810012 -5.43761054e-15)
(-110.4296044 -63.15233791 -4.91387437e-15)
(-110.6180509 -63.25856339 -3.322179734e-15)
(-110.7944844 -63.35709424 -3.46061087e-15)
(-110.9592783 -63.4485875 -3.710001287e-15)
(-111.1132333 -63.53392977 -3.808589318e-15)
(-111.2574626 -63.61412213 -3.676850057e-15)
(-111.3933099 -63.69019573 -4.174743063e-15)
(-111.5221608 -63.76308275 -3.11959027e-15)
(-111.6453401 -63.83356892 -3.60712722e-15)
(-111.7640274 -63.90226106 -2.934454134e-15)
(-111.8791667 -63.96956623 -3.67746284e-15)
(-111.9915008 -64.03574215 -4.988840205e-15)
(-112.1015317 -64.10089571 -5.115377521e-15)
(-112.2095433 -64.16502218 -5.338376083e-15)
(-112.3156739 -64.22805572 -6.167824308e-15)
(-112.4199187 -64.28987882 -5.304266371e-15)
(-112.5222007 -64.35036483 -5.180760306e-15)
(-112.6223785 -64.40937468 -4.046205231e-15)
(-112.7202672 -64.46677117 -3.92635111e-15)
(-112.8156986 -64.52244674 -3.396199126e-15)
(-112.9085059 -64.57631413 -3.413015423e-15)
(-112.998575 -64.62833591 -2.989003508e-15)
(-113.0858352 -64.67851174 -3.721399761e-15)
(-113.1702588 -64.72688029 -3.604559492e-15)
(-113.251917 -64.77354651 -3.996959587e-15)
(-113.3309311 -64.81864072 -2.989899186e-15)
(-113.4074582 -64.86230863 -3.004446805e-15)
(-113.4817095 -64.90471119 -4.030282049e-15)
(-113.5538919 -64.94598853 -3.686725248e-15)
(-113.6242213 -64.98626817 -2.85981488e-15)
(-113.692882 -65.02563933 -3.732382253e-15)
(-113.7600111 -65.06415678 -3.038743773e-15)
(-113.8257375 -65.10186679 -3.052201717e-15)
(-113.8901528 -65.13880057 -2.696859527e-15)
(-113.9533587 -65.17500876 -2.964004306e-15)
(-114.0154577 -65.21055361 -3.098335838e-15)
(-114.0765556 -65.24551583 -3.273604049e-15)
(-114.1368242 -65.2800276 -3.456847723e-15)
(-114.1964534 -65.31423451 -2.939990754e-15)
(-114.25567 -65.34830567 -2.446880322e-15)
(-114.3147351 -65.38242312 -3.384127431e-15)
(-114.3738997 -65.41675262 -2.614793648e-15)
(-114.4334464 -65.4514671 -2.350034207e-15)
(-114.4936313 -65.48670722 -2.524011848e-15)
(-114.5546717 -65.52258304 -2.139707084e-15)
(-114.6167793 -65.55919399 -1.845270724e-15)
(-114.6801249 -65.59661658 -1.784289625e-15)
(-114.7448802 -65.63493609 -1.66965346e-15)
(-114.8112051 -65.67423867 -1.389215741e-15)
(-114.8792539 -65.71462414 -1.278075985e-15)
(-114.9492255 -65.75623053 -1.76176117e-15)
(-115.0213333 -65.79921506 -1.116191841e-15)
(-115.0958387 -65.84376862 -6.447656111e-16)
(-115.1730181 -65.89008271 -1.219305168e-15)
(-115.2531349 -65.93833082 -1.045778731e-15)
(-115.3364719 -65.9886804 -1.308714801e-15)
(-115.4232623 -66.0412441 -1.495303455e-15)
(-115.5136676 -66.09607328 -1.067974494e-15)
(-115.6078004 -66.15317202 -8.893801252e-16)
(-115.7056821 -66.21248234 -8.186350723e-16)
(-115.8072814 -66.27391792 -4.195170217e-16)
(-115.9125029 -66.33736216 -3.618952565e-16)
(-116.0212016 -66.40269077 -1.487352406e-16)
(-116.1332441 -66.4698092 -1.033136765e-16)
(-116.2484956 -66.53864748 2.344957264e-16)
(-116.3668714 -66.60918874 3.232269433e-16)
(-116.4883219 -66.68144793 4.012316292e-16)
(-116.6128225 -66.75546208 -1.150503149e-16)
(-116.7404188 -66.83130709 -1.046859114e-17)
(-116.8711598 -66.90904482 1.62892455e-16)
(-117.0051006 -66.98872434 -1.396924897e-16)
(-117.1422897 -67.07036892 -2.117707479e-16)
(-117.2827198 -67.15395036 -4.235724991e-16)
(-117.4263761 -67.23942347 -3.275126546e-16)
(-117.5731863 -67.32669944 -4.983493874e-16)
(-117.7230245 -67.41566221 -3.486773563e-16)
(-117.8757596 -67.50620206 -2.814580936e-16)
(-118.0312353 -67.59821151 -2.870206706e-16)
(-118.1893224 -67.69162109 -2.85854805e-16)
(-118.3499084 -67.78638873 -3.00295767e-16)
(-118.5129006 -67.88250247 -3.852680246e-16)
(-118.6782846 -67.98001027 -8.91719363e-16)
(-118.8460656 -68.07897818 -7.294023366e-16)
(-119.0127141 -68.18520618 -7.491667039e-16)
)
;
    }
    outlet
    {
        type            calculated;
        value           uniform (0 0 0);
    }
    front
    {
        type            wedge;
    }
    back
    {
        type            wedge;
    }
}


// ************************************************************************* //
