/*--------------------------------*- C++ -*----------------------------------*\
| =========                 |                                                 |
| \\      /  F ield         | OpenFOAM: The Open Source CFD Toolbox           |
|  \\    /   O peration     | Version:  v1706                                 |
|   \\  /    A nd           | Web:      www.OpenFOAM.com                      |
|    \\/     M anipulation  |                                                 |
\*---------------------------------------------------------------------------*/
FoamFile
{
    version     2.0;
    format      ascii;
    class       volScalarField;
    location    "0.00133";
    object      wallHeatFlux;
}
// * * * * * * * * * * * * * * * * * * * * * * * * * * * * * * * * * * * * * //

dimensions      [1 0 -3 0 0 0 0];


internalField   uniform 0;

boundaryField
{
    inlet
    {
        type            calculated;
        value           uniform 0;
    }
    object
    {
        type            calculated;
        value           nonuniform List<scalar> 
300
(
635108.7769
636376.0664
636840.4221
637090.4783
637229.1691
637294.8328
637306.8063
637276.6839
637212.2116
637118.9289
637000.9642
636861.4603
636702.8381
636526.9651
636335.2814
636128.887
635908.6136
635675.0819
635428.7525
635169.9516
634898.9092
634615.7799
634320.658
634013.5925
633694.602
633363.6774
633020.7852
632665.8832
632298.9082
631919.7835
631528.421
631124.7208
630708.5607
630279.8035
629838.2894
629383.8396
628916.2484
628435.2951
627940.7265
627432.2834
626909.7001
626372.72
625821.1196
625254.7275
624673.4405
624077.2507
623466.2553
622840.6529
622200.7511
621546.9474
620879.7192
620199.5945
619507.1404
618802.945
618087.5735
617361.5711
616625.432
615879.5788
615124.348
614359.9857
613586.6208
612804.2665
612012.8115
611212.0126
610401.5112
609580.8543
608749.5138
607906.9403
607052.6215
606186.1478
605307.2815
604415.9601
603512.3248
602596.71
601669.5884
600731.5324
599783.1632
598825.1085
597857.9345
596882.1197
595898.0145
594905.7913
593905.4117
592896.6144
591878.8898
590851.4917
589813.5012
588763.9376
587701.9247
586626.8298
585538.375
584436.6895
583322.2987
582196.0795
581059.1505
579912.7365
578758.0101
577595.925
576427.1641
575252.0881
574070.7836
572883.1516
571689.1008
570488.4246
569280.9107
568066.4821
566845.0173
565616.5466
564381.1057
563138.7034
561889.162
560632.0246
559366.2942
558090.7664
556804.1921
555505.8861
554195.397
552873.851
551540.7369
550199.353
548851.2131
547496.0364
546131.8796
544742.913
543338.5743
541993.7431
540655.5603
539314.344
537965.4233
536606.5352
535237.0794
533857.4173
532468.565
531071.9287
529668.8077
528260.393
526847.3752
525430.2213
524008.9314
522583.2427
521152.8337
519717.4751
518276.9595
516831.2502
515380.3931
513924.6651
512464.2596
510999.3741
509530.2391
508056.9834
506579.8061
505098.6267
503613.5748
502124.7443
500632.1331
499135.8326
497635.9363
496132.5451
494625.6649
493115.4577
491601.9347
490085.198
488565.3334
487042.334
485516.2891
483987.2903
482455.3528
480920.577
479383.0302
477842.7123
476299.7841
474754.3179
473206.3187
471655.9242
470103.1191
468548.082
466990.8627
465431.4675
463870.0124
462306.6132
460741.2837
459174.0781
457605.1307
456034.4908
454462.1853
452888.3384
451312.9625
449736.078
448157.8416
446578.2966
444997.453
443415.3987
441832.1873
440247.906
438662.5864
437076.2577
435489.0016
433900.8905
432311.9743
430723.9629
429297.285
428812.8392
428258.4251
427530.7509
426705.0376
425838.2983
424957.9198
424075.1759
423194.8527
422319.9481
421453.4208
420599.1754
419762.1855
418948.2552
418163.6125
417413.9671
416703.8326
416035.9439
415410.9064
414827.2679
414281.7064
413769.5851
413285.6915
412824.6187
412381.4221
411951.8701
411532.6122
411121.3686
410716.675
410317.8328
409924.7637
409537.8131
409157.6632
408785.0927
408420.9383
408066.0263
407721.0643
407386.6334
407063.0128
406750.1814
406447.9367
406155.7352
405872.8375
405598.4122
405331.6013
405071.6653
404817.9259
404569.8501
404327.0499
404089.2032
403856.0466
403627.1904
403402.0981
403180.1779
402960.5699
402742.3307
402524.3899
402305.5963
402084.9252
401861.3478
401633.9488
401401.9529
401164.6759
400921.5401
400671.9
400415.042
400150.1496
399876.2492
399592.2787
399297.0212
398989.2223
398667.8137
398331.8293
397980.5714
397613.6799
397231.1119
396833.1648
396420.2874
395993.0396
395551.9978
395097.6253
394630.2596
394149.967
393656.5913
393149.9259
392629.5901
392095.2781
391546.7574
390983.922
390406.9672
389816.2076
389212.1227
388595.3076
387966.3622
387325.865
386674.1878
386011.4852
385337.7956
384652.8632
383956.3939
)
;
    }
    outlet
    {
        type            calculated;
        value           uniform 0;
    }
    front
    {
        type            wedge;
    }
    back
    {
        type            wedge;
    }
}


// ************************************************************************* //
