/*--------------------------------*- C++ -*----------------------------------*\
| =========                 |                                                 |
| \\      /  F ield         | OpenFOAM: The Open Source CFD Toolbox           |
|  \\    /   O peration     | Version:  v1706                                 |
|   \\  /    A nd           | Web:      www.OpenFOAM.com                      |
|    \\/     M anipulation  |                                                 |
\*---------------------------------------------------------------------------*/
FoamFile
{
    version     2.0;
    format      ascii;
    class       volVectorField;
    location    "0.00159";
    object      wallShearStress;
}
// * * * * * * * * * * * * * * * * * * * * * * * * * * * * * * * * * * * * * //

dimensions      [1 -1 -2 0 0 0 0];


internalField   uniform (0 0 0);

boundaryField
{
    inlet
    {
        type            calculated;
        value           nonuniform 0();
    }
    object
    {
        type            calculated;
        value           nonuniform List<vector> 
204
(
(-10.71890101 -29.46350176 -2.360199003e-16)
(-10.77553406 -29.48054067 2.112204024e-17)
(-10.82741184 -29.49197081 1.252048288e-16)
(-10.86982695 -29.4972197 4.66408559e-16)
(-10.90421815 -29.50533417 -5.141651552e-17)
(-10.93140433 -29.52514089 -1.703566049e-16)
(-10.95491666 -29.56060328 1.197359931e-16)
(-10.97695105 -29.60690001 1.275518158e-16)
(-10.99858463 -29.65988368 1.612125307e-18)
(-11.02061443 -29.71755741 8.672322635e-17)
(-11.04331035 -29.77885254 6.564501682e-16)
(-11.06668196 -29.84319221 1.405410926e-15)
(-11.09075565 -29.91017979 1.78279393e-15)
(-11.11551027 -29.97961989 1.388666155e-15)
(-11.14095781 -30.05130455 1.017632517e-15)
(-11.16706501 -30.12518934 6.432990332e-16)
(-11.19375243 -30.20114886 3.012157001e-16)
(-11.22101346 -30.27907846 1.144970097e-16)
(-11.24884042 -30.35890255 1.395973072e-16)
(-11.27720022 -30.44057131 2.434392595e-16)
(-11.30611815 -30.52400194 5.126110031e-17)
(-11.33558724 -30.60921559 1.436511009e-16)
(-11.36554851 -30.69615134 2.956828784e-16)
(-11.39605616 -30.78474648 3.793575183e-16)
(-11.42709553 -30.87502972 1.970815561e-16)
(-11.45861599 -30.96695221 1.181223373e-16)
(-11.49063087 -31.06046837 1.026897235e-16)
(-11.52311039 -31.15557783 1.635707303e-16)
(-11.55609207 -31.25222659 3.541556341e-16)
(-11.58954361 -31.35046103 2.776695549e-16)
(-11.62348456 -31.45021904 -8.04379137e-17)
(-11.65789012 -31.55154931 -4.146449005e-16)
(-11.69276792 -31.65439171 -3.272621424e-16)
(-11.72810834 -31.75878691 -3.189402007e-16)
(-11.76392289 -31.86468491 -8.013471598e-17)
(-11.80021569 -31.97214332 -1.877711887e-17)
(-11.8369336 -32.08111349 -7.752996923e-17)
(-11.87415892 -32.1915887 -3.734616088e-16)
(-11.91184611 -32.30361308 -2.357113633e-16)
(-11.95002927 -32.41714399 -2.057759806e-17)
(-11.98868289 -32.53222996 7.167673152e-17)
(-12.02782323 -32.64882015 8.075337161e-17)
(-12.06744501 -32.76695713 2.571452371e-16)
(-12.10750687 -32.88660903 -1.15217769e-16)
(-12.14810593 -33.00775159 -1.398471928e-16)
(-12.18918502 -33.1304675 -1.349907471e-18)
(-12.23077154 -33.2546951 4.522350456e-17)
(-12.27285019 -33.3805043 2.722615175e-16)
(-12.31545121 -33.50785316 2.72864315e-16)
(-12.35856835 -33.63682025 -1.215564775e-17)
(-12.40223192 -33.76737407 -4.749911893e-17)
(-12.44644501 -33.89961206 -1.916535885e-16)
(-12.49123593 -34.03351538 -5.823280845e-17)
(-12.53662125 -34.1691849 5.222658448e-17)
(-12.58262348 -34.30662495 1.006492753e-16)
(-12.62927254 -34.44593118 1.577649048e-16)
(-12.67660446 -34.58713385 1.563276775e-16)
(-12.72464819 -34.73034774 3.774670116e-16)
(-12.77344002 -34.8756035 1.902359107e-16)
(-12.8230273 -35.02303652 1.745080984e-16)
(-12.8734674 -35.17269033 5.403668925e-17)
(-12.92481045 -35.32473881 1.210971329e-16)
(-12.97709126 -35.47924503 9.395940495e-17)
(-13.03040449 -35.63638893 -8.055816367e-17)
(-13.08477118 -35.79627173 4.816278257e-17)
(-13.14032487 -35.95908999 8.939244847e-17)
(-13.19710782 -36.12501124 2.736708696e-16)
(-13.25522095 -36.29424479 2.634282385e-16)
(-13.31478156 -36.46701492 1.459502053e-16)
(-13.37590067 -36.64357052 2.527140532e-16)
(-13.43869279 -36.82418383 1.457889316e-16)
(-13.50327729 -37.00914119 1.497787811e-16)
(-13.56978886 -37.19875073 8.457841432e-17)
(-13.63838391 -37.39333446 1.92089051e-16)
(-13.70924237 -37.59325126 2.808487884e-17)
(-13.78243947 -37.79894481 7.981150618e-17)
(-13.85819728 -38.01081978 3.18253549e-16)
(-13.93674145 -38.22926877 4.117212713e-16)
(-14.01837618 -38.45473629 2.838249042e-16)
(-14.10326247 -38.68782003 8.201143872e-17)
(-14.19166646 -38.92926157 1.381968549e-16)
(-14.28346234 -39.17981602 1.520551132e-16)
(-14.37977676 -39.43972806 6.585996929e-16)
(-14.48027807 -39.71025677 4.183999768e-16)
(-14.58543669 -39.99142971 1.846596211e-16)
(-14.69569288 -40.2846238 3.501408923e-16)
(-14.81125851 -40.59066095 1.457882686e-16)
(-14.93331756 -40.9102874 1.166247149e-16)
(-15.06216488 -41.24552193 -1.801146395e-17)
(-15.19780024 -41.5975816 -1.892430295e-16)
(-15.34158792 -41.96742083 -2.478859896e-16)
(-15.494422 -42.3573883 -1.33116783e-16)
(-15.6571222 -42.76970923 -3.775056535e-16)
(-15.83156364 -43.20657679 -5.212113338e-16)
(-16.01882194 -43.6719195 -9.856330737e-17)
(-16.22035813 -44.16905698 -3.709432524e-17)
(-16.43999045 -44.70180772 8.478792904e-17)
(-16.6798959 -45.27742582 2.690194458e-16)
(-16.9459391 -45.90238752 2.312095747e-16)
(-17.24150447 -46.58841517 1.176306004e-16)
(-17.57926156 -47.34525224 2.083674859e-16)
(-17.96986491 -48.19680812 2.394778738e-16)
(-18.45010713 -49.15899969 2.781881543e-16)
(-19.11463213 -50.25513856 2.304287434e-16)
(-20.03138623 -51.3038623 2.206262948e-16)
(-20.90614627 -52.28308112 1.916124569e-16)
(-21.79039648 -53.13804949 1.469946116e-16)
(-22.69352239 -53.86662913 1.932896438e-16)
(-23.60175107 -54.48154265 1.719024647e-16)
(-24.51570091 -54.9957361 1.68694528e-16)
(-25.43377118 -55.43099924 9.579610941e-17)
(-26.35387358 -55.79570132 1.767480887e-16)
(-27.2742515 -56.10538844 -3.784999173e-17)
(-28.18825483 -56.3636203 5.952509092e-17)
(-29.09855558 -56.56876819 1.449319129e-16)
(-30.00742236 -56.73098489 2.00940847e-16)
(-30.91247151 -56.85655282 2.344693766e-16)
(-31.80898272 -56.94567006 2.099011026e-16)
(-32.69621961 -56.99331413 2.035095729e-16)
(-33.57999175 -57.00095215 -5.638094853e-17)
(-34.46348327 -56.98197887 6.373192954e-17)
(-35.33972624 -56.93513853 2.136530935e-16)
(-36.20670101 -56.86066695 1.838179975e-16)
(-37.063059 -56.75275422 1.469269595e-16)
(-37.91144206 -56.61620941 7.903225743e-17)
(-38.75112626 -56.44452632 5.480305059e-17)
(-39.60662505 -56.25474763 1.898704341e-17)
(-40.47541779 -56.06660559 8.99523295e-17)
(-41.30711558 -55.85248958 1.720135487e-16)
(-42.12134426 -55.60292857 9.179585132e-17)
(-42.9305588 -55.33285338 8.029655956e-17)
(-43.73366866 -55.04915233 -1.036871161e-16)
(-44.51833096 -54.73663972 1.543536458e-17)
(-45.29008441 -54.40013124 6.190858611e-18)
(-46.05044613 -54.0389766 1.147621704e-16)
(-46.800917 -53.65803402 2.279723191e-16)
(-47.54000675 -53.25827335 2.803485782e-16)
(-48.26767293 -52.84217732 3.968875417e-16)
(-48.98149709 -52.40690676 1.434951529e-16)
(-49.68133706 -51.94849201 1.881897183e-16)
(-50.37150347 -51.47522432 5.93319164e-17)
(-51.04856554 -50.98510595 1.140674107e-16)
(-51.71404671 -50.48235254 1.86762502e-16)
(-52.36421363 -49.96303749 1.679429741e-16)
(-53.00039344 -49.42637749 2.871171327e-16)
(-53.62375527 -48.87555124 2.894878415e-16)
(-54.23410952 -48.30782681 2.664203468e-16)
(-54.83385378 -47.72958155 2.021904147e-16)
(-55.42061879 -47.14011783 7.00449587e-17)
(-55.9932135 -46.54014792 2.563305256e-16)
(-56.55009661 -45.92662878 2.414699046e-16)
(-57.09444069 -45.30197136 2.451743e-16)
(-57.62610755 -44.66613747 1.684447193e-16)
(-58.14495894 -44.02110132 1.547841753e-16)
(-58.65006261 -43.36408859 1.091429541e-17)
(-59.14371058 -42.70069072 5.810168223e-17)
(-59.62263734 -42.02942593 2.049581555e-16)
(-60.08750408 -41.34696845 2.064395658e-16)
(-60.54096185 -40.65890922 2.792329637e-16)
(-60.98064918 -39.96414378 2.295288863e-16)
(-61.40716921 -39.26099121 2.232333763e-16)
(-61.82134735 -38.55345394 1.87219814e-16)
(-62.22123568 -37.83699675 1.874064534e-16)
(-62.60929501 -37.11732878 2.665728244e-16)
(-62.98319991 -36.38965344 2.364453876e-16)
(-63.34611265 -35.65915101 2.033025886e-16)
(-63.69549986 -34.92606902 1.360575158e-16)
(-64.03017303 -34.18446561 1.073841879e-16)
(-64.3545943 -33.44080011 9.830769969e-17)
(-64.66623334 -32.69611145 1.864151095e-16)
(-64.96358341 -31.94440748 1.550640776e-16)
(-65.25083267 -31.19182285 1.361900039e-16)
(-65.5252557 -30.43815341 1.206099013e-16)
(-65.78589845 -29.67920354 1.477619284e-16)
(-66.03590497 -28.9188144 1.326138306e-16)
(-66.27453331 -28.15830308 1.150825825e-16)
(-66.50138604 -27.39800407 1.649085478e-16)
(-66.71540377 -26.6356971 1.4803388e-16)
(-66.91771026 -25.87103974 1.135968234e-16)
(-67.10916237 -25.10717024 7.812477277e-17)
(-67.28855219 -24.3415803 4.250092313e-17)
(-67.45749509 -23.57710166 7.395218e-17)
(-67.61491572 -22.81204696 9.201019232e-17)
(-67.76177807 -22.0483816 7.277301666e-17)
(-67.8973304 -21.28438558 9.350388745e-17)
(-68.02266326 -20.52188769 1.034642515e-16)
(-68.13713886 -19.75987887 7.973189878e-17)
(-68.2417021 -18.99939224 1.557884117e-17)
(-68.33609844 -18.24025562 -7.648413404e-17)
(-68.42042428 -17.48322442 -1.774384065e-17)
(-68.49456331 -16.72733332 3.39633597e-18)
(-68.55931138 -15.97336838 -8.447407071e-18)
(-68.61461688 -15.2214228 3.788171944e-18)
(-68.66060767 -14.47188427 3.814480999e-17)
(-68.69729437 -13.7245412 4.795510943e-17)
(-68.72504109 -12.97970674 4.430690167e-17)
(-68.74400707 -12.23729185 2.910273434e-17)
(-68.75452229 -11.49771217 7.745248415e-18)
(-68.75662874 -10.76086617 -9.555733446e-18)
(-68.75061116 -10.02711639 3.002242375e-18)
(-68.73653691 -9.296277457 4.292270064e-17)
(-68.71475518 -8.568766197 4.043026329e-17)
(-68.68580102 -7.84436675 6.14451508e-17)
(-68.8860999 -7.196149551 5.776426872e-17)
)
;
    }
    outlet
    {
        type            calculated;
        value           uniform (0 0 0);
    }
    front
    {
        type            wedge;
    }
    back
    {
        type            wedge;
    }
    procBoundary3to1
    {
        type            processor;
        value           uniform (0 0 0);
    }
    procBoundary3to2
    {
        type            processor;
        value           uniform (0 0 0);
    }
}


// ************************************************************************* //
