/*--------------------------------*- C++ -*----------------------------------*\
| =========                 |                                                 |
| \\      /  F ield         | OpenFOAM: The Open Source CFD Toolbox           |
|  \\    /   O peration     | Version:  v1706                                 |
|   \\  /    A nd           | Web:      www.OpenFOAM.com                      |
|    \\/     M anipulation  |                                                 |
\*---------------------------------------------------------------------------*/
FoamFile
{
    version     2.0;
    format      ascii;
    class       volVectorField;
    location    "0.00243";
    object      wallShearStress;
}
// * * * * * * * * * * * * * * * * * * * * * * * * * * * * * * * * * * * * * //

dimensions      [1 -1 -2 0 0 0 0];


internalField   uniform (0 0 0);

boundaryField
{
    inlet
    {
        type            calculated;
        value           nonuniform 0();
    }
    object
    {
        type            calculated;
        value           nonuniform List<vector> 
204
(
(-9.851621659 -26.93786862 -6.876133733e-17)
(-9.913089411 -26.97750108 6.070707198e-17)
(-9.970340651 -27.01250374 1.15486705e-16)
(-10.01876337 -27.04251707 3.050627042e-16)
(-10.05977123 -27.07578506 -2.355383403e-16)
(-10.09594881 -27.122085 -1.228057734e-16)
(-10.12909295 -27.18262115 1.252281704e-16)
(-10.1606247 -27.25223345 7.059312709e-17)
(-10.19188917 -27.32761141 9.309512518e-17)
(-10.22350393 -27.40708593 1.145128784e-16)
(-10.2557116 -27.48978376 6.894126218e-16)
(-10.28859074 -27.57521405 1.408915347e-15)
(-10.32215422 -27.6630728 1.787896945e-15)
(-10.35639402 -27.75315871 1.378828236e-15)
(-10.39129619 -27.84532761 8.774708999e-16)
(-10.42684773 -27.93947371 4.990759987e-16)
(-10.46303747 -28.03551638 1.797636763e-16)
(-10.49985796 -28.13339695 8.124619896e-18)
(-10.53730348 -28.23306965 1.224173033e-16)
(-10.57537051 -28.33450106 7.137051837e-17)
(-10.61405776 -28.43766775 -2.648235264e-17)
(-10.65336543 -28.54255373 1.672347752e-16)
(-10.6932948 -28.64914864 3.644161218e-16)
(-10.73384871 -28.7574486 3.847736819e-16)
(-10.77503167 -28.86745537 9.969675297e-17)
(-10.81684848 -28.97917302 1.457159604e-16)
(-10.85930566 -29.09261111 1.499490525e-17)
(-10.90240951 -29.20777988 1.009869889e-16)
(-10.9461688 -29.32469635 3.329823809e-16)
(-10.99059224 -29.44337801 2.756431157e-16)
(-11.03568926 -29.56384483 -1.016670297e-16)
(-11.08147004 -29.68611928 -4.556788676e-16)
(-11.12794644 -29.81022837 -1.796288979e-16)
(-11.17512998 -29.93619831 -6.682819538e-17)
(-11.22303338 -30.06405916 5.776724774e-17)
(-11.27167052 -30.19384381 -7.256348376e-17)
(-11.32105541 -30.32558547 -4.263681481e-17)
(-11.37120346 -30.45932143 -3.253143927e-16)
(-11.42212987 -30.5950885 -9.289134298e-17)
(-11.47385206 -30.73292913 -1.329969949e-17)
(-11.52638741 -30.87288568 4.105889376e-17)
(-11.57975445 -31.01500346 2.605316442e-17)
(-11.63397184 -31.15932851 2.476042445e-16)
(-11.6890606 -31.30591247 -1.502291621e-16)
(-11.74504234 -31.45480843 -9.655185581e-17)
(-11.80193836 -31.60606915 -4.977693466e-17)
(-11.85977262 -31.7597536 -8.378579443e-17)
(-11.91856971 -31.91592239 1.776507365e-16)
(-11.97835551 -32.07463934 1.514465107e-16)
(-12.03915672 -32.23597017 -1.260136883e-16)
(-12.10100102 -32.39998358 -5.085231507e-17)
(-12.16391948 -32.56675558 -2.048211797e-16)
(-12.22794294 -32.73636261 -4.689302909e-17)
(-12.29310369 -32.908884 1.069806647e-16)
(-12.35943771 -33.08440744 -2.111321111e-17)
(-12.42697995 -33.26301931 9.149889971e-17)
(-12.4957686 -33.44481282 8.271617726e-17)
(-12.56584452 -33.6298884 2.898189576e-16)
(-12.63725081 -33.81835089 1.960166893e-16)
(-12.7100321 -34.01030928 1.197765492e-16)
(-12.78423614 -34.20587991 4.632110848e-17)
(-12.85991335 -34.40518541 7.167689546e-17)
(-12.937117 -34.60835465 1.408670948e-16)
(-13.01590515 -34.81552732 7.493959478e-17)
(-13.09633566 -35.02684407 1.294036777e-16)
(-13.17847446 -35.24246329 1.390549129e-16)
(-13.26238868 -35.46254573 4.245080572e-16)
(-13.34815177 -35.68726744 4.084373997e-16)
(-13.43584199 -35.91681569 2.610350603e-16)
(-13.52554236 -36.15138805 2.56967771e-16)
(-13.61734357 -36.39119804 1.297441475e-16)
(-13.71133955 -36.63646909 1.385768429e-16)
(-13.80763542 -36.88744836 1.199006724e-16)
(-13.90634376 -37.14439981 2.639657251e-16)
(-14.00758494 -37.40760456 1.016876838e-16)
(-14.11148979 -37.67736669 1.112539482e-16)
(-14.21820271 -37.95402115 4.610597605e-16)
(-14.327879 -38.23792468 5.987769922e-16)
(-14.44068969 -38.52946984 3.768994743e-16)
(-14.55682357 -38.82908566 1.419694615e-16)
(-14.67648532 -39.1372365 1.590867861e-16)
(-14.79990613 -39.45444228 2.654196049e-16)
(-14.92733818 -39.78126582 9.412055217e-16)
(-15.05906687 -40.11834124 7.407249819e-16)
(-15.19541074 -40.46636785 4.44388652e-16)
(-15.33672993 -40.82613208 5.548535697e-16)
(-15.48343078 -41.19851021 3.064180906e-16)
(-15.63598121 -41.58450433 1.394191705e-16)
(-15.79491911 -41.98524852 -1.29626799e-16)
(-15.96086421 -42.40203591 -5.105899705e-16)
(-16.13454685 -42.83636906 -6.088197107e-16)
(-16.31683169 -43.28999863 -4.699282333e-16)
(-16.50875407 -43.76498468 -8.664510843e-16)
(-16.71157109 -44.26377692 -1.016092466e-15)
(-16.92683064 -44.78932292 -4.521486608e-16)
(-17.15648687 -45.34524591 -2.971664025e-16)
(-17.40304591 -45.9360462 -4.240758188e-17)
(-17.66982096 -46.56745115 3.43147671e-16)
(-17.96134549 -47.24694172 3.828204932e-16)
(-18.2840852 -47.984568 2.861622197e-16)
(-18.64782756 -48.79431994 4.061973488e-16)
(-19.06882298 -49.69618912 4.407765956e-16)
(-19.57954963 -50.71712101 5.300698974e-16)
(-20.28228945 -51.86906505 5.185416324e-16)
(-21.27566235 -52.98808242 4.592059061e-16)
(-22.19518195 -54.0138495 3.305760039e-16)
(-23.1017913 -54.8935225 1.963764814e-16)
(-24.02003916 -55.621958 1.788565027e-16)
(-24.94724833 -56.22695343 1.317160104e-16)
(-25.8803602 -56.73164758 8.541899374e-17)
(-26.81671376 -57.15374628 1.397515371e-16)
(-27.75421592 -57.50642348 2.326204012e-16)
(-28.69128134 -57.79940886 -7.121169926e-17)
(-29.6267138 -58.03991226 2.084032471e-16)
(-30.55957935 -58.23332386 1.814950232e-16)
(-31.48910707 -58.38372595 2.352254727e-16)
(-32.41463535 -58.49427711 2.946587493e-16)
(-33.33556518 -58.56746693 2.474104968e-16)
(-34.25134025 -58.60531479 2.356599644e-16)
(-35.16143562 -58.60949585 1.20780722e-16)
(-36.06535646 -58.58142871 1.690525835e-16)
(-36.96276482 -58.5223509 2.480956023e-16)
(-37.85469812 -58.43181998 2.194772025e-16)
(-38.75828783 -58.31533042 1.798512628e-16)
(-39.69122296 -58.20582401 1.42004852e-16)
(-40.57454556 -58.06124315 1.275288372e-16)
(-41.44456795 -57.88314952 7.541088671e-17)
(-42.30281558 -57.67661134 1.110122898e-16)
(-43.14991697 -57.44272436 1.795829231e-16)
(-43.9858587 -57.18237305 1.041448894e-16)
(-44.8104458 -56.89645058 1.053260137e-17)
(-45.62338902 -56.58583042 5.822359708e-18)
(-46.42439848 -56.25139101 2.78202521e-17)
(-47.21317885 -55.89397403 -1.997160269e-17)
(-47.98945117 -55.51439479 9.475643559e-17)
(-48.75295219 -55.11343992 2.92123731e-16)
(-49.50343717 -54.69186919 2.99919622e-16)
(-50.24066928 -54.25040852 4.357994165e-16)
(-50.96443223 -53.78976474 2.650045174e-16)
(-51.67453375 -53.31063183 1.957415156e-16)
(-52.37079502 -52.8136865 5.155312514e-17)
(-53.05305334 -52.29959026 1.146237926e-16)
(-53.72116541 -51.76899457 1.971228568e-16)
(-54.37499831 -51.22253225 2.138794284e-16)
(-55.01444528 -50.6608362 3.609327664e-16)
(-55.63936436 -50.08454261 3.449712833e-16)
(-56.24967829 -49.49424051 3.33005231e-16)
(-56.84532874 -48.89051696 2.213710736e-16)
(-57.42626746 -48.2739487 1.622674307e-16)
(-57.99246203 -47.64510622 2.685177229e-16)
(-58.54388438 -47.00454273 3.516750759e-16)
(-59.08052219 -46.35280498 3.114382829e-16)
(-59.60237837 -45.69043194 2.946301956e-16)
(-60.10947025 -45.01795397 2.515015217e-16)
(-60.60181815 -44.33588541 1.477880237e-16)
(-61.07946601 -43.64473752 2.067114683e-16)
(-61.54246524 -42.94500856 3.144676791e-16)
(-61.99086886 -42.23718302 3.877704052e-16)
(-62.42475723 -41.52173916 3.698856828e-16)
(-62.84420572 -40.79914415 3.559217346e-16)
(-63.24930897 -40.06985323 3.747546996e-16)
(-63.64016975 -39.33431347 3.031174067e-16)
(-64.0168947 -38.59295741 2.670972305e-16)
(-64.37960271 -37.84620975 3.573184888e-16)
(-64.72842141 -37.09448413 3.588402269e-16)
(-65.06348228 -36.33817983 3.170032691e-16)
(-65.38492632 -35.57769181 1.857557464e-16)
(-65.69290017 -34.81339833 2.285272629e-16)
(-65.9875531 -34.04566722 2.154705957e-16)
(-66.26904385 -33.27485724 3.183277529e-16)
(-66.53753685 -32.50131645 2.953103311e-16)
(-66.79319809 -31.72538323 2.617696883e-16)
(-67.03620235 -30.94738061 2.628052069e-16)
(-67.26672379 -30.16762906 2.625391287e-16)
(-67.48493988 -29.38642926 2.428945403e-16)
(-67.69103715 -28.60407857 2.238443416e-16)
(-67.88519595 -27.82086153 2.768150753e-16)
(-68.06760695 -27.03705123 2.389650583e-16)
(-68.2384573 -26.25291456 1.899915069e-16)
(-68.39794172 -25.46870393 2.189189472e-16)
(-68.54625427 -24.68466988 1.585776846e-16)
(-68.68358995 -23.90104715 2.095038645e-16)
(-68.81013842 -23.11805974 1.94091365e-16)
(-68.92610346 -22.3359275 1.729568334e-16)
(-69.03167931 -21.5548627 1.858001078e-16)
(-69.1270632 -20.7750634 1.666768477e-16)
(-69.21245558 -19.99672289 7.471742923e-17)
(-69.28805418 -19.22002723 4.75976267e-17)
(-69.35405809 -18.44515042 4.900236539e-17)
(-69.41066889 -17.67226287 8.546809095e-18)
(-69.45808065 -16.90152717 3.804548863e-17)
(-69.49648949 -16.1330947 5.128801286e-17)
(-69.52609648 -15.3671105 4.481722098e-17)
(-69.54709769 -14.60371589 7.584543613e-17)
(-69.55969104 -13.84304543 9.118086868e-17)
(-69.56407054 -13.08521955 7.145796465e-17)
(-69.56042969 -12.33036057 5.495254663e-17)
(-69.54896665 -11.57857834 3.435424653e-17)
(-69.52987349 -10.82998345 3.471366361e-17)
(-69.50334313 -10.0846694 5.255961869e-17)
(-69.46956849 -9.342733905 8.028408667e-17)
(-69.42874247 -8.604277165 7.018870109e-17)
(-69.38175953 -7.86951712 8.447062421e-17)
(-69.56713965 -7.207595153 6.548038296e-17)
)
;
    }
    outlet
    {
        type            calculated;
        value           uniform (0 0 0);
    }
    front
    {
        type            wedge;
    }
    back
    {
        type            wedge;
    }
    procBoundary3to1
    {
        type            processor;
        value           uniform (0 0 0);
    }
    procBoundary3to2
    {
        type            processor;
        value           uniform (0 0 0);
    }
}


// ************************************************************************* //
