/*--------------------------------*- C++ -*----------------------------------*\
| =========                 |                                                 |
| \\      /  F ield         | OpenFOAM: The Open Source CFD Toolbox           |
|  \\    /   O peration     | Version:  v1706                                 |
|   \\  /    A nd           | Web:      www.OpenFOAM.com                      |
|    \\/     M anipulation  |                                                 |
\*---------------------------------------------------------------------------*/
FoamFile
{
    version     2.0;
    format      ascii;
    class       volVectorField;
    location    "0.00385";
    object      wallShearStress;
}
// * * * * * * * * * * * * * * * * * * * * * * * * * * * * * * * * * * * * * //

dimensions      [1 -1 -2 0 0 0 0];


internalField   uniform (0 0 0);

boundaryField
{
    inlet
    {
        type            calculated;
        value           uniform (0 0 0);
    }
    object
    {
        type            calculated;
        value           nonuniform List<vector> 
300
(
(-0.8856426398 -0.8403808043 -5.90766262e-14)
(-0.8414187257 -1.365359443 -4.46102734e-14)
(-0.855698725 -2.102791226 -3.191996714e-14)
(-0.8745810607 -2.866130571 -1.801571491e-14)
(-0.9004692444 -3.630217818 -2.549187202e-14)
(-0.9334892109 -4.387696485 -3.849997962e-14)
(-0.973620314 -5.135414784 -3.27609646e-14)
(-1.020833217 -5.871795226 -3.714026366e-14)
(-1.075096586 -6.596070162 -3.456313829e-14)
(-1.136373072 -7.307980051 -2.571026239e-14)
(-1.204616684 -8.007616834 -2.098477341e-14)
(-1.279772382 -8.695322448 -1.47277838e-14)
(-1.36177721 -9.371612999 -1.080613391e-14)
(-1.450562321 -10.03711884 -4.27196734e-15)
(-1.546055278 -10.69253636 -1.293836509e-14)
(-1.648182287 -11.33859008 -8.660276141e-15)
(-1.756870148 -11.97600331 1.043494198e-16)
(-1.872047777 -12.60547656 4.28463104e-15)
(-1.993647325 -13.22767249 3.558509545e-15)
(-2.121604915 -13.84320606 3.510739223e-15)
(-2.25586103 -14.45263914 9.136396084e-15)
(-2.396360677 -15.05647828 5.958969823e-15)
(-2.543053347 -15.65517518 4.40288473e-16)
(-2.695892869 -16.24912867 1.890286031e-15)
(-2.854837218 -16.83868831 7.801679233e-16)
(-3.019848283 -17.42415861 2.748327607e-15)
(-3.190891669 -18.00580354 -2.063697113e-15)
(-3.367936512 -18.58385166 -4.10595746e-15)
(-3.550955388 -19.15850104 -2.926827608e-15)
(-3.739924225 -19.72992405 -2.404403127e-15)
(-3.934822277 -20.29827197 -9.527048943e-16)
(-4.135632148 -20.86367946 -1.796149042e-15)
(-4.342339722 -21.42626789 -3.008133939e-15)
(-4.554934312 -21.98615002 -3.143113262e-15)
(-4.773408381 -22.54343147 -1.921495171e-15)
(-4.997757267 -23.09821253 -4.454191246e-15)
(-5.227978802 -23.65059013 -4.726080247e-15)
(-5.464072599 -24.20065788 -2.843738903e-15)
(-5.706039037 -24.74850502 -3.141660602e-15)
(-5.953877986 -25.29421259 -3.123323865e-15)
(-6.207586751 -25.83784967 -3.251409368e-15)
(-6.467158812 -26.37947044 -5.289365158e-15)
(-6.732581923 -26.91910698 -3.457764052e-15)
(-7.003836736 -27.45676499 -2.931702432e-15)
(-7.280896111 -27.99241964 -2.162030057e-15)
(-7.563724582 -28.52601104 -1.42285017e-15)
(-7.852279976 -29.05744909 -7.711211847e-16)
(-8.146515572 -29.58661629 -7.602896629e-16)
(-8.446381539 -30.11337332 -1.713833101e-16)
(-8.751828728 -30.63757181 -1.471286919e-15)
(-9.062811518 -31.15906508 -1.450158298e-15)
(-9.379289343 -31.67771566 -1.640233607e-15)
(-9.701228917 -32.19340755 -7.334854803e-16)
(-10.02860579 -32.70605405 -6.980246009e-16)
(-10.36140321 -33.21559731 -1.214774995e-15)
(-10.69961102 -33.72200995 1.050310753e-16)
(-11.04322403 -34.22529174 1.12535333e-15)
(-11.39223753 -34.72545794 5.550883885e-16)
(-11.74664425 -35.22253195 1.7971818e-15)
(-12.10643037 -35.71653098 2.690227499e-15)
(-12.47157212 -36.20745299 1.261863248e-15)
(-12.84203558 -36.69527022 1.112982422e-15)
(-13.21777799 -37.17992527 2.730638956e-16)
(-13.59875109 -37.66133336 6.487043116e-16)
(-13.98490665 -38.13939588 5.091232665e-16)
(-14.37620439 -38.61401834 9.629815646e-16)
(-14.77261262 -39.08511732 -2.352151455e-17)
(-15.17411339 -39.55264249 -1.148994114e-15)
(-15.58070025 -40.01657768 -1.88316382e-15)
(-15.99237257 -40.47693614 -2.448377963e-15)
(-16.40912959 -40.93374865 -2.081373017e-15)
(-16.83096112 -41.38704203 -2.136913071e-15)
(-17.25784305 -41.83682293 -1.680798804e-15)
(-17.68973458 -42.28305895 -1.281839051e-15)
(-18.12658293 -42.72567755 -2.002799812e-15)
(-18.56833417 -43.1645834 -2.58964807e-15)
(-19.0149446 -43.59967872 -1.954381872e-15)
(-19.46639053 -44.03089294 -1.406485876e-15)
(-19.92267473 -44.45821128 -6.717483624e-16)
(-20.38382007 -44.8816749 -6.660053248e-16)
(-20.84985413 -45.30136217 1.048730102e-16)
(-21.32079392 -45.7173619 -2.050626143e-16)
(-21.79662796 -46.12972652 1.463062751e-16)
(-22.27730741 -46.53843522 -3.59280469e-16)
(-22.76275352 -46.94338662 2.554602442e-16)
(-23.25287661 -47.34442213 5.713449909e-16)
(-23.74760102 -47.74137607 1.134415289e-15)
(-24.24688449 -48.13413039 5.922381745e-16)
(-24.75072236 -48.52264659 -1.15724537e-17)
(-25.25913066 -48.90695737 -2.557815302e-16)
(-25.77211782 -49.28712132 9.728960807e-17)
(-26.28966414 -49.66317043 4.685249394e-16)
(-26.81170928 -50.03506036 1.015970441e-15)
(-27.33816334 -50.4026695 1.961554358e-15)
(-27.86893833 -50.76584751 1.441220267e-15)
(-28.40397311 -51.12446704 3.470106224e-16)
(-28.9432418 -51.478464 4.619536048e-16)
(-29.48675273 -51.82785533 5.126691969e-16)
(-30.03452213 -52.172698 3.725807323e-16)
(-30.5865495 -52.51304172 -4.206888006e-16)
(-31.14280784 -52.84889362 1.010877352e-16)
(-31.70323975 -53.18020192 6.149479505e-16)
(-32.26777407 -53.50687416 1.127424897e-15)
(-32.83634603 -53.82881436 6.000908385e-16)
(-33.40891505 -54.14595234 4.945099328e-16)
(-33.98546883 -54.45826749 8.247246053e-16)
(-34.56603287 -54.76581021 3.44248813e-16)
(-35.15064065 -55.06866441 4.115888185e-16)
(-35.73930265 -55.36689487 1.459142371e-16)
(-36.33198373 -55.66049887 -1.579636207e-16)
(-36.92861491 -55.94940101 -3.191040304e-16)
(-37.52911349 -56.2334799 4.34622417e-16)
(-38.13343376 -56.51265743 4.646521955e-16)
(-38.74158776 -56.78694597 3.666277091e-16)
(-39.35361081 -57.05641373 1.002369298e-15)
(-39.96954119 -57.32115035 6.710602744e-17)
(-40.58938641 -57.58120123 2.794897701e-16)
(-41.21311055 -57.8365368 7.448977184e-17)
(-41.84065798 -58.08709473 -6.125102736e-16)
(-42.47198812 -58.33283156 -5.462479447e-16)
(-43.10702001 -58.57364689 -1.320207889e-15)
(-43.74568782 -58.80944614 -3.471383891e-16)
(-44.38798272 -59.04021843 -6.321151661e-16)
(-45.03392156 -59.2660052 -1.129520325e-15)
(-45.68351147 -59.48680613 -7.453901566e-16)
(-46.33692608 -59.70281217 -1.558821233e-15)
(-46.99458118 -59.91451718 -1.346996776e-15)
(-47.65755111 -60.12260218 -1.745176149e-15)
(-48.33130731 -60.33406111 -1.34022071e-15)
(-49.01104281 -60.54231488 -1.077794324e-15)
(-49.67918503 -60.72892943 -1.075891971e-15)
(-50.3487533 -60.90744725 -1.170188116e-15)
(-51.02161611 -61.08106685 -6.704216919e-16)
(-51.69828234 -61.25033601 -9.265433983e-16)
(-52.37879438 -61.41519878 -1.655379747e-15)
(-53.06306072 -61.57547993 -1.658200719e-15)
(-53.75095601 -61.73099987 -1.799299301e-15)
(-54.44236393 -61.88160725 -1.526831217e-15)
(-55.13717502 -62.02716765 -1.369206638e-15)
(-55.83528332 -62.16755823 -1.301662449e-15)
(-56.53659648 -62.30267721 -1.168927955e-15)
(-57.24102803 -62.43243307 -8.696310017e-16)
(-57.94850041 -62.55674537 -8.602347439e-16)
(-58.65893995 -62.67554102 -6.299014718e-16)
(-59.37228494 -62.78876149 -7.847139498e-16)
(-60.08847691 -62.89635946 -9.702544638e-16)
(-60.80748266 -62.99831046 -1.006513116e-15)
(-61.52926887 -63.09459446 -1.318262183e-15)
(-62.25381694 -63.18520888 -1.011406007e-15)
(-62.98111954 -63.27016272 -3.951420563e-16)
(-63.71117751 -63.34947051 -5.389266877e-16)
(-64.44398762 -63.42314039 -6.634234034e-16)
(-65.17954438 -63.49118036 -6.424147626e-16)
(-65.91784724 -63.55359881 -5.713989987e-16)
(-66.65888049 -63.61038868 -8.450889401e-16)
(-67.40262282 -63.66153595 -1.137680173e-15)
(-68.14905296 -63.7070226 -1.200630151e-15)
(-68.89813097 -63.7468137 -1.219997834e-15)
(-69.64980929 -63.78086928 -1.427062072e-15)
(-70.40405095 -63.80915966 -1.451942106e-15)
(-71.16080686 -63.83164164 -1.190403275e-15)
(-71.92001447 -63.8482639 -1.164987581e-15)
(-72.68162938 -63.85899261 -1.404448818e-15)
(-73.44559854 -63.86378712 -1.139412214e-15)
(-74.21187325 -63.86261329 -9.860138127e-16)
(-74.98041054 -63.85544229 -1.292671618e-15)
(-75.75116037 -63.84224219 -1.025086216e-15)
(-76.52409427 -63.8229992 -1.018933104e-15)
(-77.29918285 -63.79769872 -1.468547735e-15)
(-78.07639235 -63.7663208 -1.272581098e-15)
(-78.85568463 -63.72884672 -1.513310969e-15)
(-79.63705228 -63.68528221 -1.610344559e-15)
(-80.42047232 -63.63561695 -1.504786623e-15)
(-81.20592423 -63.57984529 -1.352351764e-15)
(-81.9933992 -63.51797054 -1.48893596e-15)
(-82.78288452 -63.44999031 -1.658780953e-15)
(-83.5743715 -63.37590508 -1.497363831e-15)
(-84.36784535 -63.29570986 -1.334287315e-15)
(-85.1632913 -63.20939826 -1.352983346e-15)
(-85.9606985 -63.11696475 -1.161956103e-15)
(-86.76004023 -63.01839206 -1.160733017e-15)
(-87.5612987 -62.91366954 -1.057340081e-15)
(-88.36445278 -62.80278238 -1.187788511e-15)
(-89.16946719 -62.68570502 -1.095545157e-15)
(-89.97630621 -62.56241251 -9.063107596e-16)
(-90.78493966 -62.43288329 -8.958825735e-16)
(-91.59531984 -62.29708748 -8.736322917e-16)
(-92.40741151 -62.15499986 -1.111972751e-15)
(-93.22117744 -62.00659559 -8.270244e-16)
(-94.03657358 -61.85184522 -2.755241995e-16)
(-94.85355081 -61.69071747 -1.03743996e-15)
(-95.67207666 -61.52319423 -4.778751161e-16)
(-96.49210589 -61.34924876 -5.651168845e-16)
(-97.3136061 -61.16886503 -7.359799893e-16)
(-98.13652731 -60.98201356 -6.621950172e-16)
(-98.96084056 -60.78868107 -5.060666247e-16)
(-99.78651506 -60.58885229 -1.194510582e-16)
(-100.6135059 -60.38250484 -5.706983702e-16)
(-101.4417878 -60.16964502 -2.318072379e-16)
(-102.2770852 -59.96175319 -4.194088177e-16)
(-102.8328749 -59.79965984 -3.181456312e-16)
(-103.1223038 -59.58411684 -4.622042118e-16)
(-103.2959166 -59.47770926 -5.136414449e-16)
(-103.4048132 -59.444616 -4.095182338e-16)
(-103.4804808 -59.45186109 -5.789631772e-16)
(-103.5398041 -59.4774018 -6.615300158e-16)
(-103.5912399 -59.50924098 -3.767609626e-16)
(-103.6387806 -59.54186364 -5.281528534e-16)
(-103.6842049 -59.57323217 -8.601939793e-16)
(-103.7282736 -59.60290466 -1.147679524e-15)
(-103.7713402 -59.63106157 -1.303875771e-15)
(-103.8135862 -59.65802654 -1.130851068e-15)
(-103.8551451 -59.6841043 -1.087347731e-15)
(-103.8961271 -59.70952862 -1.21193562e-15)
(-103.9366158 -59.7344582 -1.45929802e-15)
(-103.9766825 -59.75899768 -1.537759782e-15)
(-104.0163916 -59.78322467 -1.537555279e-15)
(-104.0558038 -59.80719684 -1.675883361e-15)
(-104.0949703 -59.83095764 -1.549793331e-15)
(-104.1339207 -59.85453346 -1.74723334e-15)
(-104.1726771 -59.87794069 -1.924781204e-15)
(-104.2112657 -59.9012012 -2.176733351e-15)
(-104.2496982 -59.9243259 -1.960190933e-15)
(-104.2879965 -59.94733072 -1.818470844e-15)
(-104.3261719 -59.97022518 -1.879333056e-15)
(-104.3642199 -59.99300613 -1.873056669e-15)
(-104.4021483 -60.01568186 -2.043029671e-15)
(-104.4399534 -60.03825223 -2.02898807e-15)
(-104.4776444 -60.06072412 -1.979473337e-15)
(-104.5152221 -60.08309971 -2.058295346e-15)
(-104.5526732 -60.10536989 -2.034749322e-15)
(-104.5899985 -60.12753825 -2.039143248e-15)
(-104.6271887 -60.14960101 -2.086003391e-15)
(-104.6642489 -60.17156233 -2.128676557e-15)
(-104.7011765 -60.19342246 -2.081930723e-15)
(-104.7379562 -60.21517101 -2.082470747e-15)
(-104.7745875 -60.2368109 -2.107631892e-15)
(-104.8110607 -60.25833817 -2.068786329e-15)
(-104.8473811 -60.2797572 -2.075134663e-15)
(-104.8835468 -60.3010688 -2.335763344e-15)
(-104.919544 -60.3222634 -2.523741564e-15)
(-104.9553738 -60.34334497 -2.94594332e-15)
(-104.9910285 -60.36431051 -2.800270368e-15)
(-105.0265123 -60.38516389 -2.693592867e-15)
(-105.0618312 -60.40590975 -2.615527359e-15)
(-105.0969778 -60.42654573 -2.878351536e-15)
(-105.1319459 -60.44706649 -3.074045729e-15)
(-105.1667344 -60.46747458 -2.772407734e-15)
(-105.2013503 -60.48777527 -2.72727883e-15)
(-105.2358016 -60.50797439 -2.761241772e-15)
(-105.2700837 -60.5280705 -3.143266554e-15)
(-105.304192 -60.54805905 -3.289609158e-15)
(-105.3381328 -60.56794614 -3.681068085e-15)
(-105.3719028 -60.58773074 -3.429991387e-15)
(-105.4055134 -60.60741991 -3.30271407e-15)
(-105.4389686 -60.62701661 -3.28003222e-15)
(-105.4722593 -60.6465128 -3.35198062e-15)
(-105.5053908 -60.66591327 -3.305146639e-15)
(-105.5383585 -60.6852152 -3.242869096e-15)
(-105.5711716 -60.70442334 -3.172093444e-15)
(-105.603831 -60.72353779 -3.192199921e-15)
(-105.6363238 -60.74254707 -3.149769841e-15)
(-105.6686505 -60.76145199 -3.101425886e-15)
(-105.7008008 -60.78024521 -3.365555253e-15)
(-105.7327775 -60.79892644 -3.279526043e-15)
(-105.7645739 -60.81749029 -3.15725177e-15)
(-105.7961693 -60.83591939 -3.039040569e-15)
(-105.8275553 -60.8542084 -2.984248875e-15)
(-105.8587122 -60.87234362 -3.180227378e-15)
(-105.8896332 -60.89031841 -3.094668016e-15)
(-105.9203019 -60.90812113 -3.372255204e-15)
(-105.9506875 -60.92572841 -3.260815993e-15)
(-105.980772 -60.94312944 -3.463185082e-15)
(-106.0105269 -60.96030548 -3.241420862e-15)
(-106.0399338 -60.97724404 -3.181653543e-15)
(-106.0689743 -60.99393308 -3.161240912e-15)
(-106.0976161 -61.01035337 -3.295596261e-15)
(-106.1258272 -61.02648302 -3.671808615e-15)
(-106.1535811 -61.04230873 -3.356293852e-15)
(-106.1808594 -61.05782105 -3.210324836e-15)
(-106.2076466 -61.07301255 -3.216099034e-15)
(-106.2339153 -61.08787031 -3.515117723e-15)
(-106.2596414 -61.10238051 -3.786905182e-15)
(-106.2848141 -61.11654271 -3.628445772e-15)
(-106.3094168 -61.13035218 -3.52220544e-15)
(-106.333452 -61.14381562 -3.292977236e-15)
(-106.3569187 -61.15693907 -3.310960824e-15)
(-106.3798086 -61.1697211 -3.356958419e-15)
(-106.402133 -61.18217706 -3.40544702e-15)
(-106.423899 -61.19431847 -3.390201808e-15)
(-106.4451337 -61.20616835 -3.170996797e-15)
(-106.4658617 -61.21774881 -3.410455237e-15)
(-106.4860999 -61.22907388 -3.366768074e-15)
(-106.5058848 -61.24017346 -3.297635805e-15)
(-106.5252475 -61.25107234 -3.29088862e-15)
(-106.544238 -61.26180526 -3.266532466e-15)
(-106.5629014 -61.27240424 -3.222909744e-15)
(-106.5812732 -61.28289128 -3.160736994e-15)
(-106.5993974 -61.29331079 -3.23528875e-15)
(-106.6164998 -61.30475525 -3.236402709e-15)
)
;
    }
    outlet
    {
        type            calculated;
        value           uniform (0 0 0);
    }
    front
    {
        type            wedge;
    }
    back
    {
        type            wedge;
    }
}


// ************************************************************************* //
