/*--------------------------------*- C++ -*----------------------------------*\
| =========                 |                                                 |
| \\      /  F ield         | OpenFOAM: The Open Source CFD Toolbox           |
|  \\    /   O peration     | Version:  v1706                                 |
|   \\  /    A nd           | Web:      www.OpenFOAM.com                      |
|    \\/     M anipulation  |                                                 |
\*---------------------------------------------------------------------------*/
FoamFile
{
    version     2.0;
    format      ascii;
    class       volVectorField;
    location    "0.00382";
    object      wallShearStress;
}
// * * * * * * * * * * * * * * * * * * * * * * * * * * * * * * * * * * * * * //

dimensions      [1 -1 -2 0 0 0 0];


internalField   uniform (0 0 0);

boundaryField
{
    inlet
    {
        type            calculated;
        value           uniform (0 0 0);
    }
    object
    {
        type            calculated;
        value           nonuniform List<vector> 
300
(
(-0.8856426398 -0.8403808043 -5.875529908e-14)
(-0.8414187257 -1.365359443 -4.493240481e-14)
(-0.855698725 -2.102791226 -3.191129271e-14)
(-0.8745810607 -2.866130571 -1.78007199e-14)
(-0.9004692444 -3.630217818 -2.548983072e-14)
(-0.9334892109 -4.387696485 -3.839481681e-14)
(-0.973620314 -5.135414784 -3.295423307e-14)
(-1.020833217 -5.871795226 -3.70158102e-14)
(-1.075096586 -6.596070162 -3.43859679e-14)
(-1.136373072 -7.307980051 -2.56022877e-14)
(-1.204616684 -8.007616834 -2.100077728e-14)
(-1.279772382 -8.695322448 -1.488321907e-14)
(-1.36177721 -9.371612999 -1.079865988e-14)
(-1.450562321 -10.03711884 -4.256264862e-15)
(-1.546055278 -10.69253636 -1.296551186e-14)
(-1.648182287 -11.33859008 -8.585689688e-15)
(-1.756870148 -11.97600331 1.369682056e-16)
(-1.872047777 -12.60547656 4.162557946e-15)
(-1.993647325 -13.22767249 3.556667173e-15)
(-2.121604914 -13.84320606 3.509937943e-15)
(-2.25586103 -14.45263914 9.184526201e-15)
(-2.396360677 -15.05647828 5.971609171e-15)
(-2.543053347 -15.65517518 5.129918121e-16)
(-2.695892869 -16.24912867 1.922352479e-15)
(-2.854837218 -16.83868831 8.098132042e-16)
(-3.019848283 -17.42415861 2.651582859e-15)
(-3.190891669 -18.00580354 -2.030228455e-15)
(-3.367936512 -18.58385166 -4.104618392e-15)
(-3.550955388 -19.15850104 -2.889580918e-15)
(-3.739924225 -19.72992405 -2.417545703e-15)
(-3.934822277 -20.29827197 -9.308381656e-16)
(-4.135632148 -20.86367946 -1.810635057e-15)
(-4.342339722 -21.42626789 -2.96799676e-15)
(-4.554934312 -21.98615001 -3.191211278e-15)
(-4.773408381 -22.54343147 -1.818399653e-15)
(-4.997757267 -23.09821252 -4.324875785e-15)
(-5.227978802 -23.65059013 -4.688615483e-15)
(-5.464072599 -24.20065788 -2.832108902e-15)
(-5.706039036 -24.74850501 -3.160918838e-15)
(-5.953877986 -25.29421259 -3.05862865e-15)
(-6.207586751 -25.83784967 -3.256444524e-15)
(-6.467158812 -26.37947044 -5.23933617e-15)
(-6.732581923 -26.91910698 -3.469317249e-15)
(-7.003836736 -27.45676498 -2.902882469e-15)
(-7.280896111 -27.99241963 -2.15193924e-15)
(-7.563724582 -28.52601104 -1.42098258e-15)
(-7.852279976 -29.05744909 -7.72018296e-16)
(-8.146515572 -29.58661628 -7.66658533e-16)
(-8.446381539 -30.11337332 -1.72798433e-16)
(-8.751828728 -30.63757181 -1.499754313e-15)
(-9.062811518 -31.15906507 -1.448544846e-15)
(-9.379289343 -31.67771566 -1.5870967e-15)
(-9.701228916 -32.19340755 -7.327968656e-16)
(-10.02860579 -32.70605405 -7.173673927e-16)
(-10.36140321 -33.21559731 -1.253951694e-15)
(-10.69961102 -33.72200995 9.830570162e-17)
(-11.04322403 -34.22529174 1.158741791e-15)
(-11.39223753 -34.72545794 5.308275435e-16)
(-11.74664425 -35.22253195 1.678709335e-15)
(-12.10643037 -35.71653098 2.703826783e-15)
(-12.47157212 -36.20745299 1.226686879e-15)
(-12.84203558 -36.69527022 1.111311215e-15)
(-13.21777799 -37.17992527 2.672198567e-16)
(-13.59875109 -37.66133336 6.540626527e-16)
(-13.98490665 -38.13939588 4.778065471e-16)
(-14.37620439 -38.61401834 9.496811417e-16)
(-14.77261262 -39.08511732 -2.375512429e-17)
(-15.17411339 -39.55264249 -1.137260484e-15)
(-15.58070025 -40.01657768 -1.883596598e-15)
(-15.99237257 -40.47693614 -2.447342258e-15)
(-16.40912959 -40.93374865 -2.148048016e-15)
(-16.83096112 -41.38704203 -2.14030976e-15)
(-17.25784305 -41.83682293 -1.69017905e-15)
(-17.68973458 -42.28305895 -1.285715351e-15)
(-18.12658293 -42.72567755 -1.99223249e-15)
(-18.56833417 -43.1645834 -2.595438424e-15)
(-19.0149446 -43.59967871 -1.954396017e-15)
(-19.46639053 -44.03089294 -1.405030447e-15)
(-19.92267473 -44.45821128 -6.742498043e-16)
(-20.38382007 -44.8816749 -6.469918959e-16)
(-20.84985413 -45.30136217 1.267551479e-16)
(-21.32079392 -45.7173619 -2.056294169e-16)
(-21.79662796 -46.12972652 1.666059451e-16)
(-22.27730741 -46.53843522 -3.556989989e-16)
(-22.76275352 -46.94338662 2.62506334e-16)
(-23.25287661 -47.34442213 5.866742024e-16)
(-23.74760102 -47.74137607 1.155482607e-15)
(-24.24688449 -48.13413039 6.0212131e-16)
(-24.75072236 -48.52264659 -5.233485838e-18)
(-25.25913066 -48.90695737 -2.554704539e-16)
(-25.77211782 -49.28712132 -7.124230082e-17)
(-26.28966414 -49.66317043 6.884620508e-16)
(-26.81170928 -50.03506036 1.072295577e-15)
(-27.33816334 -50.4026695 1.880396609e-15)
(-27.86893833 -50.76584751 1.407259727e-15)
(-28.40397311 -51.12446704 4.476083223e-16)
(-28.9432418 -51.478464 4.565698161e-16)
(-29.48675273 -51.82785533 4.951504626e-16)
(-30.03452213 -52.172698 3.68948907e-16)
(-30.5865495 -52.51304172 -4.049347447e-16)
(-31.14280784 -52.84889362 1.115175501e-16)
(-31.70323975 -53.18020192 6.426944071e-16)
(-32.26777407 -53.50687416 9.563200893e-16)
(-32.83634603 -53.82881436 5.918857301e-16)
(-33.40891505 -54.14595234 5.22950938e-16)
(-33.98546883 -54.45826748 8.123351302e-16)
(-34.56603287 -54.76581021 3.379777722e-16)
(-35.15064065 -55.0686644 3.952686603e-16)
(-35.73930265 -55.36689487 1.589482494e-16)
(-36.33198372 -55.66049887 -2.727427947e-16)
(-36.92861491 -55.949401 -4.086578103e-16)
(-37.52911349 -56.2334799 4.292023888e-16)
(-38.13343376 -56.51265743 4.600845464e-16)
(-38.74158776 -56.78694597 3.43794505e-16)
(-39.35361081 -57.05641372 9.502749024e-16)
(-39.96954119 -57.32115035 -4.579985511e-17)
(-40.58938641 -57.58120123 3.888716975e-16)
(-41.21311055 -57.8365368 7.279554198e-17)
(-41.84065798 -58.08709473 -6.110249899e-16)
(-42.47198812 -58.33283156 -5.460699614e-16)
(-43.10702001 -58.57364689 -1.45658565e-15)
(-43.74568782 -58.80944614 -3.376439078e-16)
(-44.38798272 -59.04021843 -6.258409743e-16)
(-45.03392156 -59.2660052 -1.164458588e-15)
(-45.68351147 -59.48680613 -7.489422403e-16)
(-46.33692608 -59.70281217 -1.513299543e-15)
(-46.99458118 -59.91451718 -1.350541388e-15)
(-47.65755111 -60.12260218 -1.712836628e-15)
(-48.33130731 -60.33406111 -1.343144852e-15)
(-49.01104281 -60.54231487 -1.085909045e-15)
(-49.67918503 -60.72892943 -9.586781651e-16)
(-50.3487533 -60.90744725 -1.172791397e-15)
(-51.02161611 -61.08106685 -8.229866644e-16)
(-51.69828234 -61.25033601 -9.264265944e-16)
(-52.37879438 -61.41519877 -1.76710561e-15)
(-53.06306072 -61.57547993 -1.666976428e-15)
(-53.75095601 -61.73099987 -1.921652042e-15)
(-54.44236392 -61.88160725 -1.524452765e-15)
(-55.13717502 -62.02716765 -1.37223683e-15)
(-55.83528332 -62.16755823 -1.301695203e-15)
(-56.53659648 -62.30267721 -1.16480771e-15)
(-57.24102803 -62.43243307 -9.240417317e-16)
(-57.94850041 -62.55674537 -8.297487134e-16)
(-58.65893995 -62.67554102 -6.381826396e-16)
(-59.37228494 -62.78876148 -7.938632429e-16)
(-60.08847691 -62.89635945 -8.819142661e-16)
(-60.80748266 -62.99831045 -1.011917253e-15)
(-61.52926887 -63.09459446 -1.326261888e-15)
(-62.25381693 -63.18520888 -1.030416196e-15)
(-62.98111953 -63.27016272 -5.297200526e-16)
(-63.71117751 -63.34947051 -5.334234708e-16)
(-64.44398762 -63.42314039 -6.646090261e-16)
(-65.17954438 -63.49118036 -6.477433321e-16)
(-65.91784724 -63.55359881 -5.788848252e-16)
(-66.65888048 -63.61038868 -8.404678294e-16)
(-67.40262282 -63.66153594 -1.13898205e-15)
(-68.14905296 -63.7070226 -1.199708331e-15)
(-68.89813097 -63.7468137 -1.218795467e-15)
(-69.64980929 -63.78086928 -1.431160667e-15)
(-70.40405095 -63.80915966 -1.451307729e-15)
(-71.16080686 -63.83164164 -1.191193229e-15)
(-71.92001447 -63.84826389 -1.16753631e-15)
(-72.68162938 -63.85899261 -1.403117868e-15)
(-73.44559854 -63.86378712 -1.14764635e-15)
(-74.21187325 -63.86261328 -9.733166272e-16)
(-74.98041054 -63.85544229 -1.280287007e-15)
(-75.75116037 -63.84224218 -1.014835401e-15)
(-76.52409427 -63.8229992 -1.006383775e-15)
(-77.29918285 -63.79769872 -1.415588027e-15)
(-78.07639235 -63.7663208 -1.267386868e-15)
(-78.85568463 -63.72884671 -1.510180055e-15)
(-79.63705228 -63.6852822 -1.514260228e-15)
(-80.42047232 -63.63561695 -1.620104817e-15)
(-81.20592423 -63.57984529 -1.410944282e-15)
(-81.9933992 -63.51797053 -1.521178449e-15)
(-82.78288452 -63.44999031 -1.64945729e-15)
(-83.5743715 -63.37590508 -1.48295103e-15)
(-84.36784535 -63.29570986 -1.322758105e-15)
(-85.1632913 -63.20939826 -1.341581036e-15)
(-85.9606985 -63.11696475 -1.154142537e-15)
(-86.76004023 -63.01839206 -1.150209259e-15)
(-87.5612987 -62.91366954 -1.043170594e-15)
(-88.36445278 -62.80278238 -1.178722156e-15)
(-89.16946718 -62.68570502 -1.090213173e-15)
(-89.97630621 -62.56241251 -8.976634001e-16)
(-90.78493966 -62.43288329 -8.943375891e-16)
(-91.59531984 -62.29708748 -1.056596584e-15)
(-92.40741151 -62.15499986 -1.13054026e-15)
(-93.22117744 -62.00659559 -8.352129295e-16)
(-94.03657358 -61.85184522 -2.854265901e-16)
(-94.85355081 -61.69071747 -1.134934748e-15)
(-95.67207666 -61.52319422 -5.374530387e-16)
(-96.49210589 -61.34924876 -5.678619829e-16)
(-97.3136061 -61.16886503 -7.255958992e-16)
(-98.1365273 -60.98201356 -5.398907673e-16)
(-98.96084056 -60.78868107 -5.059151817e-16)
(-99.78651505 -60.58885229 -2.303402646e-16)
(-100.6135059 -60.38250484 -5.573074424e-16)
(-101.4417878 -60.16964502 -2.313345882e-16)
(-102.2770852 -59.96175319 -4.264906527e-16)
(-102.8328749 -59.79965984 -3.250106117e-16)
(-103.1223038 -59.58411684 -4.569205245e-16)
(-103.2959166 -59.47770925 -5.095386248e-16)
(-103.4048132 -59.444616 -4.126712439e-16)
(-103.4804808 -59.45186109 -5.734654947e-16)
(-103.539804 -59.47740179 -6.577737798e-16)
(-103.5912399 -59.50924098 -2.874944113e-16)
(-103.6387806 -59.54186364 -5.22418566e-16)
(-103.6842049 -59.57323217 -8.538036871e-16)
(-103.7282736 -59.60290466 -1.130909157e-15)
(-103.7713402 -59.63106157 -1.383253926e-15)
(-103.8135862 -59.65802653 -1.126668237e-15)
(-103.8551451 -59.68410429 -1.080662479e-15)
(-103.8961271 -59.70952862 -1.210929604e-15)
(-103.9366158 -59.7344582 -1.447897376e-15)
(-103.9766825 -59.75899768 -1.6013193e-15)
(-104.0163916 -59.78322467 -1.535274621e-15)
(-104.0558038 -59.80719684 -1.676967573e-15)
(-104.0949703 -59.83095764 -1.551822585e-15)
(-104.1339207 -59.85453346 -1.667585075e-15)
(-104.1726771 -59.87794069 -1.83624935e-15)
(-104.2112657 -59.90120119 -2.102518087e-15)
(-104.2496982 -59.9243259 -1.958299838e-15)
(-104.2879965 -59.94733072 -1.818997627e-15)
(-104.3261719 -59.97022518 -1.884923305e-15)
(-104.3642199 -59.99300613 -1.876620458e-15)
(-104.4021483 -60.01568186 -2.039249577e-15)
(-104.4399534 -60.03825223 -2.029237663e-15)
(-104.4776444 -60.06072411 -1.98562263e-15)
(-104.5152221 -60.0830997 -2.064780855e-15)
(-104.5526732 -60.10536989 -2.039548609e-15)
(-104.5899985 -60.12753825 -2.054777681e-15)
(-104.6271887 -60.14960101 -2.08976603e-15)
(-104.6642489 -60.17156233 -2.131110168e-15)
(-104.7011765 -60.19342246 -2.090555102e-15)
(-104.7379562 -60.21517101 -2.08354707e-15)
(-104.7745875 -60.2368109 -2.109490975e-15)
(-104.8110607 -60.25833817 -2.072218099e-15)
(-104.8473811 -60.2797572 -2.08142396e-15)
(-104.8835468 -60.3010688 -2.342350714e-15)
(-104.919544 -60.3222634 -2.590417118e-15)
(-104.9553738 -60.34334496 -2.863648029e-15)
(-104.9910284 -60.36431051 -2.800118272e-15)
(-105.0265123 -60.38516388 -2.694416751e-15)
(-105.0618312 -60.40590975 -2.622932076e-15)
(-105.0969778 -60.42654573 -2.742977371e-15)
(-105.1319459 -60.44706649 -3.010729291e-15)
(-105.1667344 -60.46747458 -2.854382571e-15)
(-105.2013503 -60.48777527 -2.736503414e-15)
(-105.2358016 -60.50797439 -2.771925245e-15)
(-105.2700837 -60.5280705 -3.119922037e-15)
(-105.304192 -60.54805905 -3.334798489e-15)
(-105.3381328 -60.56794614 -3.609227728e-15)
(-105.3719028 -60.58773074 -3.439810693e-15)
(-105.4055134 -60.60741991 -3.31324706e-15)
(-105.4389686 -60.62701661 -3.289856925e-15)
(-105.4722593 -60.6465128 -3.370171007e-15)
(-105.5053908 -60.66591327 -3.317199969e-15)
(-105.5383585 -60.68521519 -3.248887424e-15)
(-105.5711716 -60.70442333 -3.175938533e-15)
(-105.603831 -60.72353779 -3.190656816e-15)
(-105.6363238 -60.74254707 -3.162486471e-15)
(-105.6686505 -60.76145199 -3.106001684e-15)
(-105.7008008 -60.7802452 -3.35163766e-15)
(-105.7327775 -60.79892644 -3.281025658e-15)
(-105.7645739 -60.81749029 -3.148496067e-15)
(-105.7961693 -60.83591939 -3.038963172e-15)
(-105.8275553 -60.8542084 -2.978659095e-15)
(-105.8587122 -60.87234362 -3.30707073e-15)
(-105.8896332 -60.89031841 -3.093887644e-15)
(-105.9203019 -60.90812113 -3.395435833e-15)
(-105.9506875 -60.92572841 -3.278371723e-15)
(-105.980772 -60.94312944 -3.49379817e-15)
(-106.0105269 -60.96030548 -3.273984919e-15)
(-106.0399338 -60.97724404 -3.200510442e-15)
(-106.0689743 -60.99393308 -3.176406836e-15)
(-106.0976161 -61.01035337 -3.381009966e-15)
(-106.1258272 -61.02648302 -3.561492389e-15)
(-106.1535811 -61.04230873 -3.370959254e-15)
(-106.1808594 -61.05782105 -3.213052487e-15)
(-106.2076466 -61.07301255 -3.212150799e-15)
(-106.2339153 -61.08787031 -3.561002407e-15)
(-106.2596414 -61.10238051 -3.704104942e-15)
(-106.2848141 -61.11654271 -3.614139829e-15)
(-106.3094168 -61.13035218 -3.51024836e-15)
(-106.3334519 -61.14381562 -3.346743917e-15)
(-106.3569187 -61.15693907 -3.303303658e-15)
(-106.3798086 -61.1697211 -3.35420226e-15)
(-106.402133 -61.18217706 -3.400772527e-15)
(-106.423899 -61.19431847 -3.385890884e-15)
(-106.4451337 -61.20616835 -3.239316777e-15)
(-106.4658617 -61.2177488 -3.4243383e-15)
(-106.4860999 -61.22907387 -3.362730727e-15)
(-106.5058848 -61.24017346 -3.292965813e-15)
(-106.5252475 -61.25107233 -3.2846082e-15)
(-106.544238 -61.26180526 -3.25961828e-15)
(-106.5629014 -61.27240424 -3.219853177e-15)
(-106.5812732 -61.28289127 -3.146305667e-15)
(-106.5993974 -61.29331079 -3.221517911e-15)
(-106.6164998 -61.30475525 -3.204994258e-15)
)
;
    }
    outlet
    {
        type            calculated;
        value           uniform (0 0 0);
    }
    front
    {
        type            wedge;
    }
    back
    {
        type            wedge;
    }
}


// ************************************************************************* //
