/*--------------------------------*- C++ -*----------------------------------*\
| =========                 |                                                 |
| \\      /  F ield         | OpenFOAM: The Open Source CFD Toolbox           |
|  \\    /   O peration     | Version:  v1706                                 |
|   \\  /    A nd           | Web:      www.OpenFOAM.com                      |
|    \\/     M anipulation  |                                                 |
\*---------------------------------------------------------------------------*/
FoamFile
{
    version     2.0;
    format      ascii;
    class       volVectorField;
    location    "0.00215";
    object      wallShearStress;
}
// * * * * * * * * * * * * * * * * * * * * * * * * * * * * * * * * * * * * * //

dimensions      [1 -1 -2 0 0 0 0];


internalField   uniform (0 0 0);

boundaryField
{
    inlet
    {
        type            calculated;
        value           nonuniform 0();
    }
    object
    {
        type            calculated;
        value           nonuniform List<vector> 
196
(
(-0.1936208011 -0.09113856035 0.002072518794)
(-0.1842023722 -0.1493469476 0.002087759675)
(-0.1855474967 -0.2314579594 0.00210594846)
(-0.1866760076 -0.317498791 0.002129007182)
(-0.1880974319 -0.4049164322 0.00215703705)
(-0.1898464931 -0.4930437222 0.002189811917)
(-0.1919226926 -0.5816334901 0.002226983954)
(-0.194321616 -0.6705725641 0.002268155786)
(-0.1970388945 -0.7598000701 0.00231290776)
(-0.2000707554 -0.8492781188 0.002360815055)
(-0.2034140643 -0.9389795512 0.002411457152)
(-0.2070662766 -1.028882472 0.002464420228)
(-0.2110253053 -1.118967526 0.002519300418)
(-0.2152895049 -1.209216581 0.002575708975)
(-0.219857555 -1.29961209 0.002633268546)
(-0.2247284456 -1.3901368 0.002691614568)
(-0.2299013991 -1.48077366 0.002750398187)
(-0.2353758651 -1.571505821 0.002809282485)
(-0.2411514593 -1.66231671 0.002867942889)
(-0.2472279757 -1.753190083 0.002926068732)
(-0.2536053233 -1.844110232 0.002983360297)
(-0.2602834922 -1.935061944 0.003039529129)
(-0.2672625513 -2.026030629 0.003094296909)
(-0.2745426725 -2.117002457 0.003147395824)
(-0.2821240715 -2.207964298 0.003198567077)
(-0.2900070246 -2.298903975 0.003247560289)
(-0.2981918357 -2.389810079 0.00329413402)
(-0.3066788475 -2.480672307 0.003338053834)
(-0.3154684087 -2.571481083 0.00337909193)
(-0.324560869 -2.662227949 0.003417029209)
(-0.3339566308 -2.752905296 0.003451651104)
(-0.3436560769 -2.84350649 0.003482748691)
(-0.353659618 -2.934025884 0.003510118678)
(-0.3639676563 -3.024458654 0.003533562497)
(-0.3745806324 -3.114800957 0.003552885899)
(-0.3854989375 -3.20504976 0.003567902908)
(-0.396722964 -3.295202758 0.003578427154)
(-0.4082531598 -3.385258549 0.003584272687)
(-0.4200899026 -3.475216352 0.003585261456)
(-0.4322336651 -3.565076144 0.00358121713)
(-0.4446848923 -3.654838567 0.003571967567)
(-0.4574439817 -3.744504814 0.003557342281)
(-0.4705113598 -3.834076627 0.003537166156)
(-0.4838874591 -3.923556141 0.003511275133)
(-0.4975728318 -4.012946206 0.003479506822)
(-0.5115678549 -4.102249871 0.003441691177)
(-0.5258730401 -4.191470577 0.003397670232)
(-0.5404888951 -4.280612235 0.003347278586)
(-0.5554159206 -4.369678941 0.003290352014)
(-0.5706545943 -4.458675053 0.003226726893)
(-0.5862054711 -4.547605037 0.003156252689)
(-0.6020690866 -4.636473776 0.003078767937)
(-0.618246032 -4.725286064 0.002994110986)
(-0.6347368813 -4.814046935 0.002902127617)
(-0.6515421852 -4.902761696 0.002802650614)
(-0.6686625736 -4.991435174 0.00269552353)
(-0.6860986653 -5.080072734 0.002580590666)
(-0.7038511747 -5.168679618 0.002457682796)
(-0.7219208053 -5.257261239 0.002326653565)
(-0.7403081435 -5.34582259 0.002187338722)
(-0.7590139243 -5.434369165 0.002039571452)
(-0.7780388735 -5.522905845 0.001883189763)
(-0.7973837736 -5.611437737 0.001718034807)
(-0.8170493357 -5.699970032 0.001543946892)
(-0.8370362708 -5.788507549 0.001360762587)
(-0.857345501 -5.877055186 0.001168323861)
(-0.8779778062 -5.965617669 0.0009664591457)
(-0.898933997 -6.054199871 0.0007550185179)
(-0.9202148877 -6.142805998 0.0005338311615)
(-0.9418213254 -6.231440594 0.0003027240949)
(-0.9637541932 -6.320108158 6.153315107e-05)
(-0.9860143271 -6.408812524 -0.0001899030572)
(-1.008602706 -6.497557926 -0.0004517464121)
(-1.031520193 -6.58634838 -0.0007241840917)
(-1.054767593 -6.67518743 -0.001007368269)
(-1.078345991 -6.764078755 -0.001301472332)
(-1.102256265 -6.853025981 -0.001606668968)
(-1.126499323 -6.942032223 -0.001923127023)
(-1.151076011 -7.031100953 -0.002251021004)
(-1.175987395 -7.12023508 -0.002590500604)
(-1.201234281 -7.209437366 -0.002941749899)
(-1.226817658 -7.298710722 -0.003304948322)
(-1.252738402 -7.388057415 -0.003680241558)
(-1.278997634 -7.47748018 -0.004067832977)
(-1.30559604 -7.566981001 -0.004467891484)
(-1.332534653 -7.656562014 -0.004880572958)
(-1.359814331 -7.746225062 -0.005306059431)
(-1.387436079 -7.835971955 -0.005744523431)
(-1.415400639 -7.925804291 -0.006196130339)
(-1.443708859 -8.015723089 -0.006661039897)
(-1.472361737 -8.105729984 -0.007139441781)
(-1.501359965 -8.195825441 -0.007631515978)
(-1.530704515 -8.286010872 -0.008137448985)
(-1.560396022 -8.376286451 -0.00865739917)
(-1.590435303 -8.466652737 -0.009191514906)
(-1.620823214 -8.557110062 -0.009739974124)
(-1.651560393 -8.647658656 -0.0103029509)
(-1.682647381 -8.738297851 -0.01088064124)
(-1.714085053 -8.829027797 -0.01147318115)
(-1.74587389 -8.91984751 -0.01208074875)
(-1.778014518 -9.010756527 -0.01270351893)
(-1.810507477 -9.101753846 -0.01334163995)
(-1.843353367 -9.192838229 -0.01399529051)
(-1.876552513 -9.28400822 -0.01466463128)
(-1.910105398 -9.375262391 -0.01534981234)
(-1.944012556 -9.466599088 -0.01605102597)
(-1.978273962 -9.558015875 -0.01676843424)
(-2.012890159 -9.649510828 -0.01750219392)
(-2.047861286 -9.741081255 -0.01825241301)
(-2.08318761 -9.832724836 -0.0190192563)
(-2.118869039 -9.924438415 -0.01980291574)
(-2.154905835 -10.01621864 -0.02060349908)
(-2.191297961 -10.10806296 -0.0214211798)
(-2.22804533 -10.1999671 -0.02225605867)
(-2.265147651 -10.29192732 -0.02310830156)
(-2.302604861 -10.38393985 -0.0239780629)
(-2.340416699 -10.47600042 -0.02486545184)
(-2.378582871 -10.56810454 -0.02577061386)
(-2.417102902 -10.66024758 -0.02669363794)
(-2.455976174 -10.75242434 -0.02763469057)
(-2.495202173 -10.84462981 -0.02859387078)
(-2.534780407 -10.93685857 -0.02957134005)
(-2.574709927 -11.02910496 -0.03056711766)
(-2.614989863 -11.12136279 -0.03158136631)
(-2.655619434 -11.21362642 -0.03261419831)
(-2.696597725 -11.30588937 -0.03366571517)
(-2.737923436 -11.39814495 -0.03473594241)
(-2.779595462 -11.49038628 -0.03582503828)
(-2.821612568 -11.5826066 -0.03693301259)
(-2.863973206 -11.67479799 -0.03805994126)
(-2.906676255 -11.76695386 -0.03920594095)
(-2.949719691 -11.85906572 -0.04037103674)
(-2.99310224 -11.95112599 -0.04155531305)
(-3.036822021 -12.04312658 -0.04275882276)
(-3.080876865 -12.13505891 -0.04398152199)
(-3.125265092 -12.22691428 -0.04522354595)
(-3.169984694 -12.31868431 -0.04648483235)
(-3.21503349 -12.41035974 -0.04776544964)
(-3.260408876 -12.5019311 -0.04906546211)
(-3.30610886 -12.59338991 -0.05038480891)
(-3.352130585 -12.68472568 -0.05172352358)
(-3.398471589 -12.77592886 -0.05308152335)
(-3.445129244 -12.86698963 -0.05445888109)
(-3.492100678 -12.95789806 -0.05585545124)
(-3.539382997 -13.04864403 -0.05727128913)
(-3.586973052 -13.13921607 -0.05870637097)
(-3.634868025 -13.22960484 -0.06016057862)
(-3.683064318 -13.31979926 -0.06163393766)
(-3.731558595 -13.40978809 -0.06312622403)
(-3.780347497 -13.49956044 -0.06463742764)
(-3.829427367 -13.58910513 -0.06616743976)
(-3.878794472 -13.67841088 -0.06771614342)
(-3.928445125 -13.7674662 -0.0692834978)
(-3.978375037 -13.85625918 -0.07086937357)
(-4.028580398 -13.94477872 -0.07247365553)
(-4.079056855 -14.03301227 -0.0740961103)
(-4.129800216 -14.12094792 -0.0757367178)
(-4.180805713 -14.20857327 -0.0773953109)
(-4.232068818 -14.2958764 -0.07907160402)
(-4.283584601 -14.38284443 -0.08076550993)
(-4.335348092 -14.46946435 -0.08247677274)
(-4.387354104 -14.55572271 -0.08420522796)
(-4.439597114 -14.64160674 -0.08595073472)
(-4.492071773 -14.72710291 -0.08771302418)
(-4.544771993 -14.81219688 -0.08949181159)
(-4.597692191 -14.89687495 -0.0912868853)
(-4.650825818 -14.98112242 -0.09309801289)
(-4.70416612 -15.0649239 -0.09492503177)
(-4.757706755 -15.14826517 -0.09676759588)
(-4.811440184 -15.2311298 -0.09862540712)
(-4.865359025 -15.3135012 -0.1004981449)
(-4.919455032 -15.39536232 -0.1023855031)
(-4.973720527 -15.47669665 -0.1042872382)
(-5.028146464 -15.55748551 -0.1062029328)
(-5.082723336 -15.63770946 -0.1081324041)
(-5.137441923 -15.7173491 -0.1100752586)
(-5.192291323 -15.79638318 -0.1120311738)
(-5.247260524 -15.87478952 -0.1139998495)
(-5.302337533 -15.95254532 -0.1159807946)
(-5.357509753 -16.02962546 -0.1179737306)
(-5.412763065 -16.10600312 -0.1199781184)
(-5.468082321 -16.18164977 -0.1219937182)
(-5.523451708 -16.2565359 -0.1240200699)
(-5.578853003 -16.33062768 -0.1260567695)
(-5.634266615 -16.40388925 -0.1281033929)
(-5.689670373 -16.47628072 -0.1301595124)
(-5.745040137 -16.54775898 -0.1322247487)
(-5.80034821 -16.61827546 -0.134298517)
(-5.855562753 -16.68777522 -0.1363804863)
(-5.910648277 -16.75619768 -0.1384703781)
(-5.965562304 -16.82347211 -0.1405677038)
(-6.020255153 -16.8895177 -0.1426721099)
(-6.074666871 -16.95423929 -0.1447835745)
(-6.128724365 -17.01752559 -0.1469021752)
(-6.182332282 -17.07924115 -0.1490283607)
(-6.235357782 -17.13922298 -0.1511632668)
)
;
    }
    outlet
    {
        type            calculated;
        value           nonuniform 0();
    }
    front
    {
        type            wedge;
    }
    back
    {
        type            wedge;
    }
    procBoundary1to0
    {
        type            processor;
        value           uniform (0 0 0);
    }
    procBoundary1to2
    {
        type            processor;
        value           uniform (0 0 0);
    }
    procBoundary1to3
    {
        type            processor;
        value           uniform (0 0 0);
    }
}


// ************************************************************************* //
