/*--------------------------------*- C++ -*----------------------------------*\
| =========                 |                                                 |
| \\      /  F ield         | OpenFOAM: The Open Source CFD Toolbox           |
|  \\    /   O peration     | Version:  v1706                                 |
|   \\  /    A nd           | Web:      www.OpenFOAM.com                      |
|    \\/     M anipulation  |                                                 |
\*---------------------------------------------------------------------------*/
FoamFile
{
    version     2.0;
    format      ascii;
    class       volVectorField;
    location    "0.00222";
    object      wallShearStress;
}
// * * * * * * * * * * * * * * * * * * * * * * * * * * * * * * * * * * * * * //

dimensions      [1 -1 -2 0 0 0 0];


internalField   uniform (0 0 0);

boundaryField
{
    inlet
    {
        type            calculated;
        value           nonuniform 0();
    }
    object
    {
        type            calculated;
        value           nonuniform List<vector> 
204
(
(-6.286787887 -17.19251983 -0.1537322128)
(-6.338070228 -17.24946652 -0.1559094523)
(-6.38682578 -17.3041667 -0.1581104928)
(-6.429639315 -17.35658343 -0.1603494095)
(-6.467575499 -17.41190773 -0.1626906342)
(-6.504441941 -17.47846413 -0.1650695837)
(-6.539165105 -17.55378061 -0.1674622312)
(-6.572966387 -17.63450756 -0.1698681265)
(-6.606749588 -17.71879503 -0.1722866788)
(-6.640902612 -17.80576692 -0.1747171172)
(-6.675573245 -17.89498165 -0.1771585515)
(-6.710811936 -17.98619726 -0.1796100158)
(-6.7466327 -18.07926683 -0.1820707127)
(-6.783038168 -18.17409663 -0.1845397898)
(-6.820028321 -18.27062302 -0.1870162764)
(-6.85760354 -18.36880326 -0.1894994405)
(-6.895765259 -18.46860902 -0.1919882399)
(-6.93451685 -18.57002474 -0.1944818482)
(-6.973862478 -18.67304224 -0.1969793081)
(-7.01380736 -18.7776606 -0.1994799503)
(-7.054359119 -18.88388567 -0.2019828127)
(-7.095525395 -18.99172764 -0.2044870458)
(-7.137315143 -19.10120064 -0.2069918348)
(-7.179738003 -19.21232311 -0.2094963651)
(-7.222805366 -19.32511753 -0.2119997734)
(-7.266528314 -19.4396081 -0.2145010737)
(-7.310919954 -19.55582332 -0.2169996511)
(-7.355992783 -19.67379217 -0.2194947836)
(-7.401761461 -19.79354902 -0.2219855272)
(-7.448240988 -19.91512888 -0.224471208)
(-7.495446819 -20.03856917 -0.2269510013)
(-7.543395127 -20.1639094 -0.2294241626)
(-7.592103703 -20.291193 -0.2318899817)
(-7.641590401 -20.42046346 -0.2343477062)
(-7.69187393 -20.55176764 -0.2367966052)
(-7.742974334 -20.68515505 -0.2392359048)
(-7.794911979 -20.82067625 -0.2416651677)
(-7.847708427 -20.95838536 -0.2440836312)
(-7.901385687 -21.09833726 -0.2464906358)
(-7.955967432 -21.24059128 -0.2488856961)
(-8.011477862 -21.38520792 -0.2512678859)
(-8.067942369 -21.53225074 -0.2536367083)
(-8.125386707 -21.68178454 -0.2559916619)
(-8.183838898 -21.83387946 -0.2583319788)
(-8.243327828 -21.98860755 -0.260657332)
(-8.303882653 -22.14604188 -0.2629671453)
(-8.365534911 -22.30626134 -0.2652609204)
(-8.428316953 -22.46934704 -0.2675379633)
(-8.492262817 -22.63538366 -0.2697980019)
(-8.557407839 -22.80445891 -0.2720405497)
(-8.623788261 -22.97666398 -0.2742652047)
(-8.691443869 -23.15209694 -0.2764714077)
(-8.76041464 -23.33085756 -0.2786586629)
(-8.83074246 -23.51304976 -0.2808266212)
(-8.902472588 -23.69878488 -0.2829750889)
(-8.975650446 -23.88817554 -0.2851035717)
(-9.050324468 -24.0813413 -0.2872118457)
(-9.126545869 -24.27840862 -0.28929961)
(-9.20436894 -24.47950989 -0.2913662819)
(-9.283849285 -24.68478232 -0.2934118975)
(-9.365046608 -24.89437153 -0.2954360045)
(-9.448022835 -25.1084297 -0.2974386252)
(-9.532843866 -25.32711668 -0.2994192799)
(-9.619580158 -25.55060284 -0.3013777798)
(-9.708303169 -25.7790625 -0.303314069)
(-9.79909174 -26.01268644 -0.3052280571)
(-9.892027188 -26.25167002 -0.3071195612)
(-9.987197241 -26.49622412 -0.3089883269)
(-10.08469471 -26.74657139 -0.3108344246)
(-10.18461792 -27.00294685 -0.3126576431)
(-10.28707259 -27.26560109 -0.3144581434)
(-10.39216929 -27.53479723 -0.3162356251)
(-10.50002965 -27.81082156 -0.3179902378)
(-10.61078234 -28.09397767 -0.3197218234)
(-10.72456605 -28.38458878 -0.3214306659)
(-10.84152882 -28.68300108 -0.3231166105)
(-10.96183342 -28.98959175 -0.324779862)
(-11.08565348 -29.30476114 -0.3264205925)
(-11.21317931 -29.62894574 -0.3280387644)
(-11.34461842 -29.9626181 -0.329634524)
(-11.48019563 -30.30628784 -0.3312080461)
(-11.62016086 -30.66051789 -0.3327593775)
(-11.76478589 -31.02591504 -0.3342890059)
(-11.91437549 -31.40315474 -0.3357971001)
(-12.06926566 -31.79297585 -0.3372838739)
(-12.22983443 -32.19620118 -0.3387496977)
(-12.396503 -32.61373959 -0.3401947611)
(-12.56975236 -33.04661773 -0.3416195104)
(-12.75012914 -33.49598552 -0.3430242509)
(-12.93825751 -33.96314115 -0.3444094314)
(-13.13486392 -34.44957344 -0.3457755806)
(-13.34079777 -34.95699456 -0.3471233337)
(-13.55706464 -35.48739293 -0.3484530017)
(-13.78486838 -36.04309912 -0.3497654072)
(-14.02567228 -36.62687599 -0.3510611607)
(-14.28129449 -37.24206135 -0.352341109)
(-14.55403053 -37.89272816 -0.3536060719)
(-14.84686158 -38.5839577 -0.3548571438)
(-15.16378602 -39.32223781 -0.3560950939)
(-15.51038466 -40.11605386 -0.3573213628)
(-15.89494098 -40.9767904 -0.3585370752)
(-16.33119946 -41.91971474 -0.3597427438)
(-16.84790741 -42.9625674 -0.3609348684)
(-17.53844148 -44.10685938 -0.3620957519)
(-18.44009184 -45.16619804 -0.3617839931)
(-19.22181502 -46.07110966 -0.3610592406)
(-20.00154802 -46.83066144 -0.3602940449)
(-20.80122296 -47.46188852 -0.3594863923)
(-21.61674521 -47.99566 -0.3586355501)
(-22.44384788 -48.45418648 -0.3577412849)
(-23.27910942 -48.85280313 -0.3568041589)
(-24.12000615 -49.20189536 -0.35582467)
(-24.96472012 -49.50846779 -0.3548036561)
(-25.811924 -49.77727567 -0.3537422624)
(-26.6605996 -50.01159088 -0.3526416394)
(-27.50991503 -50.2137108 -0.351503101)
(-28.35915386 -50.3853034 -0.3503278701)
(-29.20766174 -50.52761473 -0.3491172158)
(-30.05482623 -50.64162193 -0.3478726423)
(-30.90005643 -50.72811631 -0.3465955141)
(-31.74277677 -50.78776347 -0.3452871565)
(-32.58242996 -50.82115207 -0.3439492014)
(-33.41846083 -50.82880698 -0.3425829832)
(-34.25033861 -50.81122483 -0.3411900963)
(-35.07752702 -50.76886141 -0.3397718507)
(-35.89951194 -50.70216867 -0.3383296862)
(-36.71579652 -50.61158656 -0.3368650174)
(-37.5258865 -50.49754539 -0.3353794681)
(-38.32931277 -50.36047939 -0.3338743445)
(-39.12561593 -50.20082004 -0.3323509588)
(-39.9143792 -50.01901587 -0.330811006)
(-40.69522005 -49.81550244 -0.3292556842)
(-41.46801595 -49.59068864 -0.3276863009)
(-42.23595124 -49.3395076 -0.3261044876)
(-43.04170053 -49.08929455 -0.3245147953)
(-43.82786622 -48.832922 -0.3229165632)
(-44.58341923 -48.55170349 -0.3213096879)
(-45.32468192 -48.24725696 -0.3196955512)
(-46.05318398 -47.921964 -0.3180753022)
(-46.76940885 -47.57645912 -0.316450078)
(-47.47340234 -47.21133086 -0.3148208815)
(-48.16503304 -46.82718646 -0.3131890513)
(-48.84411309 -46.42464569 -0.3115555732)
(-49.51043008 -46.00431762 -0.3099214109)
(-50.16378567 -45.56680545 -0.3082878035)
(-50.80399156 -45.11269884 -0.3066554051)
(-51.43086572 -44.64256688 -0.3050253439)
(-52.04425072 -44.15697126 -0.3033985599)
(-52.64401926 -43.65647697 -0.3017761315)
(-53.23006749 -43.14165013 -0.3001585536)
(-53.80230254 -42.61304556 -0.2985469295)
(-54.36065401 -42.07121666 -0.2969419914)
(-54.90507573 -41.516721 -0.2953444773)
(-55.43549732 -40.95013274 -0.2937550922)
(-55.9519 -40.37198444 -0.2921748058)
(-56.45429653 -39.78280732 -0.2906039543)
(-56.94270666 -39.18312328 -0.2890435056)
(-57.4171534 -38.5734439 -0.287494257)
(-57.87768116 -37.9542757 -0.2859565791)
(-58.32433681 -37.32611486 -0.2844309672)
(-58.75718275 -36.68944676 -0.2829182661)
(-59.17629064 -36.04474801 -0.2814189083)
(-59.58173619 -35.39248004 -0.2799333793)
(-59.97360914 -34.73309511 -0.2784621433)
(-60.35200551 -34.06703399 -0.2770056956)
(-60.71702525 -33.3947212 -0.2755646946)
(-61.06877937 -32.71657535 -0.2741392601)
(-61.4073833 -32.03299748 -0.2727300126)
(-61.73295478 -31.34437725 -0.2713372919)
(-62.04562039 -30.65109399 -0.2699614364)
(-62.34551243 -29.95351496 -0.268602761)
(-62.63276494 -29.25199729 -0.2672618839)
(-62.90751989 -28.54688214 -0.2659387636)
(-63.16991994 -27.83850685 -0.2646339166)
(-63.42011013 -27.12718952 -0.2633473208)
(-63.65824439 -26.41324385 -0.2620795464)
(-63.88447176 -25.69697087 -0.2608307755)
(-64.09895067 -24.97866024 -0.2596012082)
(-64.30183697 -24.25859481 -0.2583912902)
(-64.49329412 -23.53704332 -0.2572008933)
(-64.67348553 -22.81427221 -0.2560302336)
(-64.84257643 -22.09053267 -0.2548797227)
(-65.00072638 -21.36606581 -0.2537494825)
(-65.14810926 -20.64110759 -0.2526393331)
(-65.28489195 -19.91588678 -0.2515497186)
(-65.41124186 -19.19061951 -0.2504807501)
(-65.52733245 -18.46551529 -0.2494325278)
(-65.63333365 -17.74077829 -0.2484051379)
(-65.72941723 -17.01660045 -0.2473989565)
(-65.81575847 -16.29316969 -0.2464137433)
(-65.89252564 -15.57066711 -0.2454496068)
(-65.95988869 -14.84926283 -0.2445068803)
(-66.01802309 -14.12912032 -0.2435853049)
(-66.06710023 -13.41039997 -0.2426852841)
(-66.10729263 -12.69325573 -0.2418068225)
(-66.1387696 -11.97782784 -0.2409499741)
(-66.16170029 -11.26425852 -0.2401144889)
(-66.17625781 -10.55267784 -0.2393007514)
(-66.18261005 -9.843216724 -0.2385087392)
(-66.1809251 -9.135990315 -0.2377385055)
(-66.171371 -8.43111761 -0.2369900953)
(-66.15411621 -7.728722902 -0.2362635429)
(-66.12999999 -7.029072995 -0.2355591871)
(-66.32708286 -6.402877663 -0.2348767293)
)
;
    }
    outlet
    {
        type            calculated;
        value           uniform (0 0 0);
    }
    front
    {
        type            wedge;
    }
    back
    {
        type            wedge;
    }
    procBoundary3to1
    {
        type            processor;
        value           uniform (0 0 0);
    }
    procBoundary3to2
    {
        type            processor;
        value           uniform (0 0 0);
    }
}


// ************************************************************************* //
